Date_reported,Country_code,Country,WHO_region,New_cases,Cumulative_cases,New_deaths,Cumulative_deaths
2020-01-05,AE,United Arab Emirates,EMRO,0.0,0,0.0,0
2020-01-12,AE,United Arab Emirates,EMRO,0.0,0,0.0,0
2020-01-19,AE,United Arab Emirates,EMRO,0.0,0,0.0,0
2020-01-26,AE,United Arab Emirates,EMRO,0.0,0,0.0,0
2020-02-02,AE,United Arab Emirates,EMRO,5.0,5,0.0,0
2020-02-09,AE,United Arab Emirates,EMRO,2.0,7,0.0,0
2020-02-16,AE,United Arab Emirates,EMRO,1.0,8,0.0,0
2020-02-23,AE,United Arab Emirates,EMRO,5.0,13,0.0,0
2020-03-01,AE,United Arab Emirates,EMRO,6.0,19,0.0,0
2020-03-08,AE,United Arab Emirates,EMRO,26.0,45,0.0,0
2020-03-15,AE,United Arab Emirates,EMRO,41.0,86,0.0,0
2020-03-22,AE,United Arab Emirates,EMRO,67.0,153,2.0,2
2020-03-29,AE,United Arab Emirates,EMRO,315.0,468,0.0,2
2020-04-05,AE,United Arab Emirates,EMRO,1037.0,1505,8.0,10
2020-04-12,AE,United Arab Emirates,EMRO,2231.0,3736,10.0,20
2020-04-19,AE,United Arab Emirates,EMRO,2566.0,6302,17.0,37
2020-04-26,AE,United Arab Emirates,EMRO,3511.0,9813,34.0,71
2020-05-03,AE,United Arab Emirates,EMRO,3786.0,13599,48.0,119
2020-05-10,AE,United Arab Emirates,EMRO,3818.0,17417,66.0,185
2020-05-17,AE,United Arab Emirates,EMRO,5210.0,22627,29.0,214
2020-05-24,AE,United Arab Emirates,EMRO,6077.0,28704,30.0,244
2020-05-31,AE,United Arab Emirates,EMRO,5192.0,33896,18.0,262
2020-06-07,AE,United Arab Emirates,EMRO,4372.0,38268,13.0,275
2020-06-14,AE,United Arab Emirates,EMRO,3722.0,41990,13.0,288
2020-06-21,AE,United Arab Emirates,EMRO,2543.0,44533,13.0,301
2020-06-28,AE,United Arab Emirates,EMRO,2827.0,47360,10.0,311
2020-07-05,AE,United Arab Emirates,EMRO,3497.0,50857,10.0,321
2020-07-12,AE,United Arab Emirates,EMRO,3596.0,54453,10.0,331
2020-07-19,AE,United Arab Emirates,EMRO,2258.0,56711,7.0,338
2020-07-26,AE,United Arab Emirates,EMRO,1851.0,58562,5.0,343
2020-08-02,AE,United Arab Emirates,EMRO,2198.0,60760,8.0,351
2020-08-09,AE,United Arab Emirates,EMRO,1540.0,62300,5.0,356
2020-08-16,AE,United Arab Emirates,EMRO,1802.0,64102,5.0,361
2020-08-23,AE,United Arab Emirates,EMRO,2515.0,66617,11.0,372
2020-08-30,AE,United Arab Emirates,EMRO,2711.0,69328,7.0,379
2020-09-06,AE,United Arab Emirates,EMRO,4143.0,73471,9.0,388
2020-09-13,AE,United Arab Emirates,EMRO,5378.0,78849,11.0,399
2020-09-20,AE,United Arab Emirates,EMRO,5393.0,84242,5.0,404
2020-09-27,AE,United Arab Emirates,EMRO,6376.0,90618,7.0,411
2020-10-04,AE,United Arab Emirates,EMRO,7142.0,97760,15.0,426
2020-10-11,AE,United Arab Emirates,EMRO,7373.0,105133,17.0,443
2020-10-18,AE,United Arab Emirates,EMRO,9254.0,114387,16.0,459
2020-10-25,AE,United Arab Emirates,EMRO,9377.0,123764,16.0,475
2020-11-01,AE,United Arab Emirates,EMRO,8865.0,132629,20.0,495
2020-11-08,AE,United Arab Emirates,EMRO,8403.0,141032,19.0,514
2020-11-15,AE,United Arab Emirates,EMRO,8103.0,149135,14.0,528
2020-11-22,AE,United Arab Emirates,EMRO,8650.0,157785,20.0,548
2020-11-29,AE,United Arab Emirates,EMRO,8717.0,166502,21.0,569
2020-12-06,AE,United Arab Emirates,EMRO,8774.0,175276,20.0,589
2020-12-13,AE,United Arab Emirates,EMRO,8479.0,183755,20.0,609
2020-12-20,AE,United Arab Emirates,EMRO,8649.0,192404,25.0,634
2020-12-27,AE,United Arab Emirates,EMRO,8488.0,200892,21.0,655
2021-01-03,AE,United Arab Emirates,EMRO,10749.0,211641,19.0,674
2021-01-10,AE,United Arab Emirates,EMRO,16061.0,227702,28.0,702
2021-01-17,AE,United Arab Emirates,EMRO,22106.0,249808,38.0,740
2021-01-24,AE,United Arab Emirates,EMRO,24568.0,274376,43.0,783
2021-01-31,AE,United Arab Emirates,EMRO,26285.0,300661,55.0,838
2021-02-07,AE,United Arab Emirates,EMRO,22741.0,323402,76.0,914
2021-02-14,AE,United Arab Emirates,EMRO,22203.0,345605,87.0,1001
2021-02-21,AE,United Arab Emirates,EMRO,22570.0,368175,107.0,1108
2021-02-28,AE,United Arab Emirates,EMRO,20419.0,388594,105.0,1213
2021-03-07,AE,United Arab Emirates,EMRO,19642.0,408236,97.0,1310
2021-03-14,AE,United Arab Emirates,EMRO,16169.0,424405,78.0,1388
2021-03-21,AE,United Arab Emirates,EMRO,14233.0,438638,45.0,1433
2021-03-28,AE,United Arab Emirates,EMRO,14431.0,453069,44.0,1477
2021-04-04,AE,United Arab Emirates,EMRO,14954.0,468023,27.0,1504
2021-04-11,AE,United Arab Emirates,EMRO,13914.0,481937,25.0,1529
2021-04-18,AE,United Arab Emirates,EMRO,13287.0,495224,21.0,1550
2021-04-25,AE,United Arab Emirates,EMRO,13701.0,508925,19.0,1569
2021-05-02,AE,United Arab Emirates,EMRO,13023.0,521948,22.0,1591
2021-05-09,AE,United Arab Emirates,EMRO,12497.0,534445,19.0,1610
2021-05-16,AE,United Arab Emirates,EMRO,10486.0,544931,19.0,1629
2021-05-23,AE,United Arab Emirates,EMRO,9585.0,554516,19.0,1648
2021-05-30,AE,United Arab Emirates,EMRO,12747.0,567263,25.0,1673
2021-06-06,AE,United Arab Emirates,EMRO,13934.0,581197,23.0,1696
2021-06-13,AE,United Arab Emirates,EMRO,14820.0,596017,28.0,1724
2021-06-20,AE,United Arab Emirates,EMRO,14162.0,610179,28.0,1752
2021-06-27,AE,United Arab Emirates,EMRO,14635.0,624814,40.0,1792
2021-07-04,AE,United Arab Emirates,EMRO,13063.0,637877,39.0,1831
2021-07-11,AE,United Arab Emirates,EMRO,10825.0,648702,29.0,1860
2021-07-18,AE,United Arab Emirates,EMRO,10747.0,659449,36.0,1896
2021-07-25,AE,United Arab Emirates,EMRO,10659.0,670108,20.0,1916
2021-08-01,AE,United Arab Emirates,EMRO,10750.0,680858,33.0,1949
2021-08-08,AE,United Arab Emirates,EMRO,10696.0,691554,22.0,1971
2021-08-15,AE,United Arab Emirates,EMRO,9033.0,700587,26.0,1997
2021-08-22,AE,United Arab Emirates,EMRO,7715.0,708302,21.0,2018
2021-08-29,AE,United Arab Emirates,EMRO,7092.0,715394,18.0,2036
2021-09-05,AE,United Arab Emirates,EMRO,6898.0,722292,9.0,2045
2021-09-12,AE,United Arab Emirates,EMRO,5974.0,728266,17.0,2062
2021-09-19,AE,United Arab Emirates,EMRO,4033.0,732299,11.0,2073
2021-09-26,AE,United Arab Emirates,EMRO,2297.0,734596,16.0,2089
2021-10-03,AE,United Arab Emirates,EMRO,1928.0,736524,11.0,2100
2021-10-10,AE,United Arab Emirates,EMRO,1131.0,737655,13.0,2113
2021-10-17,AE,United Arab Emirates,EMRO,832.0,738487,5.0,2118
2021-10-24,AE,United Arab Emirates,EMRO,703.0,739190,11.0,2129
2021-10-31,AE,United Arab Emirates,EMRO,634.0,739824,7.0,2136
2021-11-07,AE,United Arab Emirates,EMRO,538.0,740362,3.0,2139
2021-11-14,AE,United Arab Emirates,EMRO,517.0,740879,4.0,2143
2021-11-21,AE,United Arab Emirates,EMRO,491.0,741370,1.0,2144
2021-11-28,AE,United Arab Emirates,EMRO,488.0,741858,1.0,2145
2021-12-05,AE,United Arab Emirates,EMRO,420.0,742278,3.0,2148
2021-12-12,AE,United Arab Emirates,EMRO,441.0,742719,3.0,2151
2021-12-19,AE,United Arab Emirates,EMRO,1133.0,743852,0.0,2151
2021-12-26,AE,United Arab Emirates,EMRO,5678.0,749530,5.0,2156
2022-01-02,AE,United Arab Emirates,EMRO,14963.0,764493,9.0,2165
2022-01-09,AE,United Arab Emirates,EMRO,18373.0,782866,8.0,2173
2022-01-16,AE,United Arab Emirates,EMRO,19315.0,802181,15.0,2188
2022-01-23,AE,United Arab Emirates,EMRO,20705.0,822886,23.0,2211
2022-01-30,AE,United Arab Emirates,EMRO,17853.0,840739,28.0,2239
2022-02-06,AE,United Arab Emirates,EMRO,14903.0,855642,23.0,2262
2022-02-13,AE,United Arab Emirates,EMRO,11329.0,866971,22.0,2284
2022-02-20,AE,United Arab Emirates,EMRO,6911.0,873882,9.0,2293
2022-02-27,AE,United Arab Emirates,EMRO,4864.0,878746,8.0,2301
2022-03-06,AE,United Arab Emirates,EMRO,3731.0,882477,0.0,2301
2022-03-13,AE,United Arab Emirates,EMRO,2612.0,885089,1.0,2302
2022-03-20,AE,United Arab Emirates,EMRO,2296.0,887385,0.0,2302
2022-03-27,AE,United Arab Emirates,EMRO,2412.0,889797,0.0,2302
2022-04-03,AE,United Arab Emirates,EMRO,2075.0,891872,0.0,2302
2022-04-10,AE,United Arab Emirates,EMRO,1666.0,893538,0.0,2302
2022-04-17,AE,United Arab Emirates,EMRO,1726.0,895264,0.0,2302
2022-04-24,AE,United Arab Emirates,EMRO,1628.0,896892,0.0,2302
2022-05-01,AE,United Arab Emirates,EMRO,1679.0,898571,0.0,2302
2022-05-08,AE,United Arab Emirates,EMRO,1455.0,900026,0.0,2302
2022-05-15,AE,United Arab Emirates,EMRO,2135.0,902161,0.0,2302
2022-05-22,AE,United Arab Emirates,EMRO,2305.0,904466,0.0,2302
2022-05-29,AE,United Arab Emirates,EMRO,2603.0,907069,0.0,2302
2022-06-05,AE,United Arab Emirates,EMRO,3269.0,910338,3.0,2305
2022-06-12,AE,United Arab Emirates,EMRO,5909.0,916247,0.0,2305
2022-06-19,AE,United Arab Emirates,EMRO,9651.0,925898,3.0,2308
2022-06-26,AE,United Arab Emirates,EMRO,11139.0,937037,3.0,2311
2022-07-03,AE,United Arab Emirates,EMRO,12347.0,949384,6.0,2317
2022-07-10,AE,United Arab Emirates,EMRO,11961.0,961345,6.0,2323
2022-07-17,AE,United Arab Emirates,EMRO,10662.0,972007,2.0,2325
2022-07-24,AE,United Arab Emirates,EMRO,9650.0,981657,6.0,2331
2022-07-31,AE,United Arab Emirates,EMRO,8743.0,990400,3.0,2334
2022-08-07,AE,United Arab Emirates,EMRO,7369.0,997769,3.0,2337
2022-08-14,AE,United Arab Emirates,EMRO,6160.0,1003929,2.0,2339
2022-08-21,AE,United Arab Emirates,EMRO,5187.0,1009116,2.0,2341
2022-08-28,AE,United Arab Emirates,EMRO,4215.0,1013331,0.0,2341
2022-09-04,AE,United Arab Emirates,EMRO,3414.0,1016745,0.0,2341
2022-09-11,AE,United Arab Emirates,EMRO,2880.0,1019625,1.0,2342
2022-09-18,AE,United Arab Emirates,EMRO,2913.0,1022538,0.0,2342
2022-09-25,AE,United Arab Emirates,EMRO,2675.0,1025213,1.0,2343
2022-10-02,AE,United Arab Emirates,EMRO,2720.0,1027933,2.0,2345
2022-10-09,AE,United Arab Emirates,EMRO,2545.0,1030478,1.0,2346
2022-10-16,AE,United Arab Emirates,EMRO,2044.0,1032522,0.0,2346
2022-10-23,AE,United Arab Emirates,EMRO,2262.0,1034784,2.0,2348
2022-10-30,AE,United Arab Emirates,EMRO,2239.0,1037023,0.0,2348
2022-11-06,AE,United Arab Emirates,EMRO,2067.0,1039090,0.0,2348
2022-11-13,AE,United Arab Emirates,EMRO,1731.0,1040821,0.0,2348
2022-11-20,AE,United Arab Emirates,EMRO,1519.0,1042340,0.0,2348
2022-11-27,AE,United Arab Emirates,EMRO,1458.0,1043798,0.0,2348
2022-12-04,AE,United Arab Emirates,EMRO,906.0,1044704,0.0,2348
2022-12-11,AE,United Arab Emirates,EMRO,719.0,1045423,0.0,2348
2022-12-18,AE,United Arab Emirates,EMRO,663.0,1046086,0.0,2348
2022-12-25,AE,United Arab Emirates,EMRO,463.0,1046549,0.0,2348
2023-01-01,AE,United Arab Emirates,EMRO,459.0,1047008,0.0,2348
2023-01-08,AE,United Arab Emirates,EMRO,456.0,1047464,0.0,2348
2023-01-15,AE,United Arab Emirates,EMRO,556.0,1048020,0.0,2348
2023-01-22,AE,United Arab Emirates,EMRO,603.0,1048623,0.0,2348
2023-01-29,AE,United Arab Emirates,EMRO,586.0,1049209,0.0,2348
2023-02-05,AE,United Arab Emirates,EMRO,520.0,1049729,0.0,2348
2023-02-12,AE,United Arab Emirates,EMRO,601.0,1050330,0.0,2348
2023-02-19,AE,United Arab Emirates,EMRO,631.0,1050961,1.0,2349
2023-02-26,AE,United Arab Emirates,EMRO,771.0,1051732,0.0,2349
2023-03-05,AE,United Arab Emirates,EMRO,787.0,1052519,0.0,2349
2023-03-12,AE,United Arab Emirates,EMRO,1067.0,1053586,0.0,2349
2023-03-19,AE,United Arab Emirates,EMRO,1287.0,1054873,0.0,2349
2023-03-26,AE,United Arab Emirates,EMRO,1612.0,1056485,0.0,2349
2023-04-02,AE,United Arab Emirates,EMRO,1515.0,1058000,0.0,2349
2023-04-09,AE,United Arab Emirates,EMRO,1468.0,1059468,0.0,2349
2023-04-16,AE,United Arab Emirates,EMRO,1149.0,1060617,0.0,2349
2023-04-23,AE,United Arab Emirates,EMRO,1040.0,1061657,0.0,2349
2023-04-30,AE,United Arab Emirates,EMRO,1143.0,1062800,0.0,2349
2023-05-07,AE,United Arab Emirates,EMRO,1437.0,1064237,0.0,2349
2023-05-14,AE,United Arab Emirates,EMRO,1370.0,1065607,0.0,2349
2023-05-21,AE,United Arab Emirates,EMRO,1034.0,1066641,0.0,2349
2023-05-28,AE,United Arab Emirates,EMRO,389.0,1067030,0.0,2349
2023-06-04,AE,United Arab Emirates,EMRO,0.0,1067030,0.0,2349
2023-06-11,AE,United Arab Emirates,EMRO,0.0,1067030,0.0,2349
2023-06-18,AE,United Arab Emirates,EMRO,0.0,1067030,0.0,2349
2023-06-25,AE,United Arab Emirates,EMRO,0.0,1067030,0.0,2349
2023-07-02,AE,United Arab Emirates,EMRO,0.0,1067030,0.0,2349
2023-07-09,AE,United Arab Emirates,EMRO,0.0,1067030,0.0,2349
2023-07-16,AE,United Arab Emirates,EMRO,0.0,1067030,0.0,2349
2023-07-23,AE,United Arab Emirates,EMRO,0.0,1067030,0.0,2349
2023-07-30,AE,United Arab Emirates,EMRO,0.0,1067030,0.0,2349
2023-08-06,AE,United Arab Emirates,EMRO,0.0,1067030,0.0,2349
2023-08-13,AE,United Arab Emirates,EMRO,0.0,1067030,0.0,2349
2023-08-20,AE,United Arab Emirates,EMRO,0.0,1067030,0.0,2349
2023-08-27,AE,United Arab Emirates,EMRO,0.0,1067030,0.0,2349
2023-09-03,AE,United Arab Emirates,EMRO,0.0,1067030,0.0,2349
2023-09-10,AE,United Arab Emirates,EMRO,0.0,1067030,0.0,2349
2023-09-17,AE,United Arab Emirates,EMRO,0.0,1067030,0.0,2349
2023-09-24,AE,United Arab Emirates,EMRO,0.0,1067030,0.0,2349
2023-10-01,AE,United Arab Emirates,EMRO,0.0,1067030,0.0,2349
2023-10-08,AE,United Arab Emirates,EMRO,0.0,1067030,0.0,2349
2023-10-15,AE,United Arab Emirates,EMRO,0.0,1067030,0.0,2349
2023-10-22,AE,United Arab Emirates,EMRO,0.0,1067030,0.0,2349
2023-10-29,AE,United Arab Emirates,EMRO,0.0,1067030,0.0,2349
2023-11-05,AE,United Arab Emirates,EMRO,0.0,1067030,0.0,2349
2023-11-12,AE,United Arab Emirates,EMRO,0.0,1067030,0.0,2349
2023-11-19,AE,United Arab Emirates,EMRO,0.0,1067030,0.0,2349
2023-11-26,AE,United Arab Emirates,EMRO,0.0,1067030,0.0,2349
2023-12-03,AE,United Arab Emirates,EMRO,0.0,1067030,0.0,2349
2023-12-10,AE,United Arab Emirates,EMRO,0.0,1067030,0.0,2349
2023-12-17,AE,United Arab Emirates,EMRO,0.0,1067030,0.0,2349
2023-12-24,AE,United Arab Emirates,EMRO,0.0,1067030,0.0,2349
2023-12-31,AE,United Arab Emirates,EMRO,0.0,1067030,0.0,2349
2024-01-07,AE,United Arab Emirates,EMRO,0.0,1067030,0.0,2349
2024-01-14,AE,United Arab Emirates,EMRO,0.0,1067030,0.0,2349
2024-01-21,AE,United Arab Emirates,EMRO,0.0,1067030,0.0,2349
2024-01-28,AE,United Arab Emirates,EMRO,0.0,1067030,0.0,2349
2024-02-04,AE,United Arab Emirates,EMRO,0.0,1067030,0.0,2349
2024-02-11,AE,United Arab Emirates,EMRO,0.0,1067030,0.0,2349
2024-02-18,AE,United Arab Emirates,EMRO,0.0,1067030,0.0,2349
2024-02-25,AE,United Arab Emirates,EMRO,0.0,1067030,0.0,2349
2024-03-03,AE,United Arab Emirates,EMRO,0.0,1067030,0.0,2349
2024-03-10,AE,United Arab Emirates,EMRO,0.0,1067030,0.0,2349
2024-03-17,AE,United Arab Emirates,EMRO,0.0,1067030,0.0,2349
2024-03-24,AE,United Arab Emirates,EMRO,0.0,1067030,0.0,2349
2024-03-31,AE,United Arab Emirates,EMRO,0.0,1067030,0.0,2349
2024-04-07,AE,United Arab Emirates,EMRO,0.0,1067030,0.0,2349
2024-04-14,AE,United Arab Emirates,EMRO,0.0,1067030,0.0,2349
2024-04-21,AE,United Arab Emirates,EMRO,0.0,1067030,0.0,2349
2024-04-28,AE,United Arab Emirates,EMRO,0.0,1067030,0.0,2349
