Date_reported,Country_code,Country,WHO_region,New_cases,Cumulative_cases,New_deaths,Cumulative_deaths
2020-01-05,AM,Armenia,EURO,0.0,0,0.0,0
2020-01-12,AM,Armenia,EURO,0.0,0,0.0,0
2020-01-19,AM,Armenia,EURO,0.0,0,0.0,0
2020-01-26,AM,Armenia,EURO,0.0,0,0.0,0
2020-02-02,AM,Armenia,EURO,0.0,0,0.0,0
2020-02-09,AM,Armenia,EURO,0.0,0,0.0,0
2020-02-16,AM,Armenia,EURO,0.0,0,0.0,0
2020-02-23,AM,Armenia,EURO,0.0,0,0.0,0
2020-03-01,AM,Armenia,EURO,0.0,0,0.0,0
2020-03-08,AM,Armenia,EURO,1.0,1,0.0,0
2020-03-15,AM,Armenia,EURO,19.0,20,0.0,0
2020-03-22,AM,Armenia,EURO,170.0,190,0.0,0
2020-03-29,AM,Armenia,EURO,234.0,424,1.0,1
2020-04-05,AM,Armenia,EURO,398.0,822,6.0,7
2020-04-12,AM,Armenia,EURO,191.0,1013,6.0,13
2020-04-19,AM,Armenia,EURO,278.0,1291,7.0,20
2020-04-26,AM,Armenia,EURO,455.0,1746,8.0,28
2020-05-03,AM,Armenia,EURO,640.0,2386,7.0,35
2020-05-10,AM,Armenia,EURO,927.0,3313,10.0,45
2020-05-17,AM,Armenia,EURO,1159.0,4472,15.0,60
2020-05-24,AM,Armenia,EURO,2189.0,6661,21.0,81
2020-05-31,AM,Armenia,EURO,2621.0,9282,50.0,131
2020-06-07,AM,Armenia,EURO,3848.0,13130,69.0,200
2020-06-14,AM,Armenia,EURO,3537.0,16667,69.0,269
2020-06-21,AM,Armenia,EURO,3601.0,20268,81.0,350
2020-06-28,AM,Armenia,EURO,4377.0,24645,76.0,426
2020-07-05,AM,Armenia,EURO,3961.0,28606,58.0,484
2020-07-12,AM,Armenia,EURO,3363.0,31969,81.0,565
2020-07-19,AM,Armenia,EURO,2908.0,34877,76.0,641
2020-07-26,AM,Armenia,EURO,2440.0,37317,64.0,705
2020-08-02,AM,Armenia,EURO,1733.0,39050,49.0,754
2020-08-09,AM,Armenia,EURO,1360.0,40410,37.0,791
2020-08-16,AM,Armenia,EURO,1253.0,41663,27.0,818
2020-08-23,AM,Armenia,EURO,1129.0,42792,34.0,852
2020-08-30,AM,Armenia,EURO,958.0,43750,25.0,877
2020-09-06,AM,Armenia,EURO,1033.0,44783,20.0,897
2020-09-13,AM,Armenia,EURO,1079.0,45862,19.0,916
2020-09-20,AM,Armenia,EURO,1569.0,47431,14.0,930
2020-09-27,AM,Armenia,EURO,1969.0,49400,21.0,951
2020-10-04,AM,Armenia,EURO,3096.0,52496,26.0,977
2020-10-11,AM,Armenia,EURO,3955.0,56451,43.0,1020
2020-10-18,AM,Armenia,EURO,8243.0,64694,61.0,1081
2020-10-25,AM,Armenia,EURO,13143.0,77837,99.0,1180
2020-11-01,AM,Armenia,EURO,14417.0,92254,183.0,1363
2020-11-08,AM,Armenia,EURO,14170.0,106424,196.0,1559
2020-11-15,AM,Armenia,EURO,10913.0,117337,204.0,1763
2020-11-22,AM,Armenia,EURO,8887.0,126224,189.0,1952
2020-11-29,AM,Armenia,EURO,8544.0,134768,190.0,2142
2020-12-06,AM,Armenia,EURO,7169.0,141937,184.0,2326
2020-12-13,AM,Armenia,EURO,6388.0,148325,160.0,2486
2020-12-20,AM,Armenia,EURO,5500.0,153825,144.0,2630
2020-12-27,AM,Armenia,EURO,4009.0,157834,138.0,2768
2021-01-03,AM,Armenia,EURO,2193.0,160027,82.0,2850
2021-01-10,AM,Armenia,EURO,2104.0,162131,79.0,2929
2021-01-17,AM,Armenia,EURO,2455.0,164586,63.0,2992
2021-01-24,AM,Armenia,EURO,1450.0,166036,47.0,3039
2021-01-31,AM,Armenia,EURO,990.0,167026,41.0,3080
2021-02-07,AM,Armenia,EURO,1062.0,168088,37.0,3117
2021-02-14,AM,Armenia,EURO,1079.0,169167,24.0,3141
2021-02-21,AM,Armenia,EURO,1235.0,170402,23.0,3164
2021-02-28,AM,Armenia,EURO,1656.0,172058,28.0,3192
2021-03-07,AM,Armenia,EURO,2621.0,174679,29.0,3221
2021-03-14,AM,Armenia,EURO,3706.0,178385,34.0,3255
2021-03-21,AM,Armenia,EURO,5328.0,183713,93.0,3348
2021-03-28,AM,Armenia,EURO,6604.0,190317,116.0,3464
2021-04-04,AM,Armenia,EURO,6317.0,196634,128.0,3592
2021-04-11,AM,Armenia,EURO,6183.0,202817,143.0,3735
2021-04-18,AM,Armenia,EURO,5703.0,208520,143.0,3878
2021-04-25,AM,Armenia,EURO,4768.0,213288,140.0,4018
2021-05-02,AM,Armenia,EURO,3575.0,216863,121.0,4139
2021-05-09,AM,Armenia,EURO,2407.0,219270,95.0,4234
2021-05-16,AM,Armenia,EURO,1590.0,220860,89.0,4323
2021-05-23,AM,Armenia,EURO,1088.0,221948,69.0,4392
2021-05-30,AM,Armenia,EURO,688.0,222636,40.0,4432
2021-06-06,AM,Armenia,EURO,544.0,223180,26.0,4458
2021-06-13,AM,Armenia,EURO,502.0,223682,26.0,4484
2021-06-20,AM,Armenia,EURO,545.0,224227,14.0,4498
2021-06-27,AM,Armenia,EURO,570.0,224797,10.0,4508
2021-07-04,AM,Armenia,EURO,756.0,225553,18.0,4526
2021-07-11,AM,Armenia,EURO,835.0,226388,18.0,4544
2021-07-18,AM,Armenia,EURO,1042.0,227430,22.0,4566
2021-07-25,AM,Armenia,EURO,1368.0,228798,21.0,4587
2021-08-01,AM,Armenia,EURO,1541.0,230339,32.0,4619
2021-08-08,AM,Armenia,EURO,1818.0,232157,31.0,4650
2021-08-15,AM,Armenia,EURO,2401.0,234558,45.0,4695
2021-08-22,AM,Armenia,EURO,3076.0,237634,57.0,4752
2021-08-29,AM,Armenia,EURO,3702.0,241336,71.0,4823
2021-09-05,AM,Armenia,EURO,3689.0,245025,88.0,4911
2021-09-12,AM,Armenia,EURO,3825.0,248850,91.0,5002
2021-09-19,AM,Armenia,EURO,4750.0,253600,129.0,5131
2021-09-26,AM,Armenia,EURO,4945.0,258545,120.0,5251
2021-10-03,AM,Armenia,EURO,6145.0,264690,121.0,5372
2021-10-10,AM,Armenia,EURO,7666.0,272356,177.0,5549
2021-10-17,AM,Armenia,EURO,9635.0,281991,229.0,5778
2021-10-24,AM,Armenia,EURO,13377.0,295368,235.0,6013
2021-10-31,AM,Armenia,EURO,12958.0,308326,315.0,6328
2021-11-07,AM,Armenia,EURO,12107.0,320433,342.0,6670
2021-11-14,AM,Armenia,EURO,8530.0,328963,346.0,7016
2021-11-21,AM,Armenia,EURO,5112.0,334075,262.0,7278
2021-11-28,AM,Armenia,EURO,3856.0,337931,236.0,7514
2021-12-05,AM,Armenia,EURO,2792.0,340723,169.0,7683
2021-12-12,AM,Armenia,EURO,1815.0,342538,119.0,7802
2021-12-19,AM,Armenia,EURO,1098.0,343636,97.0,7899
2021-12-26,AM,Armenia,EURO,845.0,344481,44.0,7943
2022-01-02,AM,Armenia,EURO,526.0,345007,34.0,7977
2022-01-09,AM,Armenia,EURO,848.0,345855,24.0,8001
2022-01-16,AM,Armenia,EURO,1762.0,347617,18.0,8019
2022-01-23,AM,Armenia,EURO,4094.0,351711,9.0,8028
2022-01-30,AM,Armenia,EURO,14722.0,366433,18.0,8046
2022-02-06,AM,Armenia,EURO,23524.0,389957,40.0,8086
2022-02-13,AM,Armenia,EURO,16422.0,406379,81.0,8167
2022-02-20,AM,Armenia,EURO,9085.0,415464,155.0,8322
2022-02-27,AM,Armenia,EURO,4229.0,419693,127.0,8449
2022-03-06,AM,Armenia,EURO,1648.0,421341,87.0,8536
2022-03-13,AM,Armenia,EURO,663.0,422004,36.0,8572
2022-03-20,AM,Armenia,EURO,303.0,422307,23.0,8595
2022-03-27,AM,Armenia,EURO,151.0,422458,15.0,8610
2022-04-03,AM,Armenia,EURO,116.0,422574,7.0,8617
2022-04-10,AM,Armenia,EURO,103.0,422677,3.0,8620
2022-04-17,AM,Armenia,EURO,85.0,422762,1.0,8621
2022-04-24,AM,Armenia,EURO,63.0,422825,1.0,8622
2022-05-01,AM,Armenia,EURO,46.0,422871,0.0,8622
2022-05-08,AM,Armenia,EURO,21.0,422892,1.0,8623
2022-05-15,AM,Armenia,EURO,25.0,422917,0.0,8623
2022-05-22,AM,Armenia,EURO,18.0,422935,1.0,8624
2022-05-29,AM,Armenia,EURO,25.0,422960,1.0,8625
2022-06-05,AM,Armenia,EURO,3.0,422963,0.0,8625
2022-06-12,AM,Armenia,EURO,43.0,423006,0.0,8625
2022-06-19,AM,Armenia,EURO,38.0,423044,0.0,8625
2022-06-26,AM,Armenia,EURO,60.0,423104,0.0,8625
2022-07-03,AM,Armenia,EURO,139.0,423243,1.0,8626
2022-07-10,AM,Armenia,EURO,174.0,423417,0.0,8626
2022-07-17,AM,Armenia,EURO,354.0,423771,0.0,8626
2022-07-24,AM,Armenia,EURO,629.0,424400,0.0,8626
2022-07-31,AM,Armenia,EURO,965.0,425365,7.0,8633
2022-08-07,AM,Armenia,EURO,1434.0,426799,2.0,8635
2022-08-14,AM,Armenia,EURO,1849.0,428648,2.0,8637
2022-08-21,AM,Armenia,EURO,1713.0,430361,6.0,8643
2022-08-28,AM,Armenia,EURO,1913.0,432274,5.0,8648
2022-09-04,AM,Armenia,EURO,2124.0,434398,7.0,8655
2022-09-11,AM,Armenia,EURO,2329.0,436727,7.0,8662
2022-09-18,AM,Armenia,EURO,2086.0,438813,7.0,8669
2022-09-25,AM,Armenia,EURO,2142.0,440955,4.0,8673
2022-10-02,AM,Armenia,EURO,1431.0,442386,4.0,8677
2022-10-09,AM,Armenia,EURO,910.0,443296,8.0,8685
2022-10-16,AM,Armenia,EURO,697.0,443993,9.0,8694
2022-10-23,AM,Armenia,EURO,387.0,444380,6.0,8700
2022-10-30,AM,Armenia,EURO,231.0,444611,0.0,8700
2022-11-06,AM,Armenia,EURO,172.0,444783,3.0,8703
2022-11-13,AM,Armenia,EURO,185.0,444968,0.0,8703
2022-11-20,AM,Armenia,EURO,146.0,445114,0.0,8703
2022-11-27,AM,Armenia,EURO,148.0,445262,0.0,8703
2022-12-04,AM,Armenia,EURO,119.0,445381,1.0,8704
2022-12-11,AM,Armenia,EURO,91.0,445472,2.0,8706
2022-12-18,AM,Armenia,EURO,53.0,445525,0.0,8706
2022-12-25,AM,Armenia,EURO,58.0,445583,2.0,8708
2023-01-01,AM,Armenia,EURO,37.0,445620,2.0,8710
2023-01-08,AM,Armenia,EURO,32.0,445652,1.0,8711
2023-01-15,AM,Armenia,EURO,39.0,445691,2.0,8713
2023-01-22,AM,Armenia,EURO,69.0,445760,0.0,8713
2023-01-29,AM,Armenia,EURO,88.0,445848,0.0,8713
2023-02-05,AM,Armenia,EURO,105.0,445953,0.0,8713
2023-02-12,AM,Armenia,EURO,110.0,446063,2.0,8715
2023-02-19,AM,Armenia,EURO,170.0,446233,1.0,8716
2023-02-26,AM,Armenia,EURO,230.0,446463,2.0,8718
2023-03-05,AM,Armenia,EURO,356.0,446819,3.0,8721
2023-03-12,AM,Armenia,EURO,470.0,447289,6.0,8727
2023-03-19,AM,Armenia,EURO,441.0,447730,5.0,8732
2023-03-26,AM,Armenia,EURO,421.0,448151,7.0,8739
2023-04-02,AM,Armenia,EURO,307.0,448458,4.0,8743
2023-04-09,AM,Armenia,EURO,249.0,448707,0.0,8743
2023-04-16,AM,Armenia,EURO,139.0,448846,2.0,8745
2023-04-23,AM,Armenia,EURO,134.0,448980,1.0,8746
2023-04-30,AM,Armenia,EURO,82.0,449062,1.0,8747
2023-05-07,AM,Armenia,EURO,51.0,449113,2.0,8749
2023-05-14,AM,Armenia,EURO,35.0,449148,0.0,8749
2023-05-21,AM,Armenia,EURO,21.0,449169,1.0,8750
2023-05-28,AM,Armenia,EURO,34.0,449203,0.0,8750
2023-06-04,AM,Armenia,EURO,10.0,449213,0.0,8750
2023-06-11,AM,Armenia,EURO,9.0,449222,0.0,8750
2023-06-18,AM,Armenia,EURO,9.0,449231,0.0,8750
2023-06-25,AM,Armenia,EURO,2.0,449233,1.0,8751
2023-07-02,AM,Armenia,EURO,22.0,449255,0.0,8751
2023-07-09,AM,Armenia,EURO,5.0,449260,0.0,8751
2023-07-16,AM,Armenia,EURO,3.0,449263,0.0,8751
2023-07-23,AM,Armenia,EURO,10.0,449273,0.0,8751
2023-07-30,AM,Armenia,EURO,9.0,449282,0.0,8751
2023-08-06,AM,Armenia,EURO,11.0,449293,0.0,8751
2023-08-13,AM,Armenia,EURO,6.0,449299,0.0,8751
2023-08-20,AM,Armenia,EURO,21.0,449320,0.0,8751
2023-08-27,AM,Armenia,EURO,37.0,449357,0.0,8751
2023-09-03,AM,Armenia,EURO,31.0,449388,0.0,8751
2023-09-10,AM,Armenia,EURO,77.0,449465,0.0,8751
2023-09-17,AM,Armenia,EURO,63.0,449528,0.0,8751
2023-09-24,AM,Armenia,EURO,122.0,449650,0.0,8751
2023-10-01,AM,Armenia,EURO,217.0,449867,2.0,8753
2023-10-08,AM,Armenia,EURO,233.0,450100,3.0,8756
2023-10-15,AM,Armenia,EURO,234.0,450334,6.0,8762
2023-10-22,AM,Armenia,EURO,236.0,450570,3.0,8765
2023-10-29,AM,Armenia,EURO,162.0,450732,2.0,8767
2023-11-05,AM,Armenia,EURO,141.0,450873,2.0,8769
2023-11-12,AM,Armenia,EURO,119.0,450992,0.0,8769
2023-11-19,AM,Armenia,EURO,115.0,451107,0.0,8769
2023-11-26,AM,Armenia,EURO,97.0,451204,1.0,8770
2023-12-03,AM,Armenia,EURO,68.0,451272,0.0,8770
2023-12-10,AM,Armenia,EURO,81.0,451353,1.0,8771
2023-12-17,AM,Armenia,EURO,73.0,451426,4.0,8775
2023-12-24,AM,Armenia,EURO,0.0,451426,0.0,8775
2023-12-31,AM,Armenia,EURO,0.0,451426,0.0,8775
2024-01-07,AM,Armenia,EURO,51.0,451477,0.0,8775
2024-01-14,AM,Armenia,EURO,79.0,451556,0.0,8775
2024-01-21,AM,Armenia,EURO,61.0,451617,0.0,8775
2024-01-28,AM,Armenia,EURO,75.0,451692,1.0,8776
2024-02-04,AM,Armenia,EURO,49.0,451741,1.0,8777
2024-02-11,AM,Armenia,EURO,52.0,451793,0.0,8777
2024-02-18,AM,Armenia,EURO,38.0,451831,0.0,8777
2024-02-25,AM,Armenia,EURO,0.0,451831,0.0,8777
2024-03-03,AM,Armenia,EURO,0.0,451831,0.0,8777
2024-03-10,AM,Armenia,EURO,0.0,451831,0.0,8777
2024-03-17,AM,Armenia,EURO,0.0,451831,0.0,8777
2024-03-24,AM,Armenia,EURO,0.0,451831,0.0,8777
2024-03-31,AM,Armenia,EURO,0.0,451831,0.0,8777
2024-04-07,AM,Armenia,EURO,0.0,451831,0.0,8777
2024-04-14,AM,Armenia,EURO,0.0,451831,0.0,8777
2024-04-21,AM,Armenia,EURO,0.0,451831,0.0,8777
2024-04-28,AM,Armenia,EURO,0.0,451831,0.0,8777
