Date_reported,Country_code,Country,WHO_region,New_cases,Cumulative_cases,New_deaths,Cumulative_deaths
2020-01-05,AR,Argentina,AMRO,0.0,0,0.0,0
2020-01-12,AR,Argentina,AMRO,0.0,0,0.0,0
2020-01-19,AR,Argentina,AMRO,0.0,0,0.0,0
2020-01-26,AR,Argentina,AMRO,0.0,0,0.0,0
2020-02-02,AR,Argentina,AMRO,0.0,0,0.0,0
2020-02-09,AR,Argentina,AMRO,0.0,0,0.0,0
2020-02-16,AR,Argentina,AMRO,0.0,0,0.0,0
2020-02-23,AR,Argentina,AMRO,0.0,0,0.0,0
2020-03-01,AR,Argentina,AMRO,0.0,0,0.0,0
2020-03-08,AR,Argentina,AMRO,22.0,22,1.0,1
2020-03-15,AR,Argentina,AMRO,109.0,131,8.0,9
2020-03-22,AR,Argentina,AMRO,405.0,536,11.0,20
2020-03-29,AR,Argentina,AMRO,746.0,1282,50.0,70
2020-04-05,AR,Argentina,AMRO,791.0,2073,61.0,131
2020-04-12,AR,Argentina,AMRO,917.0,2990,74.0,205
2020-04-19,AR,Argentina,AMRO,1076.0,4066,74.0,279
2020-04-26,AR,Argentina,AMRO,1398.0,5464,132.0,411
2020-05-03,AR,Argentina,AMRO,1289.0,6753,115.0,526
2020-05-10,AR,Argentina,AMRO,1897.0,8650,120.0,646
2020-05-17,AR,Argentina,AMRO,2910.0,11560,144.0,790
2020-05-24,AR,Argentina,AMRO,5061.0,16621,219.0,1009
2020-05-31,AR,Argentina,AMRO,5785.0,22406,297.0,1306
2020-06-07,AR,Argentina,AMRO,7297.0,29703,358.0,1664
2020-06-14,AR,Argentina,AMRO,10685.0,40388,458.0,2122
2020-06-21,AR,Argentina,AMRO,14050.0,54438,602.0,2724
2020-06-28,AR,Argentina,AMRO,19007.0,73445,776.0,3500
2020-07-05,AR,Argentina,AMRO,20195.0,93640,903.0,4403
2020-07-12,AR,Argentina,AMRO,24971.0,118611,1153.0,5556
2020-07-19,AR,Argentina,AMRO,31572.0,150183,1374.0,6930
2020-07-26,AR,Argentina,AMRO,39247.0,189430,1544.0,8474
2020-08-02,AR,Argentina,AMRO,41965.0,231395,1456.0,9930
2020-08-09,AR,Argentina,AMRO,51641.0,283036,1762.0,11692
2020-08-16,AR,Argentina,AMRO,48677.0,331713,1662.0,13354
2020-08-23,AR,Argentina,AMRO,51183.0,382896,1877.0,15231
2020-08-30,AR,Argentina,AMRO,68979.0,451875,2260.0,17491
2020-09-06,AR,Argentina,AMRO,72320.0,524195,2324.0,19815
2020-09-13,AR,Argentina,AMRO,78158.0,602353,2446.0,22261
2020-09-20,AR,Argentina,AMRO,75330.0,677683,2340.0,24601
2020-09-27,AR,Argentina,AMRO,81712.0,759395,2456.0,27057
2020-10-04,AR,Argentina,AMRO,87054.0,846449,2523.0,29580
2020-10-11,AR,Argentina,AMRO,96217.0,942666,2602.0,32182
2020-10-18,AR,Argentina,AMRO,95982.0,1038648,2449.0,34631
2020-10-25,AR,Argentina,AMRO,97588.0,1136236,2348.0,36979
2020-11-01,AR,Argentina,AMRO,81504.0,1217740,1854.0,38833
2020-11-08,AR,Argentina,AMRO,70725.0,1288465,1683.0,40516
2020-11-15,AR,Argentina,AMRO,67129.0,1355594,1452.0,41968
2020-11-22,AR,Argentina,AMRO,57887.0,1413481,1170.0,43138
2020-11-29,AR,Argentina,AMRO,48034.0,1461515,943.0,44081
2020-12-06,AR,Argentina,AMRO,42762.0,1504277,862.0,44943
2020-12-13,AR,Argentina,AMRO,35314.0,1539591,795.0,45738
2020-12-20,AR,Argentina,AMRO,45454.0,1585045,910.0,46648
2020-12-27,AR,Argentina,AMRO,44863.0,1629908,859.0,47507
2021-01-03,AR,Argentina,AMRO,60464.0,1690372,1103.0,48610
2021-01-10,AR,Argentina,AMRO,84733.0,1775105,1415.0,50025
2021-01-17,AR,Argentina,AMRO,77946.0,1853051,1300.0,51325
2021-01-24,AR,Argentina,AMRO,79316.0,1932367,1260.0,52585
2021-01-31,AR,Argentina,AMRO,61185.0,1993552,1131.0,53716
2021-02-07,AR,Argentina,AMRO,51269.0,2044821,948.0,54664
2021-02-14,AR,Argentina,AMRO,50744.0,2095565,935.0,55599
2021-02-21,AR,Argentina,AMRO,42687.0,2138252,797.0,56396
2021-02-28,AR,Argentina,AMRO,44701.0,2182953,831.0,57227
2021-03-07,AR,Argentina,AMRO,43723.0,2226676,884.0,58111
2021-03-14,AR,Argentina,AMRO,50279.0,2276955,977.0,59088
2021-03-21,AR,Argentina,AMRO,51631.0,2328586,994.0,60082
2021-03-28,AR,Argentina,AMRO,71481.0,2400067,1259.0,61341
2021-04-04,AR,Argentina,AMRO,93977.0,2494044,1654.0,62995
2021-04-11,AR,Argentina,AMRO,153369.0,2647413,2619.0,65614
2021-04-18,AR,Argentina,AMRO,164523.0,2811936,3293.0,68907
2021-04-25,AR,Argentina,AMRO,165754.0,2977690,3470.0,72377
2021-05-02,AR,Argentina,AMRO,141493.0,3119183,3115.0,75492
2021-05-09,AR,Argentina,AMRO,144708.0,3263891,3189.0,78681
2021-05-16,AR,Argentina,AMRO,165989.0,3429880,3641.0,82322
2021-05-23,AR,Argentina,AMRO,234660.0,3664540,4516.0,86838
2021-05-30,AR,Argentina,AMRO,208332.0,3872872,4339.0,91177
2021-06-06,AR,Argentina,AMRO,195205.0,4068077,3978.0,95155
2021-06-13,AR,Argentina,AMRO,162769.0,4230846,3317.0,98472
2021-06-20,AR,Argentina,AMRO,137636.0,4368482,2694.0,101166
2021-06-27,AR,Argentina,AMRO,133147.0,4501629,2532.0,103698
2021-07-04,AR,Argentina,AMRO,125444.0,4627073,2169.0,105867
2021-07-11,AR,Argentina,AMRO,108881.0,4735954,1889.0,107756
2021-07-18,AR,Argentina,AMRO,105110.0,4841064,1782.0,109538
2021-07-25,AR,Argentina,AMRO,88348.0,4929412,1367.0,110905
2021-08-01,AR,Argentina,AMRO,87225.0,5016637,1205.0,112110
2021-08-08,AR,Argentina,AMRO,80437.0,5097074,1157.0,113267
2021-08-15,AR,Argentina,AMRO,62306.0,5159380,893.0,114160
2021-08-22,AR,Argentina,AMRO,47254.0,5206634,684.0,114844
2021-08-29,AR,Argentina,AMRO,38265.0,5244899,537.0,115381
2021-09-05,AR,Argentina,AMRO,28531.0,5273430,418.0,115799
2021-09-12,AR,Argentina,AMRO,19860.0,5293290,290.0,116089
2021-09-19,AR,Argentina,AMRO,14221.0,5307511,218.0,116307
2021-09-26,AR,Argentina,AMRO,10997.0,5318508,127.0,116434
2021-10-03,AR,Argentina,AMRO,9250.0,5327758,87.0,116521
2021-10-10,AR,Argentina,AMRO,6633.0,5334391,84.0,116605
2021-10-17,AR,Argentina,AMRO,7214.0,5341605,86.0,116691
2021-10-24,AR,Argentina,AMRO,8597.0,5350202,70.0,116761
2021-10-31,AR,Argentina,AMRO,9024.0,5359226,62.0,116823
2021-11-07,AR,Argentina,AMRO,8642.0,5367868,64.0,116887
2021-11-14,AR,Argentina,AMRO,9415.0,5377283,82.0,116969
2021-11-21,AR,Argentina,AMRO,10247.0,5387530,99.0,117068
2021-11-28,AR,Argentina,AMRO,11855.0,5399385,114.0,117182
2021-12-05,AR,Argentina,AMRO,15763.0,5415148,117.0,117299
2021-12-12,AR,Argentina,AMRO,20177.0,5435325,135.0,117434
2021-12-19,AR,Argentina,AMRO,37801.0,5473126,163.0,117597
2021-12-26,AR,Argentina,AMRO,86790.0,5559916,233.0,117830
2022-01-02,AR,Argentina,AMRO,262012.0,5821928,421.0,118251
2022-01-09,AR,Argentina,AMRO,647721.0,6469649,1003.0,119254
2022-01-16,AR,Argentina,AMRO,770687.0,7240336,1808.0,121062
2022-01-23,AR,Argentina,AMRO,727782.0,7968118,2464.0,123526
2022-01-30,AR,Argentina,AMRO,432304.0,8400422,1988.0,125514
2022-02-06,AR,Argentina,AMRO,226829.0,8627251,1212.0,126726
2022-02-13,AR,Argentina,AMRO,124665.0,8751916,628.0,127354
2022-02-20,AR,Argentina,AMRO,83236.0,8835152,454.0,127808
2022-02-27,AR,Argentina,AMRO,64211.0,8899363,223.0,128031
2022-03-06,AR,Argentina,AMRO,36613.0,8935976,113.0,128144
2022-03-13,AR,Argentina,AMRO,31940.0,8967916,71.0,128215
2022-03-20,AR,Argentina,AMRO,34029.0,9001945,51.0,128266
2022-03-27,AR,Argentina,AMRO,15927.0,9017872,33.0,128299
2022-04-03,AR,Argentina,AMRO,12994.0,9030866,31.0,128330
2022-04-10,AR,Argentina,AMRO,9837.0,9040703,11.0,128341
2022-04-17,AR,Argentina,AMRO,6695.0,9047398,3.0,128344
2022-04-24,AR,Argentina,AMRO,24832.0,9072230,198.0,128542
2022-05-01,AR,Argentina,AMRO,11443.0,9083673,111.0,128653
2022-05-08,AR,Argentina,AMRO,17646.0,9101319,76.0,128729
2022-05-15,AR,Argentina,AMRO,33989.0,9135308,47.0,128776
2022-05-22,AR,Argentina,AMRO,43487.0,9178795,49.0,128825
2022-05-29,AR,Argentina,AMRO,51778.0,9230573,64.0,128889
2022-06-05,AR,Argentina,AMRO,46045.0,9276618,84.0,128973
2022-06-12,AR,Argentina,AMRO,36835.0,9313453,21.0,128994
2022-06-19,AR,Argentina,AMRO,28039.0,9341492,22.0,129016
2022-06-26,AR,Argentina,AMRO,25680.0,9367172,54.0,129070
2022-07-03,AR,Argentina,AMRO,27154.0,9394326,39.0,129109
2022-07-10,AR,Argentina,AMRO,31845.0,9426171,36.0,129145
2022-07-17,AR,Argentina,AMRO,39656.0,9465827,57.0,129202
2022-07-24,AR,Argentina,AMRO,41735.0,9507562,76.0,129278
2022-07-31,AR,Argentina,AMRO,52745.0,9560307,91.0,129369
2022-08-07,AR,Argentina,AMRO,42227.0,9602534,71.0,129440
2022-08-14,AR,Argentina,AMRO,31198.0,9633732,126.0,129566
2022-08-21,AR,Argentina,AMRO,24659.0,9658391,80.0,129646
2022-08-28,AR,Argentina,AMRO,19834.0,9678225,65.0,129711
2022-09-04,AR,Argentina,AMRO,11636.0,9689861,58.0,129769
2022-09-11,AR,Argentina,AMRO,7902.0,9697763,61.0,129830
2022-09-18,AR,Argentina,AMRO,6175.0,9703938,25.0,129855
2022-09-25,AR,Argentina,AMRO,4482.0,9708420,42.0,129897
2022-10-02,AR,Argentina,AMRO,2935.0,9711355,40.0,129937
2022-10-09,AR,Argentina,AMRO,2239.0,9713594,21.0,129958
2022-10-16,AR,Argentina,AMRO,1870.0,9715464,12.0,129970
2022-10-23,AR,Argentina,AMRO,2082.0,9717546,9.0,129979
2022-10-30,AR,Argentina,AMRO,1329.0,9718875,12.0,129991
2022-11-06,AR,Argentina,AMRO,1357.0,9720232,12.0,130003
2022-11-13,AR,Argentina,AMRO,1486.0,9721718,8.0,130011
2022-11-20,AR,Argentina,AMRO,2206.0,9723924,6.0,130017
2022-11-27,AR,Argentina,AMRO,3323.0,9727247,8.0,130025
2022-12-04,AR,Argentina,AMRO,12609.0,9739856,9.0,130034
2022-12-11,AR,Argentina,AMRO,27119.0,9766975,7.0,130041
2022-12-18,AR,Argentina,AMRO,62261.0,9829236,39.0,130080
2022-12-25,AR,Argentina,AMRO,61903.0,9891139,44.0,130124
2023-01-01,AR,Argentina,AMRO,72558.0,9963697,47.0,130171
2023-01-08,AR,Argentina,AMRO,40982.0,10004679,78.0,130249
2023-01-15,AR,Argentina,AMRO,19416.0,10024095,89.0,130338
2023-01-22,AR,Argentina,AMRO,8614.0,10032709,56.0,130394
2023-01-29,AR,Argentina,AMRO,4426.0,10037135,27.0,130421
2023-02-05,AR,Argentina,AMRO,3194.0,10040329,16.0,130437
2023-02-12,AR,Argentina,AMRO,1807.0,10042136,11.0,130448
2023-02-19,AR,Argentina,AMRO,1172.0,10043308,10.0,130458
2023-02-26,AR,Argentina,AMRO,817.0,10044125,5.0,130463
2023-03-05,AR,Argentina,AMRO,832.0,10044957,9.0,130472
2023-03-12,AR,Argentina,AMRO,0.0,10044957,0.0,130472
2023-03-19,AR,Argentina,AMRO,0.0,10044957,0.0,130472
2023-03-26,AR,Argentina,AMRO,0.0,10044957,0.0,130472
2023-04-02,AR,Argentina,AMRO,0.0,10044957,0.0,130472
2023-04-09,AR,Argentina,AMRO,0.0,10044957,0.0,130472
2023-04-16,AR,Argentina,AMRO,0.0,10044957,0.0,130472
2023-04-23,AR,Argentina,AMRO,0.0,10044957,0.0,130472
2023-04-30,AR,Argentina,AMRO,0.0,10044957,0.0,130472
2023-05-07,AR,Argentina,AMRO,0.0,10044957,0.0,130472
2023-05-14,AR,Argentina,AMRO,0.0,10044957,0.0,130472
2023-05-21,AR,Argentina,AMRO,548.0,10045505,5.0,130477
2023-05-28,AR,Argentina,AMRO,421.0,10045926,2.0,130479
2023-06-04,AR,Argentina,AMRO,448.0,10046374,2.0,130481
2023-06-11,AR,Argentina,AMRO,528.0,10046902,5.0,130486
2023-06-18,AR,Argentina,AMRO,502.0,10047404,3.0,130489
2023-06-25,AR,Argentina,AMRO,580.0,10047984,5.0,130494
2023-07-02,AR,Argentina,AMRO,705.0,10048689,6.0,130500
2023-07-09,AR,Argentina,AMRO,789.0,10049478,7.0,130507
2023-07-16,AR,Argentina,AMRO,593.0,10050071,10.0,130517
2023-07-23,AR,Argentina,AMRO,590.0,10050661,6.0,130523
2023-07-30,AR,Argentina,AMRO,761.0,10051422,8.0,130531
2023-08-06,AR,Argentina,AMRO,951.0,10052373,6.0,130537
2023-08-13,AR,Argentina,AMRO,1131.0,10053504,8.0,130545
2023-08-20,AR,Argentina,AMRO,1681.0,10055185,6.0,130551
2023-08-27,AR,Argentina,AMRO,2176.0,10057361,10.0,130561
2023-09-03,AR,Argentina,AMRO,3104.0,10060465,15.0,130576
2023-09-10,AR,Argentina,AMRO,2693.0,10063158,17.0,130593
2023-09-17,AR,Argentina,AMRO,2198.0,10065356,21.0,130614
2023-09-24,AR,Argentina,AMRO,1873.0,10067229,16.0,130630
2023-10-01,AR,Argentina,AMRO,1317.0,10068546,9.0,130639
2023-10-08,AR,Argentina,AMRO,1230.0,10069776,9.0,130648
2023-10-15,AR,Argentina,AMRO,855.0,10070631,7.0,130655
2023-10-22,AR,Argentina,AMRO,900.0,10071531,6.0,130661
2023-10-29,AR,Argentina,AMRO,705.0,10072236,4.0,130665
2023-11-05,AR,Argentina,AMRO,478.0,10072714,4.0,130669
2023-11-12,AR,Argentina,AMRO,499.0,10073213,7.0,130676
2023-11-19,AR,Argentina,AMRO,532.0,10073745,7.0,130683
2023-11-26,AR,Argentina,AMRO,504.0,10074249,3.0,130686
2023-12-03,AR,Argentina,AMRO,608.0,10074857,1.0,130687
2023-12-10,AR,Argentina,AMRO,466.0,10075323,2.0,130689
2023-12-17,AR,Argentina,AMRO,620.0,10075943,3.0,130692
2023-12-24,AR,Argentina,AMRO,609.0,10076552,4.0,130696
2023-12-31,AR,Argentina,AMRO,854.0,10077406,4.0,130700
2024-01-07,AR,Argentina,AMRO,2210.0,10079616,6.0,130706
2024-01-14,AR,Argentina,AMRO,4007.0,10083623,12.0,130718
2024-01-21,AR,Argentina,AMRO,6569.0,10090192,15.0,130733
2024-01-28,AR,Argentina,AMRO,9004.0,10099196,14.0,130747
2024-02-04,AR,Argentina,AMRO,8850.0,10108046,24.0,130771
2024-02-11,AR,Argentina,AMRO,6136.0,10114182,23.0,130794
2024-02-18,AR,Argentina,AMRO,3658.0,10117840,19.0,130813
2024-02-25,AR,Argentina,AMRO,4001.0,10121841,7.0,130820
2024-03-03,AR,Argentina,AMRO,2947.0,10124788,10.0,130830
2024-03-10,AR,Argentina,AMRO,2044.0,10126832,6.0,130836
2024-03-17,AR,Argentina,AMRO,1823.0,10128655,6.0,130842
2024-03-24,AR,Argentina,AMRO,1222.0,10129877,8.0,130850
2024-03-31,AR,Argentina,AMRO,626.0,10130503,4.0,130854
2024-04-07,AR,Argentina,AMRO,378.0,10130881,0.0,130854
2024-04-14,AR,Argentina,AMRO,249.0,10131130,1.0,130855
2024-04-21,AR,Argentina,AMRO,181.0,10131311,2.0,130857
2024-04-28,AR,Argentina,AMRO,98.0,10131409,0.0,130857
