Date_reported,Country_code,Country,WHO_region,New_cases,Cumulative_cases,New_deaths,Cumulative_deaths
2020-01-05,AW,Aruba,AMRO,0.0,0,0.0,0
2020-01-12,AW,Aruba,AMRO,0.0,0,0.0,0
2020-01-19,AW,Aruba,AMRO,0.0,0,0.0,0
2020-01-26,AW,Aruba,AMRO,0.0,0,0.0,0
2020-02-02,AW,Aruba,AMRO,0.0,0,0.0,0
2020-02-09,AW,Aruba,AMRO,0.0,0,0.0,0
2020-02-16,AW,Aruba,AMRO,0.0,0,0.0,0
2020-02-23,AW,Aruba,AMRO,0.0,0,0.0,0
2020-03-01,AW,Aruba,AMRO,0.0,0,0.0,0
2020-03-08,AW,Aruba,AMRO,0.0,0,0.0,0
2020-03-15,AW,Aruba,AMRO,0.0,0,0.0,0
2020-03-22,AW,Aruba,AMRO,5.0,5,0.0,0
2020-03-29,AW,Aruba,AMRO,41.0,46,0.0,0
2020-04-05,AW,Aruba,AMRO,18.0,64,0.0,0
2020-04-12,AW,Aruba,AMRO,28.0,92,0.0,0
2020-04-19,AW,Aruba,AMRO,4.0,96,2.0,2
2020-04-26,AW,Aruba,AMRO,4.0,100,0.0,2
2020-05-03,AW,Aruba,AMRO,0.0,100,0.0,2
2020-05-10,AW,Aruba,AMRO,1.0,101,1.0,3
2020-05-17,AW,Aruba,AMRO,0.0,101,0.0,3
2020-05-24,AW,Aruba,AMRO,0.0,101,0.0,3
2020-05-31,AW,Aruba,AMRO,0.0,101,0.0,3
2020-06-07,AW,Aruba,AMRO,0.0,101,0.0,3
2020-06-14,AW,Aruba,AMRO,0.0,101,0.0,3
2020-06-21,AW,Aruba,AMRO,0.0,101,0.0,3
2020-06-28,AW,Aruba,AMRO,0.0,101,0.0,3
2020-07-05,AW,Aruba,AMRO,3.0,104,0.0,3
2020-07-12,AW,Aruba,AMRO,1.0,105,0.0,3
2020-07-19,AW,Aruba,AMRO,3.0,108,0.0,3
2020-07-26,AW,Aruba,AMRO,9.0,117,0.0,3
2020-08-02,AW,Aruba,AMRO,3.0,120,0.0,3
2020-08-09,AW,Aruba,AMRO,143.0,263,0.0,3
2020-08-16,AW,Aruba,AMRO,631.0,894,1.0,4
2020-08-23,AW,Aruba,AMRO,493.0,1387,2.0,6
2020-08-30,AW,Aruba,AMRO,461.0,1848,2.0,8
2020-09-06,AW,Aruba,AMRO,444.0,2292,5.0,13
2020-09-13,AW,Aruba,AMRO,527.0,2819,3.0,16
2020-09-20,AW,Aruba,AMRO,563.0,3382,7.0,23
2020-09-27,AW,Aruba,AMRO,374.0,3756,2.0,25
2020-10-04,AW,Aruba,AMRO,242.0,3998,2.0,27
2020-10-11,AW,Aruba,AMRO,152.0,4150,4.0,31
2020-10-18,AW,Aruba,AMRO,135.0,4285,1.0,32
2020-10-25,AW,Aruba,AMRO,104.0,4389,4.0,36
2020-11-01,AW,Aruba,AMRO,83.0,4472,1.0,37
2020-11-08,AW,Aruba,AMRO,92.0,4564,2.0,39
2020-11-15,AW,Aruba,AMRO,75.0,4639,4.0,43
2020-11-22,AW,Aruba,AMRO,54.0,4693,2.0,45
2020-11-29,AW,Aruba,AMRO,98.0,4791,0.0,45
2020-12-06,AW,Aruba,AMRO,132.0,4923,0.0,45
2020-12-13,AW,Aruba,AMRO,88.0,5011,1.0,46
2020-12-20,AW,Aruba,AMRO,113.0,5124,1.0,47
2020-12-27,AW,Aruba,AMRO,104.0,5228,0.0,47
2021-01-03,AW,Aruba,AMRO,214.0,5442,2.0,49
2021-01-10,AW,Aruba,AMRO,441.0,5883,1.0,50
2021-01-17,AW,Aruba,AMRO,413.0,6296,2.0,52
2021-01-24,AW,Aruba,AMRO,327.0,6623,0.0,52
2021-01-31,AW,Aruba,AMRO,235.0,6858,6.0,58
2021-02-07,AW,Aruba,AMRO,276.0,7134,3.0,61
2021-02-14,AW,Aruba,AMRO,204.0,7338,7.0,68
2021-02-21,AW,Aruba,AMRO,215.0,7553,2.0,70
2021-02-28,AW,Aruba,AMRO,251.0,7804,1.0,71
2021-03-07,AW,Aruba,AMRO,205.0,8009,4.0,75
2021-03-14,AW,Aruba,AMRO,263.0,8272,2.0,77
2021-03-21,AW,Aruba,AMRO,352.0,8624,4.0,81
2021-03-28,AW,Aruba,AMRO,449.0,9073,1.0,82
2021-04-04,AW,Aruba,AMRO,430.0,9503,4.0,86
2021-04-11,AW,Aruba,AMRO,393.0,9896,6.0,92
2021-04-18,AW,Aruba,AMRO,323.0,10219,0.0,92
2021-04-25,AW,Aruba,AMRO,250.0,10469,3.0,95
2021-05-02,AW,Aruba,AMRO,139.0,10608,3.0,98
2021-05-09,AW,Aruba,AMRO,129.0,10737,2.0,100
2021-05-16,AW,Aruba,AMRO,89.0,10826,4.0,104
2021-05-23,AW,Aruba,AMRO,66.0,10892,2.0,106
2021-05-30,AW,Aruba,AMRO,65.0,10957,1.0,107
2021-06-06,AW,Aruba,AMRO,61.0,11018,0.0,107
2021-06-13,AW,Aruba,AMRO,51.0,11069,0.0,107
2021-06-20,AW,Aruba,AMRO,30.0,11099,0.0,107
2021-06-27,AW,Aruba,AMRO,26.0,11125,0.0,107
2021-07-04,AW,Aruba,AMRO,15.0,11140,0.0,107
2021-07-11,AW,Aruba,AMRO,21.0,11161,0.0,107
2021-07-18,AW,Aruba,AMRO,37.0,11198,1.0,108
2021-07-25,AW,Aruba,AMRO,94.0,11292,1.0,109
2021-08-01,AW,Aruba,AMRO,292.0,11584,0.0,109
2021-08-08,AW,Aruba,AMRO,544.0,12128,2.0,111
2021-08-15,AW,Aruba,AMRO,801.0,12929,4.0,115
2021-08-22,AW,Aruba,AMRO,790.0,13719,9.0,124
2021-08-29,AW,Aruba,AMRO,599.0,14318,9.0,133
2021-09-05,AW,Aruba,AMRO,401.0,14719,15.0,148
2021-09-12,AW,Aruba,AMRO,272.0,14991,6.0,154
2021-09-19,AW,Aruba,AMRO,186.0,15177,2.0,156
2021-09-26,AW,Aruba,AMRO,174.0,15351,4.0,160
2021-10-03,AW,Aruba,AMRO,149.0,15500,6.0,166
2021-10-10,AW,Aruba,AMRO,87.0,15587,3.0,169
2021-10-17,AW,Aruba,AMRO,105.0,15692,1.0,170
2021-10-24,AW,Aruba,AMRO,87.0,15779,1.0,171
2021-10-31,AW,Aruba,AMRO,103.0,15882,0.0,171
2021-11-07,AW,Aruba,AMRO,67.0,15949,0.0,171
2021-11-14,AW,Aruba,AMRO,108.0,16057,1.0,172
2021-11-21,AW,Aruba,AMRO,92.0,16149,1.0,173
2021-11-28,AW,Aruba,AMRO,114.0,16263,1.0,174
2021-12-05,AW,Aruba,AMRO,129.0,16392,0.0,174
2021-12-12,AW,Aruba,AMRO,139.0,16531,2.0,176
2021-12-19,AW,Aruba,AMRO,185.0,16716,2.0,178
2021-12-26,AW,Aruba,AMRO,449.0,17165,3.0,181
2022-01-02,AW,Aruba,AMRO,2554.0,19719,0.0,181
2022-01-09,AW,Aruba,AMRO,5535.0,25254,0.0,181
2022-01-16,AW,Aruba,AMRO,4440.0,29694,3.0,184
2022-01-23,AW,Aruba,AMRO,2141.0,31835,3.0,187
2022-01-30,AW,Aruba,AMRO,883.0,32718,6.0,193
2022-02-06,AW,Aruba,AMRO,482.0,33200,1.0,194
2022-02-13,AW,Aruba,AMRO,236.0,33436,2.0,196
2022-02-20,AW,Aruba,AMRO,132.0,33568,2.0,198
2022-02-27,AW,Aruba,AMRO,87.0,33655,13.0,211
2022-03-06,AW,Aruba,AMRO,29.0,33684,0.0,211
2022-03-13,AW,Aruba,AMRO,48.0,33732,1.0,212
2022-03-20,AW,Aruba,AMRO,85.0,33817,0.0,212
2022-03-27,AW,Aruba,AMRO,26.0,33843,0.0,212
2022-04-03,AW,Aruba,AMRO,123.0,33966,0.0,212
2022-04-10,AW,Aruba,AMRO,123.0,34089,0.0,212
2022-04-17,AW,Aruba,AMRO,175.0,34264,0.0,212
2022-04-24,AW,Aruba,AMRO,182.0,34446,0.0,212
2022-05-01,AW,Aruba,AMRO,247.0,34693,0.0,212
2022-05-08,AW,Aruba,AMRO,272.0,34965,0.0,212
2022-05-15,AW,Aruba,AMRO,369.0,35334,0.0,212
2022-05-22,AW,Aruba,AMRO,586.0,35920,1.0,213
2022-05-29,AW,Aruba,AMRO,644.0,36564,0.0,213
2022-06-05,AW,Aruba,AMRO,788.0,37352,0.0,213
2022-06-12,AW,Aruba,AMRO,949.0,38301,3.0,216
2022-06-19,AW,Aruba,AMRO,1038.0,39339,3.0,219
2022-06-26,AW,Aruba,AMRO,840.0,40179,2.0,221
2022-07-03,AW,Aruba,AMRO,539.0,40718,0.0,221
2022-07-10,AW,Aruba,AMRO,282.0,41000,1.0,222
2022-07-17,AW,Aruba,AMRO,445.0,41445,2.0,224
2022-07-24,AW,Aruba,AMRO,342.0,41787,0.0,224
2022-07-31,AW,Aruba,AMRO,293.0,42080,0.0,224
2022-08-07,AW,Aruba,AMRO,206.0,42286,2.0,226
2022-08-14,AW,Aruba,AMRO,192.0,42478,0.0,226
2022-08-21,AW,Aruba,AMRO,160.0,42638,1.0,227
2022-08-28,AW,Aruba,AMRO,112.0,42750,0.0,227
2022-09-04,AW,Aruba,AMRO,98.0,42848,0.0,227
2022-09-11,AW,Aruba,AMRO,122.0,42970,1.0,228
2022-09-18,AW,Aruba,AMRO,0.0,42970,0.0,228
2022-09-25,AW,Aruba,AMRO,0.0,42970,0.0,228
2022-10-02,AW,Aruba,AMRO,175.0,43145,2.0,230
2022-10-09,AW,Aruba,AMRO,66.0,43211,1.0,231
2022-10-16,AW,Aruba,AMRO,40.0,43251,1.0,232
2022-10-23,AW,Aruba,AMRO,40.0,43291,0.0,232
2022-10-30,AW,Aruba,AMRO,43.0,43334,0.0,232
2022-11-06,AW,Aruba,AMRO,45.0,43379,1.0,233
2022-11-13,AW,Aruba,AMRO,44.0,43423,1.0,234
2022-11-20,AW,Aruba,AMRO,71.0,43494,1.0,235
2022-11-27,AW,Aruba,AMRO,74.0,43568,1.0,236
2022-12-04,AW,Aruba,AMRO,73.0,43641,0.0,236
2022-12-11,AW,Aruba,AMRO,52.0,43693,44.0,280
2022-12-18,AW,Aruba,AMRO,0.0,43693,0.0,280
2022-12-25,AW,Aruba,AMRO,59.0,43752,0.0,280
2023-01-01,AW,Aruba,AMRO,108.0,43860,0.0,280
2023-01-08,AW,Aruba,AMRO,0.0,43860,0.0,280
2023-01-15,AW,Aruba,AMRO,76.0,43936,1.0,281
2023-01-22,AW,Aruba,AMRO,29.0,43965,0.0,281
2023-01-29,AW,Aruba,AMRO,28.0,43993,0.0,281
2023-02-05,AW,Aruba,AMRO,0.0,43993,0.0,281
2023-02-12,AW,Aruba,AMRO,33.0,44026,1.0,282
2023-02-19,AW,Aruba,AMRO,0.0,44026,0.0,282
2023-02-26,AW,Aruba,AMRO,18.0,44044,0.0,282
2023-03-05,AW,Aruba,AMRO,22.0,44066,4.0,286
2023-03-12,AW,Aruba,AMRO,16.0,44082,0.0,286
2023-03-19,AW,Aruba,AMRO,9.0,44091,1.0,287
2023-03-26,AW,Aruba,AMRO,8.0,44099,0.0,287
2023-04-02,AW,Aruba,AMRO,15.0,44114,0.0,287
2023-04-09,AW,Aruba,AMRO,0.0,44114,0.0,287
2023-04-16,AW,Aruba,AMRO,0.0,44114,0.0,287
2023-04-23,AW,Aruba,AMRO,0.0,44114,0.0,287
2023-04-30,AW,Aruba,AMRO,0.0,44114,0.0,287
2023-05-07,AW,Aruba,AMRO,66.0,44180,1.0,288
2023-05-14,AW,Aruba,AMRO,0.0,44180,0.0,288
2023-05-21,AW,Aruba,AMRO,0.0,44180,0.0,288
2023-05-28,AW,Aruba,AMRO,0.0,44180,0.0,288
2023-06-04,AW,Aruba,AMRO,20.0,44200,2.0,290
2023-06-11,AW,Aruba,AMRO,0.0,44200,0.0,290
2023-06-18,AW,Aruba,AMRO,0.0,44200,0.0,290
2023-06-25,AW,Aruba,AMRO,0.0,44200,0.0,290
2023-07-02,AW,Aruba,AMRO,24.0,44224,2.0,292
2023-07-09,AW,Aruba,AMRO,0.0,44224,0.0,292
2023-07-16,AW,Aruba,AMRO,0.0,44224,0.0,292
2023-07-23,AW,Aruba,AMRO,0.0,44224,0.0,292
2023-07-30,AW,Aruba,AMRO,0.0,44224,0.0,292
2023-08-06,AW,Aruba,AMRO,0.0,44224,0.0,292
2023-08-13,AW,Aruba,AMRO,0.0,44224,0.0,292
2023-08-20,AW,Aruba,AMRO,0.0,44224,0.0,292
2023-08-27,AW,Aruba,AMRO,0.0,44224,0.0,292
2023-09-03,AW,Aruba,AMRO,0.0,44224,0.0,292
2023-09-10,AW,Aruba,AMRO,0.0,44224,0.0,292
2023-09-17,AW,Aruba,AMRO,0.0,44224,0.0,292
2023-09-24,AW,Aruba,AMRO,0.0,44224,0.0,292
2023-10-01,AW,Aruba,AMRO,0.0,44224,0.0,292
2023-10-08,AW,Aruba,AMRO,0.0,44224,0.0,292
2023-10-15,AW,Aruba,AMRO,0.0,44224,0.0,292
2023-10-22,AW,Aruba,AMRO,0.0,44224,0.0,292
2023-10-29,AW,Aruba,AMRO,0.0,44224,0.0,292
2023-11-05,AW,Aruba,AMRO,0.0,44224,0.0,292
2023-11-12,AW,Aruba,AMRO,0.0,44224,0.0,292
2023-11-19,AW,Aruba,AMRO,0.0,44224,0.0,292
2023-11-26,AW,Aruba,AMRO,0.0,44224,0.0,292
2023-12-03,AW,Aruba,AMRO,0.0,44224,0.0,292
2023-12-10,AW,Aruba,AMRO,0.0,44224,0.0,292
2023-12-17,AW,Aruba,AMRO,0.0,44224,0.0,292
2023-12-24,AW,Aruba,AMRO,0.0,44224,0.0,292
2023-12-31,AW,Aruba,AMRO,0.0,44224,0.0,292
2024-01-07,AW,Aruba,AMRO,0.0,44224,0.0,292
2024-01-14,AW,Aruba,AMRO,0.0,44224,0.0,292
2024-01-21,AW,Aruba,AMRO,0.0,44224,0.0,292
2024-01-28,AW,Aruba,AMRO,0.0,44224,0.0,292
2024-02-04,AW,Aruba,AMRO,0.0,44224,0.0,292
2024-02-11,AW,Aruba,AMRO,0.0,44224,0.0,292
2024-02-18,AW,Aruba,AMRO,0.0,44224,0.0,292
2024-02-25,AW,Aruba,AMRO,0.0,44224,0.0,292
2024-03-03,AW,Aruba,AMRO,0.0,44224,0.0,292
2024-03-10,AW,Aruba,AMRO,0.0,44224,0.0,292
2024-03-17,AW,Aruba,AMRO,0.0,44224,0.0,292
2024-03-24,AW,Aruba,AMRO,0.0,44224,0.0,292
2024-03-31,AW,Aruba,AMRO,0.0,44224,0.0,292
2024-04-07,AW,Aruba,AMRO,0.0,44224,0.0,292
2024-04-14,AW,Aruba,AMRO,0.0,44224,0.0,292
2024-04-21,AW,Aruba,AMRO,0.0,44224,0.0,292
2024-04-28,AW,Aruba,AMRO,0.0,44224,0.0,292
