Date_reported,Country_code,Country,WHO_region,New_cases,Cumulative_cases,New_deaths,Cumulative_deaths
2020-01-05,AZ,Azerbaijan,EURO,0.0,0,0.0,0
2020-01-12,AZ,Azerbaijan,EURO,0.0,0,0.0,0
2020-01-19,AZ,Azerbaijan,EURO,0.0,0,0.0,0
2020-01-26,AZ,Azerbaijan,EURO,0.0,0,0.0,0
2020-02-02,AZ,Azerbaijan,EURO,0.0,0,0.0,0
2020-02-09,AZ,Azerbaijan,EURO,0.0,0,0.0,0
2020-02-16,AZ,Azerbaijan,EURO,0.0,0,0.0,0
2020-02-23,AZ,Azerbaijan,EURO,0.0,0,0.0,0
2020-03-01,AZ,Azerbaijan,EURO,3.0,3,0.0,0
2020-03-08,AZ,Azerbaijan,EURO,6.0,9,0.0,0
2020-03-15,AZ,Azerbaijan,EURO,2.0,11,0.0,0
2020-03-22,AZ,Azerbaijan,EURO,42.0,53,1.0,1
2020-03-29,AZ,Azerbaijan,EURO,94.0,147,2.0,3
2020-04-05,AZ,Azerbaijan,EURO,296.0,443,2.0,5
2020-04-12,AZ,Azerbaijan,EURO,548.0,991,5.0,10
2020-04-19,AZ,Azerbaijan,EURO,349.0,1340,5.0,15
2020-04-26,AZ,Azerbaijan,EURO,252.0,1592,6.0,21
2020-05-03,AZ,Azerbaijan,EURO,262.0,1854,4.0,25
2020-05-10,AZ,Azerbaijan,EURO,425.0,2279,3.0,28
2020-05-17,AZ,Azerbaijan,EURO,701.0,2980,8.0,36
2020-05-24,AZ,Azerbaijan,EURO,875.0,3855,10.0,46
2020-05-31,AZ,Azerbaijan,EURO,1134.0,4989,12.0,58
2020-06-07,AZ,Azerbaijan,EURO,1871.0,6860,24.0,82
2020-06-14,AZ,Azerbaijan,EURO,2358.0,9218,31.0,113
2020-06-21,AZ,Azerbaijan,EURO,2549.0,11767,30.0,143
2020-06-28,AZ,Azerbaijan,EURO,3602.0,15369,44.0,187
2020-07-05,AZ,Azerbaijan,EURO,3898.0,19267,48.0,235
2020-07-12,AZ,Azerbaijan,EURO,3723.0,22990,57.0,292
2020-07-19,AZ,Azerbaijan,EURO,3646.0,26636,49.0,341
2020-07-26,AZ,Azerbaijan,EURO,2676.0,29312,59.0,400
2020-08-02,AZ,Azerbaijan,EURO,2566.0,31878,48.0,448
2020-08-09,AZ,Azerbaijan,EURO,1498.0,33376,35.0,483
2020-08-16,AZ,Azerbaijan,EURO,642.0,34018,21.0,504
2020-08-23,AZ,Azerbaijan,EURO,903.0,34921,8.0,512
2020-08-30,AZ,Azerbaijan,EURO,1065.0,35986,15.0,527
2020-09-06,AZ,Azerbaijan,EURO,1045.0,37031,16.0,543
2020-09-13,AZ,Azerbaijan,EURO,1006.0,38037,14.0,557
2020-09-20,AZ,Azerbaijan,EURO,857.0,38894,15.0,572
2020-09-27,AZ,Azerbaijan,EURO,893.0,39787,11.0,583
2020-10-04,AZ,Azerbaijan,EURO,666.0,40453,11.0,594
2020-10-11,AZ,Azerbaijan,EURO,1066.0,41519,11.0,605
2020-10-18,AZ,Azerbaijan,EURO,2270.0,43789,16.0,621
2020-10-25,AZ,Azerbaijan,EURO,4432.0,48221,35.0,656
2020-11-01,AZ,Azerbaijan,EURO,5953.0,54174,62.0,718
2020-11-08,AZ,Azerbaijan,EURO,8164.0,62338,93.0,811
2020-11-15,AZ,Azerbaijan,EURO,9242.0,71580,116.0,927
2020-11-22,AZ,Azerbaijan,EURO,15583.0,87163,152.0,1079
2020-11-29,AZ,Azerbaijan,EURO,22650.0,109813,212.0,1291
2020-12-06,AZ,Azerbaijan,EURO,28187.0,138000,260.0,1551
2020-12-13,AZ,Azerbaijan,EURO,29155.0,167155,289.0,1840
2020-12-20,AZ,Azerbaijan,EURO,28267.0,195422,293.0,2133
2020-12-27,AZ,Azerbaijan,EURO,16342.0,211764,283.0,2416
2021-01-03,AZ,Azerbaijan,EURO,7277.0,219041,254.0,2670
2021-01-10,AZ,Azerbaijan,EURO,4376.0,223417,199.0,2869
2021-01-17,AZ,Azerbaijan,EURO,3132.0,226549,114.0,2983
2021-01-24,AZ,Azerbaijan,EURO,1977.0,228526,81.0,3064
2021-01-31,AZ,Azerbaijan,EURO,1409.0,229935,55.0,3119
2021-02-07,AZ,Azerbaijan,EURO,972.0,230907,34.0,3153
2021-02-14,AZ,Azerbaijan,EURO,933.0,231840,20.0,3173
2021-02-21,AZ,Azerbaijan,EURO,989.0,232829,20.0,3193
2021-02-28,AZ,Azerbaijan,EURO,1160.0,233989,20.0,3213
2021-03-07,AZ,Azerbaijan,EURO,2376.0,236365,25.0,3238
2021-03-14,AZ,Azerbaijan,EURO,3327.0,239692,38.0,3276
2021-03-21,AZ,Azerbaijan,EURO,5798.0,245490,63.0,3339
2021-03-28,AZ,Azerbaijan,EURO,8880.0,254370,125.0,3464
2021-04-04,AZ,Azerbaijan,EURO,14344.0,268714,184.0,3648
2021-04-11,AZ,Azerbaijan,EURO,14865.0,283579,231.0,3879
2021-04-18,AZ,Azerbaijan,EURO,14943.0,298522,228.0,4107
2021-04-25,AZ,Azerbaijan,EURO,12943.0,311465,235.0,4342
2021-05-02,AZ,Azerbaijan,EURO,8857.0,320322,196.0,4538
2021-05-09,AZ,Azerbaijan,EURO,5734.0,326056,128.0,4666
2021-05-16,AZ,Azerbaijan,EURO,3315.0,329371,102.0,4768
2021-05-23,AZ,Azerbaijan,EURO,2864.0,332235,83.0,4851
2021-05-30,AZ,Azerbaijan,EURO,1488.0,333723,52.0,4903
2021-06-06,AZ,Azerbaijan,EURO,924.0,334647,33.0,4936
2021-06-13,AZ,Azerbaijan,EURO,479.0,335126,17.0,4953
2021-06-20,AZ,Azerbaijan,EURO,311.0,335437,8.0,4961
2021-06-27,AZ,Azerbaijan,EURO,359.0,335796,6.0,4967
2021-07-04,AZ,Azerbaijan,EURO,522.0,336318,10.0,4977
2021-07-11,AZ,Azerbaijan,EURO,780.0,337098,7.0,4984
2021-07-18,AZ,Azerbaijan,EURO,1085.0,338183,7.0,4991
2021-07-25,AZ,Azerbaijan,EURO,1874.0,340057,11.0,5002
2021-08-01,AZ,Azerbaijan,EURO,3792.0,343849,21.0,5023
2021-08-08,AZ,Azerbaijan,EURO,6756.0,350605,33.0,5056
2021-08-15,AZ,Azerbaijan,EURO,14404.0,365009,82.0,5138
2021-08-22,AZ,Azerbaijan,EURO,23428.0,388437,141.0,5279
2021-08-29,AZ,Azerbaijan,EURO,25549.0,413986,233.0,5512
2021-09-05,AZ,Azerbaijan,EURO,25576.0,439562,288.0,5800
2021-09-12,AZ,Azerbaijan,EURO,15482.0,455044,231.0,6031
2021-09-19,AZ,Azerbaijan,EURO,15941.0,470985,249.0,6280
2021-09-26,AZ,Azerbaijan,EURO,8829.0,479814,153.0,6433
2021-10-03,AZ,Azerbaijan,EURO,5461.0,485275,126.0,6559
2021-10-10,AZ,Azerbaijan,EURO,5872.0,491147,95.0,6654
2021-10-17,AZ,Azerbaijan,EURO,9164.0,500311,92.0,6746
2021-10-24,AZ,Azerbaijan,EURO,13978.0,514289,123.0,6869
2021-10-31,AZ,Azerbaijan,EURO,14820.0,529109,180.0,7049
2021-11-07,AZ,Azerbaijan,EURO,15541.0,544650,192.0,7241
2021-11-14,AZ,Azerbaijan,EURO,13781.0,558431,175.0,7416
2021-11-21,AZ,Azerbaijan,EURO,13654.0,572085,183.0,7599
2021-11-28,AZ,Azerbaijan,EURO,12036.0,584121,190.0,7789
2021-12-05,AZ,Azerbaijan,EURO,10873.0,594994,158.0,7947
2021-12-12,AZ,Azerbaijan,EURO,8369.0,603363,123.0,8070
2021-12-19,AZ,Azerbaijan,EURO,6034.0,609397,112.0,8182
2021-12-26,AZ,Azerbaijan,EURO,4722.0,614119,102.0,8284
2022-01-02,AZ,Azerbaijan,EURO,3192.0,617311,81.0,8365
2022-01-09,AZ,Azerbaijan,EURO,3368.0,620679,72.0,8437
2022-01-16,AZ,Azerbaijan,EURO,4239.0,624918,73.0,8510
2022-01-23,AZ,Azerbaijan,EURO,7116.0,632034,87.0,8597
2022-01-30,AZ,Azerbaijan,EURO,19307.0,651341,103.0,8700
2022-02-06,AZ,Azerbaijan,EURO,39839.0,691180,146.0,8846
2022-02-13,AZ,Azerbaijan,EURO,47148.0,738328,181.0,9027
2022-02-20,AZ,Azerbaijan,EURO,33381.0,771709,184.0,9211
2022-02-27,AZ,Azerbaijan,EURO,12551.0,784260,167.0,9378
2022-03-06,AZ,Azerbaijan,EURO,4698.0,788958,122.0,9500
2022-03-13,AZ,Azerbaijan,EURO,1617.0,790575,99.0,9599
2022-03-20,AZ,Azerbaijan,EURO,829.0,791404,52.0,9651
2022-03-27,AZ,Azerbaijan,EURO,291.0,791695,28.0,9679
2022-04-03,AZ,Azerbaijan,EURO,324.0,792019,18.0,9697
2022-04-10,AZ,Azerbaijan,EURO,197.0,792216,6.0,9703
2022-04-17,AZ,Azerbaijan,EURO,133.0,792349,2.0,9705
2022-04-24,AZ,Azerbaijan,EURO,127.0,792476,2.0,9707
2022-05-01,AZ,Azerbaijan,EURO,86.0,792562,2.0,9709
2022-05-08,AZ,Azerbaijan,EURO,56.0,792618,0.0,9709
2022-05-15,AZ,Azerbaijan,EURO,50.0,792668,0.0,9709
2022-05-22,AZ,Azerbaijan,EURO,40.0,792708,1.0,9710
2022-05-29,AZ,Azerbaijan,EURO,49.0,792757,2.0,9712
2022-06-05,AZ,Azerbaijan,EURO,47.0,792804,1.0,9713
2022-06-12,AZ,Azerbaijan,EURO,66.0,792870,2.0,9715
2022-06-19,AZ,Azerbaijan,EURO,115.0,792985,1.0,9716
2022-06-26,AZ,Azerbaijan,EURO,155.0,793140,1.0,9717
2022-07-03,AZ,Azerbaijan,EURO,195.0,793335,0.0,9717
2022-07-10,AZ,Azerbaijan,EURO,360.0,793695,2.0,9719
2022-07-17,AZ,Azerbaijan,EURO,703.0,794398,4.0,9723
2022-07-24,AZ,Azerbaijan,EURO,1743.0,796141,12.0,9735
2022-07-31,AZ,Azerbaijan,EURO,2263.0,798404,12.0,9747
2022-08-07,AZ,Azerbaijan,EURO,3066.0,801470,13.0,9760
2022-08-14,AZ,Azerbaijan,EURO,3115.0,804585,13.0,9773
2022-08-21,AZ,Azerbaijan,EURO,3399.0,807984,11.0,9784
2022-08-28,AZ,Azerbaijan,EURO,3575.0,811559,21.0,9805
2022-09-04,AZ,Azerbaijan,EURO,3488.0,815047,17.0,9822
2022-09-11,AZ,Azerbaijan,EURO,2549.0,817596,30.0,9852
2022-09-18,AZ,Azerbaijan,EURO,1742.0,819338,32.0,9884
2022-09-25,AZ,Azerbaijan,EURO,1324.0,820662,19.0,9903
2022-10-02,AZ,Azerbaijan,EURO,870.0,821532,16.0,9919
2022-10-09,AZ,Azerbaijan,EURO,572.0,822104,8.0,9927
2022-10-16,AZ,Azerbaijan,EURO,434.0,822538,4.0,9931
2022-10-23,AZ,Azerbaijan,EURO,370.0,822908,6.0,9937
2022-10-30,AZ,Azerbaijan,EURO,294.0,823202,7.0,9944
2022-11-06,AZ,Azerbaijan,EURO,294.0,823496,11.0,9955
2022-11-13,AZ,Azerbaijan,EURO,192.0,823688,6.0,9961
2022-11-20,AZ,Azerbaijan,EURO,235.0,823923,11.0,9972
2022-11-27,AZ,Azerbaijan,EURO,270.0,824193,4.0,9976
2022-12-04,AZ,Azerbaijan,EURO,259.0,824452,7.0,9983
2022-12-11,AZ,Azerbaijan,EURO,350.0,824802,3.0,9986
2022-12-18,AZ,Azerbaijan,EURO,535.0,825337,7.0,9993
2022-12-25,AZ,Azerbaijan,EURO,556.0,825893,13.0,10006
2023-01-01,AZ,Azerbaijan,EURO,508.0,826401,2.0,10008
2023-01-08,AZ,Azerbaijan,EURO,402.0,826803,9.0,10017
2023-01-15,AZ,Azerbaijan,EURO,497.0,827300,28.0,10045
2023-01-22,AZ,Azerbaijan,EURO,338.0,827638,23.0,10068
2023-01-29,AZ,Azerbaijan,EURO,242.0,827880,13.0,10081
2023-02-05,AZ,Azerbaijan,EURO,184.0,828064,14.0,10095
2023-02-12,AZ,Azerbaijan,EURO,146.0,828210,3.0,10098
2023-02-19,AZ,Azerbaijan,EURO,128.0,828338,5.0,10103
2023-02-26,AZ,Azerbaijan,EURO,154.0,828492,13.0,10116
2023-03-05,AZ,Azerbaijan,EURO,190.0,828682,11.0,10127
2023-03-12,AZ,Azerbaijan,EURO,224.0,828906,16.0,10143
2023-03-19,AZ,Azerbaijan,EURO,311.0,829217,10.0,10153
2023-03-26,AZ,Azerbaijan,EURO,128.0,829345,7.0,10160
2023-04-02,AZ,Azerbaijan,EURO,454.0,829799,24.0,10184
2023-04-09,AZ,Azerbaijan,EURO,502.0,830301,13.0,10197
2023-04-16,AZ,Azerbaijan,EURO,479.0,830780,15.0,10212
2023-04-23,AZ,Azerbaijan,EURO,315.0,831095,10.0,10222
2023-04-30,AZ,Azerbaijan,EURO,259.0,831354,19.0,10241
2023-05-07,AZ,Azerbaijan,EURO,186.0,831540,16.0,10257
2023-05-14,AZ,Azerbaijan,EURO,108.0,831648,11.0,10268
2023-05-21,AZ,Azerbaijan,EURO,79.0,831727,4.0,10272
2023-05-28,AZ,Azerbaijan,EURO,85.0,831812,1.0,10273
2023-06-04,AZ,Azerbaijan,EURO,47.0,831859,4.0,10277
2023-06-11,AZ,Azerbaijan,EURO,19.0,831878,3.0,10280
2023-06-18,AZ,Azerbaijan,EURO,12.0,831890,1.0,10281
2023-06-25,AZ,Azerbaijan,EURO,6.0,831896,0.0,10281
2023-07-02,AZ,Azerbaijan,EURO,42.0,831938,1.0,10282
2023-07-09,AZ,Azerbaijan,EURO,12.0,831950,1.0,10283
2023-07-16,AZ,Azerbaijan,EURO,12.0,831962,2.0,10285
2023-07-23,AZ,Azerbaijan,EURO,21.0,831983,3.0,10288
2023-07-30,AZ,Azerbaijan,EURO,21.0,832004,1.0,10289
2023-08-06,AZ,Azerbaijan,EURO,17.0,832021,1.0,10290
2023-08-13,AZ,Azerbaijan,EURO,15.0,832036,3.0,10293
2023-08-20,AZ,Azerbaijan,EURO,8.0,832044,2.0,10295
2023-08-27,AZ,Azerbaijan,EURO,27.0,832071,0.0,10295
2023-09-03,AZ,Azerbaijan,EURO,241.0,832312,7.0,10302
2023-09-10,AZ,Azerbaijan,EURO,126.0,832438,0.0,10302
2023-09-17,AZ,Azerbaijan,EURO,142.0,832580,0.0,10302
2023-09-24,AZ,Azerbaijan,EURO,229.0,832809,19.0,10321
2023-10-01,AZ,Azerbaijan,EURO,380.0,833189,11.0,10332
2023-10-08,AZ,Azerbaijan,EURO,361.0,833550,5.0,10337
2023-10-15,AZ,Azerbaijan,EURO,249.0,833799,10.0,10347
2023-10-22,AZ,Azerbaijan,EURO,156.0,833955,6.0,10353
2023-10-29,AZ,Azerbaijan,EURO,0.0,833955,0.0,10353
2023-11-05,AZ,Azerbaijan,EURO,43.0,833998,0.0,10353
2023-11-12,AZ,Azerbaijan,EURO,19.0,834017,0.0,10353
2023-11-19,AZ,Azerbaijan,EURO,21.0,834038,0.0,10353
2023-11-26,AZ,Azerbaijan,EURO,12.0,834050,0.0,10353
2023-12-03,AZ,Azerbaijan,EURO,20.0,834070,0.0,10353
2023-12-10,AZ,Azerbaijan,EURO,95.0,834165,0.0,10353
2023-12-17,AZ,Azerbaijan,EURO,18.0,834183,0.0,10353
2023-12-24,AZ,Azerbaijan,EURO,39.0,834222,0.0,10353
2023-12-31,AZ,Azerbaijan,EURO,32.0,834254,0.0,10353
2024-01-07,AZ,Azerbaijan,EURO,33.0,834287,0.0,10353
2024-01-14,AZ,Azerbaijan,EURO,49.0,834336,0.0,10353
2024-01-21,AZ,Azerbaijan,EURO,35.0,834371,0.0,10353
2024-01-28,AZ,Azerbaijan,EURO,99.0,834470,0.0,10353
2024-02-04,AZ,Azerbaijan,EURO,75.0,834545,0.0,10353
2024-02-11,AZ,Azerbaijan,EURO,104.0,834649,0.0,10353
2024-02-18,AZ,Azerbaijan,EURO,136.0,834785,0.0,10353
2024-02-25,AZ,Azerbaijan,EURO,131.0,834916,0.0,10353
2024-03-03,AZ,Azerbaijan,EURO,115.0,835031,0.0,10353
2024-03-10,AZ,Azerbaijan,EURO,105.0,835136,0.0,10353
2024-03-17,AZ,Azerbaijan,EURO,83.0,835219,0.0,10353
2024-03-24,AZ,Azerbaijan,EURO,15.0,835234,0.0,10353
2024-03-31,AZ,Azerbaijan,EURO,38.0,835272,0.0,10353
2024-04-07,AZ,Azerbaijan,EURO,46.0,835318,0.0,10353
2024-04-14,AZ,Azerbaijan,EURO,9.0,835327,0.0,10353
2024-04-21,AZ,Azerbaijan,EURO,0.0,835327,0.0,10353
2024-04-28,AZ,Azerbaijan,EURO,22.0,835349,0.0,10353
