Date_reported,Country_code,Country,WHO_region,New_cases,Cumulative_cases,New_deaths,Cumulative_deaths
2020-01-05,BE,Belgium,EURO,0.0,0,0.0,0
2020-01-12,BE,Belgium,EURO,0.0,0,0.0,0
2020-01-19,BE,Belgium,EURO,0.0,0,0.0,0
2020-01-26,BE,Belgium,EURO,0.0,0,0.0,0
2020-02-02,BE,Belgium,EURO,0.0,0,0.0,0
2020-02-09,BE,Belgium,EURO,1.0,1,0.0,0
2020-02-16,BE,Belgium,EURO,0.0,1,0.0,0
2020-02-23,BE,Belgium,EURO,0.0,1,0.0,0
2020-03-01,BE,Belgium,EURO,0.0,1,0.0,0
2020-03-08,BE,Belgium,EURO,315.0,316,0.0,0
2020-03-15,BE,Belgium,EURO,1046.0,1362,9.0,9
2020-03-22,BE,Belgium,EURO,3111.0,4473,140.0,149
2020-03-29,BE,Belgium,EURO,7558.0,12031,602.0,751
2020-04-05,BE,Belgium,EURO,9634.0,21665,1357.0,2108
2020-04-12,BE,Belgium,EURO,11209.0,32874,1938.0,4046
2020-04-19,BE,Belgium,EURO,8351.0,41225,1820.0,5866
2020-04-26,BE,Belgium,EURO,6275.0,47500,1285.0,7151
2020-05-03,BE,Belgium,EURO,3262.0,50762,830.0,7981
2020-05-10,BE,Belgium,EURO,3119.0,53881,571.0,8552
2020-05-17,BE,Belgium,EURO,2201.0,56082,414.0,8966
2020-05-24,BE,Belgium,EURO,1540.0,57622,246.0,9212
2020-05-31,BE,Belgium,EURO,1232.0,58854,181.0,9393
2020-06-07,BE,Belgium,EURO,835.0,59689,141.0,9534
2020-06-14,BE,Belgium,EURO,722.0,60411,79.0,9613
2020-06-21,BE,Belgium,EURO,669.0,61080,44.0,9657
2020-06-28,BE,Belgium,EURO,612.0,61692,40.0,9697
2020-07-05,BE,Belgium,EURO,614.0,62306,33.0,9730
2020-07-12,BE,Belgium,EURO,687.0,62993,13.0,9743
2020-07-19,BE,Belgium,EURO,1296.0,64289,22.0,9765
2020-07-26,BE,Belgium,EURO,2270.0,66559,17.0,9782
2020-08-02,BE,Belgium,EURO,3715.0,70274,20.0,9802
2020-08-09,BE,Belgium,EURO,4371.0,74645,34.0,9836
2020-08-16,BE,Belgium,EURO,3882.0,78527,67.0,9903
2020-08-23,BE,Belgium,EURO,3430.0,81957,53.0,9956
2020-08-30,BE,Belgium,EURO,3127.0,85084,31.0,9987
2020-09-06,BE,Belgium,EURO,3490.0,88574,22.0,10009
2020-09-13,BE,Belgium,EURO,5717.0,94291,21.0,10030
2020-09-20,BE,Belgium,EURO,9672.0,103963,20.0,10050
2020-09-27,BE,Belgium,EURO,11145.0,115108,33.0,10083
2020-10-04,BE,Belgium,EURO,17885.0,132993,76.0,10159
2020-10-11,BE,Belgium,EURO,35324.0,168317,125.0,10284
2020-10-18,BE,Belgium,EURO,67672.0,235989,237.0,10521
2020-10-25,BE,Belgium,EURO,101847.0,337836,366.0,10887
2020-11-01,BE,Belgium,EURO,106752.0,444588,915.0,11802
2020-11-08,BE,Belgium,EURO,58229.0,502817,1354.0,13156
2020-11-15,BE,Belgium,EURO,34794.0,537611,1381.0,14537
2020-11-22,BE,Belgium,EURO,23781.0,561392,1224.0,15761
2020-11-29,BE,Belgium,EURO,16348.0,577740,924.0,16685
2020-12-06,BE,Belgium,EURO,14990.0,592730,773.0,17458
2020-12-13,BE,Belgium,EURO,15997.0,608727,663.0,18121
2020-12-20,BE,Belgium,EURO,17504.0,626231,655.0,18776
2020-12-27,BE,Belgium,EURO,12529.0,638760,598.0,19374
2021-01-03,BE,Belgium,EURO,10587.0,649347,478.0,19852
2021-01-10,BE,Belgium,EURO,13335.0,662682,387.0,20239
2021-01-17,BE,Belgium,EURO,13362.0,676044,364.0,20603
2021-01-24,BE,Belgium,EURO,14307.0,690351,360.0,20963
2021-01-31,BE,Belgium,EURO,16127.0,706478,345.0,21308
2021-02-07,BE,Belgium,EURO,15414.0,721892,287.0,21595
2021-02-14,BE,Belgium,EURO,12643.0,734535,279.0,21874
2021-02-21,BE,Belgium,EURO,14680.0,749215,252.0,22126
2021-02-28,BE,Belgium,EURO,16796.0,766011,165.0,22291
2021-03-07,BE,Belgium,EURO,16333.0,782344,192.0,22483
2021-03-14,BE,Belgium,EURO,20001.0,802345,174.0,22657
2021-03-21,BE,Belgium,EURO,28468.0,830813,180.0,22837
2021-03-28,BE,Belgium,EURO,33670.0,864483,187.0,23024
2021-04-04,BE,Belgium,EURO,30410.0,894893,232.0,23256
2021-04-11,BE,Belgium,EURO,24742.0,919635,301.0,23557
2021-04-18,BE,Belgium,EURO,24408.0,944043,275.0,23832
2021-04-25,BE,Belgium,EURO,25035.0,969078,272.0,24104
2021-05-02,BE,Belgium,EURO,21346.0,990424,273.0,24377
2021-05-09,BE,Belgium,EURO,20880.0,1011304,247.0,24624
2021-05-16,BE,Belgium,EURO,15229.0,1026533,179.0,24803
2021-05-23,BE,Belgium,EURO,16785.0,1043318,140.0,24943
2021-05-30,BE,Belgium,EURO,12669.0,1055987,95.0,25038
2021-06-06,BE,Belgium,EURO,9742.0,1065729,99.0,25137
2021-06-13,BE,Belgium,EURO,5708.0,1071437,60.0,25197
2021-06-20,BE,Belgium,EURO,3192.0,1074629,44.0,25241
2021-06-27,BE,Belgium,EURO,2393.0,1077022,32.0,25273
2021-07-04,BE,Belgium,EURO,3624.0,1080646,22.0,25295
2021-07-11,BE,Belgium,EURO,6617.0,1087263,13.0,25308
2021-07-18,BE,Belgium,EURO,9384.0,1096647,12.0,25320
2021-07-25,BE,Belgium,EURO,10389.0,1107036,11.0,25331
2021-08-01,BE,Belgium,EURO,10985.0,1118021,24.0,25355
2021-08-08,BE,Belgium,EURO,12286.0,1130307,24.0,25379
2021-08-15,BE,Belgium,EURO,13436.0,1143743,23.0,25402
2021-08-22,BE,Belgium,EURO,13713.0,1157456,36.0,25438
2021-08-29,BE,Belgium,EURO,14154.0,1171610,40.0,25478
2021-09-05,BE,Belgium,EURO,13996.0,1185606,37.0,25515
2021-09-12,BE,Belgium,EURO,13755.0,1199361,56.0,25571
2021-09-19,BE,Belgium,EURO,14553.0,1213914,42.0,25613
2021-09-26,BE,Belgium,EURO,13625.0,1227539,56.0,25669
2021-10-03,BE,Belgium,EURO,13444.0,1240983,58.0,25727
2021-10-10,BE,Belgium,EURO,14524.0,1255507,66.0,25793
2021-10-17,BE,Belgium,EURO,21273.0,1276780,82.0,25875
2021-10-24,BE,Belgium,EURO,37375.0,1314155,98.0,25973
2021-10-31,BE,Belgium,EURO,53380.0,1367535,154.0,26127
2021-11-07,BE,Belgium,EURO,55358.0,1422893,146.0,26273
2021-11-14,BE,Belgium,EURO,70372.0,1493265,197.0,26470
2021-11-21,BE,Belgium,EURO,109038.0,1602303,240.0,26710
2021-11-28,BE,Belgium,EURO,125241.0,1727544,281.0,26991
2021-12-05,BE,Belgium,EURO,120571.0,1848115,346.0,27337
2021-12-12,BE,Belgium,EURO,93713.0,1941828,328.0,27665
2021-12-19,BE,Belgium,EURO,60686.0,2002514,273.0,27938
2021-12-26,BE,Belgium,EURO,45596.0,2048110,254.0,28192
2022-01-02,BE,Belgium,EURO,76996.0,2125106,170.0,28362
2022-01-09,BE,Belgium,EURO,142541.0,2267647,131.0,28493
2022-01-16,BE,Belgium,EURO,189412.0,2457059,150.0,28643
2022-01-23,BE,Belgium,EURO,334758.0,2791817,171.0,28814
2022-01-30,BE,Belgium,EURO,336348.0,3128165,210.0,29024
2022-02-06,BE,Belgium,EURO,202844.0,3331009,287.0,29311
2022-02-13,BE,Belgium,EURO,110136.0,3441145,325.0,29636
2022-02-20,BE,Belgium,EURO,67474.0,3508619,292.0,29928
2022-02-27,BE,Belgium,EURO,46661.0,3555280,174.0,30102
2022-03-06,BE,Belgium,EURO,42733.0,3598013,139.0,30241
2022-03-13,BE,Belgium,EURO,56086.0,3654099,142.0,30383
2022-03-20,BE,Belgium,EURO,71510.0,3725609,130.0,30513
2022-03-27,BE,Belgium,EURO,79185.0,3804794,152.0,30665
2022-04-03,BE,Belgium,EURO,73163.0,3877957,169.0,30834
2022-04-10,BE,Belgium,EURO,64176.0,3942133,176.0,31010
2022-04-17,BE,Belgium,EURO,53684.0,3995817,164.0,31174
2022-04-24,BE,Belgium,EURO,42050.0,4037867,138.0,31312
2022-05-01,BE,Belgium,EURO,33693.0,4071560,111.0,31423
2022-05-08,BE,Belgium,EURO,31079.0,4102639,107.0,31530
2022-05-15,BE,Belgium,EURO,26107.0,4128746,64.0,31594
2022-05-22,BE,Belgium,EURO,16893.0,4145639,58.0,31652
2022-05-29,BE,Belgium,EURO,9459.0,4155098,48.0,31700
2022-06-05,BE,Belgium,EURO,11121.0,4166219,43.0,31743
2022-06-12,BE,Belgium,EURO,13293.0,4179512,44.0,31787
2022-06-19,BE,Belgium,EURO,19471.0,4198983,38.0,31825
2022-06-26,BE,Belgium,EURO,27121.0,4226104,33.0,31858
2022-07-03,BE,Belgium,EURO,39113.0,4265217,57.0,31915
2022-07-10,BE,Belgium,EURO,54259.0,4319476,54.0,31969
2022-07-17,BE,Belgium,EURO,50068.0,4369544,79.0,32048
2022-07-24,BE,Belgium,EURO,30244.0,4399788,77.0,32125
2022-07-31,BE,Belgium,EURO,28023.0,4427811,99.0,32224
2022-08-07,BE,Belgium,EURO,20468.0,4448279,71.0,32295
2022-08-14,BE,Belgium,EURO,15148.0,4463427,69.0,32364
2022-08-21,BE,Belgium,EURO,12031.0,4475458,65.0,32429
2022-08-28,BE,Belgium,EURO,10917.0,4486375,50.0,32479
2022-09-04,BE,Belgium,EURO,10473.0,4496848,40.0,32519
2022-09-11,BE,Belgium,EURO,11341.0,4508189,35.0,32554
2022-09-18,BE,Belgium,EURO,13019.0,4521208,46.0,32600
2022-09-25,BE,Belgium,EURO,15764.0,4536972,20.0,32620
2022-10-02,BE,Belgium,EURO,20014.0,4556986,27.0,32647
2022-10-09,BE,Belgium,EURO,22321.0,4579307,50.0,32697
2022-10-16,BE,Belgium,EURO,19437.0,4598744,69.0,32766
2022-10-23,BE,Belgium,EURO,13434.0,4612178,65.0,32831
2022-10-30,BE,Belgium,EURO,8326.0,4620504,50.0,32881
2022-11-06,BE,Belgium,EURO,4596.0,4625100,40.0,32921
2022-11-13,BE,Belgium,EURO,4600.0,4629700,33.0,32954
2022-11-20,BE,Belgium,EURO,5268.0,4634968,38.0,32992
2022-11-27,BE,Belgium,EURO,6650.0,4641618,27.0,33019
2022-12-04,BE,Belgium,EURO,8170.0,4649788,21.0,33040
2022-12-11,BE,Belgium,EURO,9710.0,4659498,45.0,33085
2022-12-18,BE,Belgium,EURO,10121.0,4669619,70.0,33155
2022-12-25,BE,Belgium,EURO,9853.0,4679472,85.0,33240
2023-01-01,BE,Belgium,EURO,6375.0,4685847,96.0,33336
2023-01-08,BE,Belgium,EURO,4684.0,4690531,72.0,33408
2023-01-15,BE,Belgium,EURO,3088.0,4693619,62.0,33470
2023-01-22,BE,Belgium,EURO,2442.0,4696061,36.0,33506
2023-01-29,BE,Belgium,EURO,3167.0,4699228,31.0,33537
2023-02-05,BE,Belgium,EURO,4830.0,4704058,21.0,33558
2023-02-12,BE,Belgium,EURO,6208.0,4710266,48.0,33606
2023-02-19,BE,Belgium,EURO,8813.0,4719079,48.0,33654
2023-02-26,BE,Belgium,EURO,9732.0,4728811,59.0,33713
2023-03-05,BE,Belgium,EURO,10777.0,4739588,57.0,33770
2023-03-12,BE,Belgium,EURO,12484.0,4752072,57.0,33827
2023-03-19,BE,Belgium,EURO,11577.0,4763649,77.0,33904
2023-03-26,BE,Belgium,EURO,9908.0,4773557,84.0,33988
2023-04-02,BE,Belgium,EURO,7120.0,4780677,69.0,34057
2023-04-09,BE,Belgium,EURO,5044.0,4785721,52.0,34109
2023-04-16,BE,Belgium,EURO,3691.0,4789412,35.0,34144
2023-04-23,BE,Belgium,EURO,3194.0,4792606,30.0,34174
2023-04-30,BE,Belgium,EURO,2492.0,4795098,43.0,34217
2023-05-07,BE,Belgium,EURO,1717.0,4796815,31.0,34248
2023-05-14,BE,Belgium,EURO,1361.0,4798176,19.0,34267
2023-05-21,BE,Belgium,EURO,956.0,4799132,23.0,34290
2023-05-28,BE,Belgium,EURO,873.0,4800005,17.0,34307
2023-06-04,BE,Belgium,EURO,547.0,4800552,10.0,34317
2023-06-11,BE,Belgium,EURO,532.0,4801084,7.0,34324
2023-06-18,BE,Belgium,EURO,332.0,4801416,8.0,34332
2023-06-25,BE,Belgium,EURO,236.0,4801652,6.0,34338
2023-07-02,BE,Belgium,EURO,180.0,4801832,1.0,34339
2023-07-09,BE,Belgium,EURO,160.0,4801992,0.0,34339
2023-07-16,BE,Belgium,EURO,225.0,4802217,0.0,34339
2023-07-23,BE,Belgium,EURO,193.0,4802410,0.0,34339
2023-07-30,BE,Belgium,EURO,330.0,4802740,0.0,34339
2023-08-06,BE,Belgium,EURO,513.0,4803253,0.0,34339
2023-08-13,BE,Belgium,EURO,820.0,4804073,0.0,34339
2023-08-20,BE,Belgium,EURO,1232.0,4805305,0.0,34339
2023-08-27,BE,Belgium,EURO,1622.0,4806927,0.0,34339
2023-09-03,BE,Belgium,EURO,2006.0,4808933,0.0,34339
2023-09-10,BE,Belgium,EURO,2729.0,4811662,0.0,34339
2023-09-17,BE,Belgium,EURO,2546.0,4814208,0.0,34339
2023-09-24,BE,Belgium,EURO,2348.0,4816556,0.0,34339
2023-10-01,BE,Belgium,EURO,2373.0,4818929,0.0,34339
2023-10-08,BE,Belgium,EURO,2220.0,4821149,0.0,34339
2023-10-15,BE,Belgium,EURO,2045.0,4823194,0.0,34339
2023-10-22,BE,Belgium,EURO,1780.0,4824974,0.0,34339
2023-10-29,BE,Belgium,EURO,1756.0,4826730,0.0,34339
2023-11-05,BE,Belgium,EURO,1350.0,4828080,0.0,34339
2023-11-12,BE,Belgium,EURO,1389.0,4829469,0.0,34339
2023-11-19,BE,Belgium,EURO,1463.0,4830932,0.0,34339
2023-11-26,BE,Belgium,EURO,1671.0,4832603,0.0,34339
2023-12-03,BE,Belgium,EURO,2219.0,4834822,0.0,34339
2023-12-10,BE,Belgium,EURO,3270.0,4838092,0.0,34339
2023-12-17,BE,Belgium,EURO,3991.0,4842083,0.0,34339
2023-12-24,BE,Belgium,EURO,3739.0,4845822,0.0,34339
2023-12-31,BE,Belgium,EURO,2923.0,4848745,0.0,34339
2024-01-07,BE,Belgium,EURO,2285.0,4851030,0.0,34339
2024-01-14,BE,Belgium,EURO,1702.0,4852732,0.0,34339
2024-01-21,BE,Belgium,EURO,1747.0,4854479,0.0,34339
2024-01-28,BE,Belgium,EURO,1652.0,4856131,0.0,34339
2024-02-04,BE,Belgium,EURO,1284.0,4857415,0.0,34339
2024-02-11,BE,Belgium,EURO,1038.0,4858453,0.0,34339
2024-02-18,BE,Belgium,EURO,708.0,4859161,0.0,34339
2024-02-25,BE,Belgium,EURO,531.0,4859692,0.0,34339
2024-03-03,BE,Belgium,EURO,365.0,4860057,0.0,34339
2024-03-10,BE,Belgium,EURO,288.0,4860345,0.0,34339
2024-03-17,BE,Belgium,EURO,271.0,4860616,0.0,34339
2024-03-24,BE,Belgium,EURO,205.0,4860821,0.0,34339
2024-03-31,BE,Belgium,EURO,190.0,4861011,0.0,34339
2024-04-07,BE,Belgium,EURO,157.0,4861168,0.0,34339
2024-04-14,BE,Belgium,EURO,104.0,4861272,0.0,34339
2024-04-21,BE,Belgium,EURO,121.0,4861393,0.0,34339
2024-04-28,BE,Belgium,EURO,0.0,4861393,0.0,34339
