Date_reported,Country_code,Country,WHO_region,New_cases,Cumulative_cases,New_deaths,Cumulative_deaths
2020-01-05,BQ,"Bonaire, Saint Eustatius and Saba",AMRO,0.0,0,0.0,0
2020-01-12,BQ,"Bonaire, Saint Eustatius and Saba",AMRO,0.0,0,0.0,0
2020-01-19,BQ,"Bonaire, Saint Eustatius and Saba",AMRO,0.0,0,0.0,0
2020-01-26,BQ,"Bonaire, Saint Eustatius and Saba",AMRO,0.0,0,0.0,0
2020-02-02,BQ,"Bonaire, Saint Eustatius and Saba",AMRO,0.0,0,0.0,0
2020-02-09,BQ,"Bonaire, Saint Eustatius and Saba",AMRO,0.0,0,0.0,0
2020-02-16,BQ,"Bonaire, Saint Eustatius and Saba",AMRO,0.0,0,0.0,0
2020-02-23,BQ,"Bonaire, Saint Eustatius and Saba",AMRO,0.0,0,0.0,0
2020-03-01,BQ,"Bonaire, Saint Eustatius and Saba",AMRO,0.0,0,0.0,0
2020-03-08,BQ,"Bonaire, Saint Eustatius and Saba",AMRO,0.0,0,0.0,0
2020-03-15,BQ,"Bonaire, Saint Eustatius and Saba",AMRO,0.0,0,0.0,0
2020-03-22,BQ,"Bonaire, Saint Eustatius and Saba",AMRO,0.0,0,0.0,0
2020-03-29,BQ,"Bonaire, Saint Eustatius and Saba",AMRO,0.0,0,0.0,0
2020-04-05,BQ,"Bonaire, Saint Eustatius and Saba",AMRO,2.0,2,0.0,0
2020-04-12,BQ,"Bonaire, Saint Eustatius and Saba",AMRO,1.0,3,0.0,0
2020-04-19,BQ,"Bonaire, Saint Eustatius and Saba",AMRO,2.0,5,0.0,0
2020-04-26,BQ,"Bonaire, Saint Eustatius and Saba",AMRO,0.0,5,0.0,0
2020-05-03,BQ,"Bonaire, Saint Eustatius and Saba",AMRO,1.0,6,0.0,0
2020-05-10,BQ,"Bonaire, Saint Eustatius and Saba",AMRO,0.0,6,0.0,0
2020-05-17,BQ,"Bonaire, Saint Eustatius and Saba",AMRO,0.0,6,0.0,0
2020-05-24,BQ,"Bonaire, Saint Eustatius and Saba",AMRO,0.0,6,0.0,0
2020-05-31,BQ,"Bonaire, Saint Eustatius and Saba",AMRO,1.0,7,0.0,0
2020-06-07,BQ,"Bonaire, Saint Eustatius and Saba",AMRO,0.0,7,0.0,0
2020-06-14,BQ,"Bonaire, Saint Eustatius and Saba",AMRO,0.0,7,0.0,0
2020-06-21,BQ,"Bonaire, Saint Eustatius and Saba",AMRO,0.0,7,0.0,0
2020-06-28,BQ,"Bonaire, Saint Eustatius and Saba",AMRO,0.0,7,0.0,0
2020-07-05,BQ,"Bonaire, Saint Eustatius and Saba",AMRO,0.0,7,0.0,0
2020-07-12,BQ,"Bonaire, Saint Eustatius and Saba",AMRO,0.0,7,0.0,0
2020-07-19,BQ,"Bonaire, Saint Eustatius and Saba",AMRO,3.0,10,0.0,0
2020-07-26,BQ,"Bonaire, Saint Eustatius and Saba",AMRO,1.0,11,0.0,0
2020-08-02,BQ,"Bonaire, Saint Eustatius and Saba",AMRO,0.0,11,0.0,0
2020-08-09,BQ,"Bonaire, Saint Eustatius and Saba",AMRO,2.0,13,0.0,0
2020-08-16,BQ,"Bonaire, Saint Eustatius and Saba",AMRO,0.0,13,0.0,0
2020-08-23,BQ,"Bonaire, Saint Eustatius and Saba",AMRO,0.0,13,0.0,0
2020-08-30,BQ,"Bonaire, Saint Eustatius and Saba",AMRO,2.0,15,0.0,0
2020-09-06,BQ,"Bonaire, Saint Eustatius and Saba",AMRO,3.0,18,0.0,0
2020-09-13,BQ,"Bonaire, Saint Eustatius and Saba",AMRO,7.0,25,0.0,0
2020-09-20,BQ,"Bonaire, Saint Eustatius and Saba",AMRO,11.0,36,1.0,1
2020-09-27,BQ,"Bonaire, Saint Eustatius and Saba",AMRO,49.0,85,0.0,1
2020-10-04,BQ,"Bonaire, Saint Eustatius and Saba",AMRO,36.0,121,0.0,1
2020-10-11,BQ,"Bonaire, Saint Eustatius and Saba",AMRO,27.0,148,1.0,2
2020-10-18,BQ,"Bonaire, Saint Eustatius and Saba",AMRO,2.0,150,0.0,2
2020-10-25,BQ,"Bonaire, Saint Eustatius and Saba",AMRO,0.0,150,1.0,3
2020-11-01,BQ,"Bonaire, Saint Eustatius and Saba",AMRO,3.0,153,0.0,3
2020-11-08,BQ,"Bonaire, Saint Eustatius and Saba",AMRO,1.0,154,0.0,3
2020-11-15,BQ,"Bonaire, Saint Eustatius and Saba",AMRO,1.0,155,0.0,3
2020-11-22,BQ,"Bonaire, Saint Eustatius and Saba",AMRO,3.0,158,0.0,3
2020-11-29,BQ,"Bonaire, Saint Eustatius and Saba",AMRO,3.0,161,0.0,3
2020-12-06,BQ,"Bonaire, Saint Eustatius and Saba",AMRO,2.0,163,0.0,3
2020-12-13,BQ,"Bonaire, Saint Eustatius and Saba",AMRO,10.0,173,0.0,3
2020-12-20,BQ,"Bonaire, Saint Eustatius and Saba",AMRO,4.0,177,0.0,3
2020-12-27,BQ,"Bonaire, Saint Eustatius and Saba",AMRO,5.0,182,0.0,3
2021-01-03,BQ,"Bonaire, Saint Eustatius and Saba",AMRO,7.0,189,0.0,3
2021-01-10,BQ,"Bonaire, Saint Eustatius and Saba",AMRO,89.0,278,0.0,3
2021-01-17,BQ,"Bonaire, Saint Eustatius and Saba",AMRO,75.0,353,0.0,3
2021-01-24,BQ,"Bonaire, Saint Eustatius and Saba",AMRO,23.0,376,0.0,3
2021-01-31,BQ,"Bonaire, Saint Eustatius and Saba",AMRO,12.0,388,0.0,3
2021-02-07,BQ,"Bonaire, Saint Eustatius and Saba",AMRO,4.0,392,0.0,3
2021-02-14,BQ,"Bonaire, Saint Eustatius and Saba",AMRO,6.0,398,1.0,4
2021-02-21,BQ,"Bonaire, Saint Eustatius and Saba",AMRO,15.0,413,0.0,4
2021-02-28,BQ,"Bonaire, Saint Eustatius and Saba",AMRO,19.0,432,0.0,4
2021-03-07,BQ,"Bonaire, Saint Eustatius and Saba",AMRO,49.0,481,1.0,5
2021-03-14,BQ,"Bonaire, Saint Eustatius and Saba",AMRO,178.0,659,1.0,6
2021-03-21,BQ,"Bonaire, Saint Eustatius and Saba",AMRO,286.0,945,0.0,6
2021-03-28,BQ,"Bonaire, Saint Eustatius and Saba",AMRO,302.0,1247,4.0,10
2021-04-04,BQ,"Bonaire, Saint Eustatius and Saba",AMRO,164.0,1411,1.0,11
2021-04-11,BQ,"Bonaire, Saint Eustatius and Saba",AMRO,90.0,1501,3.0,14
2021-04-18,BQ,"Bonaire, Saint Eustatius and Saba",AMRO,36.0,1537,0.0,14
2021-04-25,BQ,"Bonaire, Saint Eustatius and Saba",AMRO,16.0,1553,1.0,15
2021-05-02,BQ,"Bonaire, Saint Eustatius and Saba",AMRO,4.0,1557,1.0,16
2021-05-09,BQ,"Bonaire, Saint Eustatius and Saba",AMRO,17.0,1574,0.0,16
2021-05-16,BQ,"Bonaire, Saint Eustatius and Saba",AMRO,17.0,1591,1.0,17
2021-05-23,BQ,"Bonaire, Saint Eustatius and Saba",AMRO,16.0,1607,0.0,17
2021-05-30,BQ,"Bonaire, Saint Eustatius and Saba",AMRO,5.0,1612,0.0,17
2021-06-06,BQ,"Bonaire, Saint Eustatius and Saba",AMRO,4.0,1616,0.0,17
2021-06-13,BQ,"Bonaire, Saint Eustatius and Saba",AMRO,2.0,1618,0.0,17
2021-06-20,BQ,"Bonaire, Saint Eustatius and Saba",AMRO,12.0,1630,0.0,17
2021-06-27,BQ,"Bonaire, Saint Eustatius and Saba",AMRO,6.0,1636,0.0,17
2021-07-04,BQ,"Bonaire, Saint Eustatius and Saba",AMRO,15.0,1651,0.0,17
2021-07-11,BQ,"Bonaire, Saint Eustatius and Saba",AMRO,4.0,1655,0.0,17
2021-07-18,BQ,"Bonaire, Saint Eustatius and Saba",AMRO,13.0,1668,0.0,17
2021-07-25,BQ,"Bonaire, Saint Eustatius and Saba",AMRO,22.0,1690,0.0,17
2021-08-01,BQ,"Bonaire, Saint Eustatius and Saba",AMRO,15.0,1705,0.0,17
2021-08-08,BQ,"Bonaire, Saint Eustatius and Saba",AMRO,10.0,1715,0.0,17
2021-08-15,BQ,"Bonaire, Saint Eustatius and Saba",AMRO,23.0,1738,0.0,17
2021-08-22,BQ,"Bonaire, Saint Eustatius and Saba",AMRO,29.0,1767,0.0,17
2021-08-29,BQ,"Bonaire, Saint Eustatius and Saba",AMRO,16.0,1783,0.0,17
2021-09-05,BQ,"Bonaire, Saint Eustatius and Saba",AMRO,18.0,1801,0.0,17
2021-09-12,BQ,"Bonaire, Saint Eustatius and Saba",AMRO,94.0,1895,0.0,17
2021-09-19,BQ,"Bonaire, Saint Eustatius and Saba",AMRO,61.0,1956,0.0,17
2021-09-26,BQ,"Bonaire, Saint Eustatius and Saba",AMRO,42.0,1998,1.0,18
2021-10-03,BQ,"Bonaire, Saint Eustatius and Saba",AMRO,101.0,2099,2.0,20
2021-10-10,BQ,"Bonaire, Saint Eustatius and Saba",AMRO,105.0,2204,0.0,20
2021-10-17,BQ,"Bonaire, Saint Eustatius and Saba",AMRO,102.0,2306,-1.0,19
2021-10-24,BQ,"Bonaire, Saint Eustatius and Saba",AMRO,67.0,2373,0.0,19
2021-10-31,BQ,"Bonaire, Saint Eustatius and Saba",AMRO,38.0,2411,0.0,19
2021-11-07,BQ,"Bonaire, Saint Eustatius and Saba",AMRO,64.0,2475,0.0,19
2021-11-14,BQ,"Bonaire, Saint Eustatius and Saba",AMRO,109.0,2584,2.0,21
2021-11-21,BQ,"Bonaire, Saint Eustatius and Saba",AMRO,86.0,2670,0.0,21
2021-11-28,BQ,"Bonaire, Saint Eustatius and Saba",AMRO,156.0,2826,1.0,22
2021-12-05,BQ,"Bonaire, Saint Eustatius and Saba",AMRO,172.0,2998,0.0,22
2021-12-12,BQ,"Bonaire, Saint Eustatius and Saba",AMRO,112.0,3110,0.0,22
2021-12-19,BQ,"Bonaire, Saint Eustatius and Saba",AMRO,67.0,3177,0.0,22
2021-12-26,BQ,"Bonaire, Saint Eustatius and Saba",AMRO,62.0,3239,0.0,22
2022-01-02,BQ,"Bonaire, Saint Eustatius and Saba",AMRO,186.0,3425,1.0,23
2022-01-09,BQ,"Bonaire, Saint Eustatius and Saba",AMRO,687.0,4112,0.0,23
2022-01-16,BQ,"Bonaire, Saint Eustatius and Saba",AMRO,1041.0,5153,2.0,25
2022-01-23,BQ,"Bonaire, Saint Eustatius and Saba",AMRO,919.0,6072,2.0,27
2022-01-30,BQ,"Bonaire, Saint Eustatius and Saba",AMRO,778.0,6850,0.0,27
2022-02-06,BQ,"Bonaire, Saint Eustatius and Saba",AMRO,296.0,7146,2.0,29
2022-02-13,BQ,"Bonaire, Saint Eustatius and Saba",AMRO,228.0,7374,2.0,31
2022-02-20,BQ,"Bonaire, Saint Eustatius and Saba",AMRO,124.0,7498,0.0,31
2022-02-27,BQ,"Bonaire, Saint Eustatius and Saba",AMRO,84.0,7582,0.0,31
2022-03-06,BQ,"Bonaire, Saint Eustatius and Saba",AMRO,40.0,7622,0.0,31
2022-03-13,BQ,"Bonaire, Saint Eustatius and Saba",AMRO,11.0,7633,0.0,31
2022-03-20,BQ,"Bonaire, Saint Eustatius and Saba",AMRO,20.0,7653,0.0,31
2022-03-27,BQ,"Bonaire, Saint Eustatius and Saba",AMRO,386.0,8039,0.0,31
2022-04-03,BQ,"Bonaire, Saint Eustatius and Saba",AMRO,150.0,8189,0.0,31
2022-04-10,BQ,"Bonaire, Saint Eustatius and Saba",AMRO,694.0,8883,2.0,33
2022-04-17,BQ,"Bonaire, Saint Eustatius and Saba",AMRO,161.0,9044,0.0,33
2022-04-24,BQ,"Bonaire, Saint Eustatius and Saba",AMRO,547.0,9591,1.0,34
2022-05-01,BQ,"Bonaire, Saint Eustatius and Saba",AMRO,154.0,9745,0.0,34
2022-05-08,BQ,"Bonaire, Saint Eustatius and Saba",AMRO,89.0,9834,0.0,34
2022-05-15,BQ,"Bonaire, Saint Eustatius and Saba",AMRO,109.0,9943,1.0,35
2022-05-22,BQ,"Bonaire, Saint Eustatius and Saba",AMRO,75.0,10018,0.0,35
2022-05-29,BQ,"Bonaire, Saint Eustatius and Saba",AMRO,58.0,10076,0.0,35
2022-06-05,BQ,"Bonaire, Saint Eustatius and Saba",AMRO,47.0,10123,0.0,35
2022-06-12,BQ,"Bonaire, Saint Eustatius and Saba",AMRO,71.0,10194,1.0,36
2022-06-19,BQ,"Bonaire, Saint Eustatius and Saba",AMRO,55.0,10249,0.0,36
2022-06-26,BQ,"Bonaire, Saint Eustatius and Saba",AMRO,71.0,10320,1.0,37
2022-07-03,BQ,"Bonaire, Saint Eustatius and Saba",AMRO,85.0,10405,0.0,37
2022-07-10,BQ,"Bonaire, Saint Eustatius and Saba",AMRO,27.0,10432,0.0,37
2022-07-17,BQ,"Bonaire, Saint Eustatius and Saba",AMRO,123.0,10555,0.0,37
2022-07-24,BQ,"Bonaire, Saint Eustatius and Saba",AMRO,183.0,10738,0.0,37
2022-07-31,BQ,"Bonaire, Saint Eustatius and Saba",AMRO,96.0,10834,0.0,37
2022-08-07,BQ,"Bonaire, Saint Eustatius and Saba",AMRO,63.0,10897,0.0,37
2022-08-14,BQ,"Bonaire, Saint Eustatius and Saba",AMRO,102.0,10999,0.0,37
2022-08-21,BQ,"Bonaire, Saint Eustatius and Saba",AMRO,92.0,11091,0.0,37
2022-08-28,BQ,"Bonaire, Saint Eustatius and Saba",AMRO,82.0,11173,1.0,38
2022-09-04,BQ,"Bonaire, Saint Eustatius and Saba",AMRO,57.0,11230,0.0,38
2022-09-11,BQ,"Bonaire, Saint Eustatius and Saba",AMRO,49.0,11279,0.0,38
2022-09-18,BQ,"Bonaire, Saint Eustatius and Saba",AMRO,27.0,11306,0.0,38
2022-09-25,BQ,"Bonaire, Saint Eustatius and Saba",AMRO,17.0,11323,0.0,38
2022-10-02,BQ,"Bonaire, Saint Eustatius and Saba",AMRO,22.0,11345,0.0,38
2022-10-09,BQ,"Bonaire, Saint Eustatius and Saba",AMRO,21.0,11366,0.0,38
2022-10-16,BQ,"Bonaire, Saint Eustatius and Saba",AMRO,29.0,11395,0.0,38
2022-10-23,BQ,"Bonaire, Saint Eustatius and Saba",AMRO,32.0,11427,0.0,38
2022-10-30,BQ,"Bonaire, Saint Eustatius and Saba",AMRO,23.0,11450,0.0,38
2022-11-06,BQ,"Bonaire, Saint Eustatius and Saba",AMRO,17.0,11467,0.0,38
2022-11-13,BQ,"Bonaire, Saint Eustatius and Saba",AMRO,23.0,11490,0.0,38
2022-11-20,BQ,"Bonaire, Saint Eustatius and Saba",AMRO,26.0,11516,0.0,38
2022-11-27,BQ,"Bonaire, Saint Eustatius and Saba",AMRO,28.0,11544,0.0,38
2022-12-04,BQ,"Bonaire, Saint Eustatius and Saba",AMRO,11.0,11555,0.0,38
2022-12-11,BQ,"Bonaire, Saint Eustatius and Saba",AMRO,41.0,11596,0.0,38
2022-12-18,BQ,"Bonaire, Saint Eustatius and Saba",AMRO,65.0,11661,0.0,38
2022-12-25,BQ,"Bonaire, Saint Eustatius and Saba",AMRO,55.0,11716,1.0,39
2023-01-01,BQ,"Bonaire, Saint Eustatius and Saba",AMRO,0.0,11716,1.0,40
2023-01-08,BQ,"Bonaire, Saint Eustatius and Saba",AMRO,48.0,11764,1.0,41
2023-01-15,BQ,"Bonaire, Saint Eustatius and Saba",AMRO,12.0,11776,0.0,41
2023-01-22,BQ,"Bonaire, Saint Eustatius and Saba",AMRO,3.0,11779,0.0,41
2023-01-29,BQ,"Bonaire, Saint Eustatius and Saba",AMRO,4.0,11783,0.0,41
2023-02-05,BQ,"Bonaire, Saint Eustatius and Saba",AMRO,11.0,11794,0.0,41
2023-02-12,BQ,"Bonaire, Saint Eustatius and Saba",AMRO,3.0,11797,0.0,41
2023-02-19,BQ,"Bonaire, Saint Eustatius and Saba",AMRO,2.0,11799,0.0,41
2023-02-26,BQ,"Bonaire, Saint Eustatius and Saba",AMRO,5.0,11804,0.0,41
2023-03-05,BQ,"Bonaire, Saint Eustatius and Saba",AMRO,7.0,11811,0.0,41
2023-03-12,BQ,"Bonaire, Saint Eustatius and Saba",AMRO,0.0,11811,0.0,41
2023-03-19,BQ,"Bonaire, Saint Eustatius and Saba",AMRO,1.0,11812,0.0,41
2023-03-26,BQ,"Bonaire, Saint Eustatius and Saba",AMRO,35.0,11847,0.0,41
2023-04-02,BQ,"Bonaire, Saint Eustatius and Saba",AMRO,38.0,11885,0.0,41
2023-04-09,BQ,"Bonaire, Saint Eustatius and Saba",AMRO,0.0,11885,0.0,41
2023-04-16,BQ,"Bonaire, Saint Eustatius and Saba",AMRO,0.0,11885,0.0,41
2023-04-23,BQ,"Bonaire, Saint Eustatius and Saba",AMRO,0.0,11885,0.0,41
2023-04-30,BQ,"Bonaire, Saint Eustatius and Saba",AMRO,0.0,11885,0.0,41
2023-05-07,BQ,"Bonaire, Saint Eustatius and Saba",AMRO,24.0,11909,0.0,41
2023-05-14,BQ,"Bonaire, Saint Eustatius and Saba",AMRO,0.0,11909,0.0,41
2023-05-21,BQ,"Bonaire, Saint Eustatius and Saba",AMRO,0.0,11909,0.0,41
2023-05-28,BQ,"Bonaire, Saint Eustatius and Saba",AMRO,0.0,11909,0.0,41
2023-06-04,BQ,"Bonaire, Saint Eustatius and Saba",AMRO,12.0,11921,0.0,41
2023-06-11,BQ,"Bonaire, Saint Eustatius and Saba",AMRO,0.0,11921,0.0,41
2023-06-18,BQ,"Bonaire, Saint Eustatius and Saba",AMRO,0.0,11921,0.0,41
2023-06-25,BQ,"Bonaire, Saint Eustatius and Saba",AMRO,0.0,11921,0.0,41
2023-07-02,BQ,"Bonaire, Saint Eustatius and Saba",AMRO,0.0,11921,0.0,41
2023-07-09,BQ,"Bonaire, Saint Eustatius and Saba",AMRO,1.0,11922,0.0,41
2023-07-16,BQ,"Bonaire, Saint Eustatius and Saba",AMRO,0.0,11922,0.0,41
2023-07-23,BQ,"Bonaire, Saint Eustatius and Saba",AMRO,0.0,11922,0.0,41
2023-07-30,BQ,"Bonaire, Saint Eustatius and Saba",AMRO,0.0,11922,0.0,41
2023-08-06,BQ,"Bonaire, Saint Eustatius and Saba",AMRO,0.0,11922,0.0,41
2023-08-13,BQ,"Bonaire, Saint Eustatius and Saba",AMRO,0.0,11922,0.0,41
2023-08-20,BQ,"Bonaire, Saint Eustatius and Saba",AMRO,0.0,11922,0.0,41
2023-08-27,BQ,"Bonaire, Saint Eustatius and Saba",AMRO,0.0,11922,0.0,41
2023-09-03,BQ,"Bonaire, Saint Eustatius and Saba",AMRO,0.0,11922,0.0,41
2023-09-10,BQ,"Bonaire, Saint Eustatius and Saba",AMRO,0.0,11922,0.0,41
2023-09-17,BQ,"Bonaire, Saint Eustatius and Saba",AMRO,0.0,11922,0.0,41
2023-09-24,BQ,"Bonaire, Saint Eustatius and Saba",AMRO,0.0,11922,0.0,41
2023-10-01,BQ,"Bonaire, Saint Eustatius and Saba",AMRO,0.0,11922,0.0,41
2023-10-08,BQ,"Bonaire, Saint Eustatius and Saba",AMRO,0.0,11922,0.0,41
2023-10-15,BQ,"Bonaire, Saint Eustatius and Saba",AMRO,0.0,11922,0.0,41
2023-10-22,BQ,"Bonaire, Saint Eustatius and Saba",AMRO,0.0,11922,0.0,41
2023-10-29,BQ,"Bonaire, Saint Eustatius and Saba",AMRO,0.0,11922,0.0,41
2023-11-05,BQ,"Bonaire, Saint Eustatius and Saba",AMRO,0.0,11922,0.0,41
2023-11-12,BQ,"Bonaire, Saint Eustatius and Saba",AMRO,0.0,11922,0.0,41
2023-11-19,BQ,"Bonaire, Saint Eustatius and Saba",AMRO,0.0,11922,0.0,41
2023-11-26,BQ,"Bonaire, Saint Eustatius and Saba",AMRO,0.0,11922,0.0,41
2023-12-03,BQ,"Bonaire, Saint Eustatius and Saba",AMRO,0.0,11922,0.0,41
2023-12-10,BQ,"Bonaire, Saint Eustatius and Saba",AMRO,0.0,11922,0.0,41
2023-12-17,BQ,"Bonaire, Saint Eustatius and Saba",AMRO,0.0,11922,0.0,41
2023-12-24,BQ,"Bonaire, Saint Eustatius and Saba",AMRO,0.0,11922,0.0,41
2023-12-31,BQ,"Bonaire, Saint Eustatius and Saba",AMRO,0.0,11922,0.0,41
2024-01-07,BQ,"Bonaire, Saint Eustatius and Saba",AMRO,0.0,11922,0.0,41
2024-01-14,BQ,"Bonaire, Saint Eustatius and Saba",AMRO,0.0,11922,0.0,41
2024-01-21,BQ,"Bonaire, Saint Eustatius and Saba",AMRO,0.0,11922,0.0,41
2024-01-28,BQ,"Bonaire, Saint Eustatius and Saba",AMRO,0.0,11922,0.0,41
2024-02-04,BQ,"Bonaire, Saint Eustatius and Saba",AMRO,0.0,11922,0.0,41
2024-02-11,BQ,"Bonaire, Saint Eustatius and Saba",AMRO,0.0,11922,0.0,41
2024-02-18,BQ,"Bonaire, Saint Eustatius and Saba",AMRO,0.0,11922,0.0,41
2024-02-25,BQ,"Bonaire, Saint Eustatius and Saba",AMRO,0.0,11922,0.0,41
2024-03-03,BQ,"Bonaire, Saint Eustatius and Saba",AMRO,0.0,11922,0.0,41
2024-03-10,BQ,"Bonaire, Saint Eustatius and Saba",AMRO,0.0,11922,0.0,41
2024-03-17,BQ,"Bonaire, Saint Eustatius and Saba",AMRO,0.0,11922,0.0,41
2024-03-24,BQ,"Bonaire, Saint Eustatius and Saba",AMRO,0.0,11922,0.0,41
2024-03-31,BQ,"Bonaire, Saint Eustatius and Saba",AMRO,0.0,11922,0.0,41
2024-04-07,BQ,"Bonaire, Saint Eustatius and Saba",AMRO,0.0,11922,0.0,41
2024-04-14,BQ,"Bonaire, Saint Eustatius and Saba",AMRO,0.0,11922,0.0,41
2024-04-21,BQ,"Bonaire, Saint Eustatius and Saba",AMRO,0.0,11922,0.0,41
2024-04-28,BQ,"Bonaire, Saint Eustatius and Saba",AMRO,0.0,11922,0.0,41
