Date_reported,Country_code,Country,WHO_region,New_cases,Cumulative_cases,New_deaths,Cumulative_deaths
2020-01-05,BR,Brazil,AMRO,0.0,0,0.0,0
2020-01-12,BR,Brazil,AMRO,0.0,0,0.0,0
2020-01-19,BR,Brazil,AMRO,0.0,0,0.0,0
2020-01-26,BR,Brazil,AMRO,0.0,0,0.0,0
2020-02-02,BR,Brazil,AMRO,0.0,0,0.0,0
2020-02-09,BR,Brazil,AMRO,0.0,0,0.0,0
2020-02-16,BR,Brazil,AMRO,0.0,0,0.0,0
2020-02-23,BR,Brazil,AMRO,0.0,0,0.0,0
2020-03-01,BR,Brazil,AMRO,1.0,1,0.0,0
2020-03-08,BR,Brazil,AMRO,12.0,13,0.0,0
2020-03-15,BR,Brazil,AMRO,71.0,84,0.0,0
2020-03-22,BR,Brazil,AMRO,820.0,904,11.0,11
2020-03-29,BR,Brazil,AMRO,2513.0,3417,81.0,92
2020-04-05,BR,Brazil,AMRO,5639.0,9056,267.0,359
2020-04-12,BR,Brazil,AMRO,10582.0,19638,697.0,1056
2020-04-19,BR,Brazil,AMRO,14044.0,33682,1085.0,2141
2020-04-26,BR,Brazil,AMRO,19313.0,52995,1529.0,3670
2020-05-03,BR,Brazil,AMRO,38594.0,91589,2659.0,6329
2020-05-10,BR,Brazil,AMRO,53739.0,145328,3568.0,9897
2020-05-17,BR,Brazil,AMRO,72895.0,218223,4920.0,14817
2020-05-24,BR,Brazil,AMRO,112667.0,330890,6231.0,21048
2020-05-31,BR,Brazil,AMRO,134276.0,465166,6830.0,27878
2020-06-07,BR,Brazil,AMRO,180605.0,645771,7148.0,35026
2020-06-14,BR,Brazil,AMRO,183039.0,828810,6802.0,41828
2020-06-21,BR,Brazil,AMRO,204103.0,1032913,7126.0,48954
2020-06-28,BR,Brazil,AMRO,242061.0,1274974,7007.0,55961
2020-07-05,BR,Brazil,AMRO,264107.0,1539081,7213.0,63174
2020-07-12,BR,Brazil,AMRO,261746.0,1800827,7224.0,70398
2020-07-19,BR,Brazil,AMRO,245501.0,2046328,7453.0,77851
2020-07-26,BR,Brazil,AMRO,297038.0,2343366,7387.0,85238
2020-08-02,BR,Brazil,AMRO,319119.0,2662485,7237.0,92475
2020-08-09,BR,Brazil,AMRO,299957.0,2962442,7097.0,99572
2020-08-16,BR,Brazil,AMRO,313078.0,3275520,6951.0,106523
2020-08-23,BR,Brazil,AMRO,256810.0,3532330,6835.0,113358
2020-08-30,BR,Brazil,AMRO,272473.0,3804803,6146.0,119504
2020-09-06,BR,Brazil,AMRO,288029.0,4092832,6017.0,125521
2020-09-13,BR,Brazil,AMRO,189332.0,4282164,4875.0,130396
2020-09-20,BR,Brazil,AMRO,213019.0,4495183,5397.0,135793
2020-09-27,BR,Brazil,AMRO,194430.0,4689613,4744.0,140537
2020-10-04,BR,Brazil,AMRO,190910.0,4880523,4851.0,145388
2020-10-11,BR,Brazil,AMRO,175365.0,5055888,4251.0,149639
2020-10-18,BR,Brazil,AMRO,144412.0,5200300,3575.0,153214
2020-10-25,BR,Brazil,AMRO,153356.0,5353656,3257.0,156471
2020-11-01,BR,Brazil,AMRO,163002.0,5516658,3006.0,159477
2020-11-08,BR,Brazil,AMRO,114523.0,5631181,2538.0,162015
2020-11-15,BR,Brazil,AMRO,179471.0,5810652,2722.0,164737
2020-11-22,BR,Brazil,AMRO,209512.0,6020164,3876.0,168613
2020-11-29,BR,Brazil,AMRO,218186.0,6238350,3361.0,171974
2020-12-06,BR,Brazil,AMRO,295618.0,6533968,3990.0,175964
2020-12-13,BR,Brazil,AMRO,302259.0,6836227,4473.0,180437
2020-12-20,BR,Brazil,AMRO,326751.0,7162978,5213.0,185650
2020-12-27,BR,Brazil,AMRO,285582.0,7448560,4838.0,190488
2021-01-03,BR,Brazil,AMRO,252018.0,7700578,4923.0,195411
2021-01-10,BR,Brazil,AMRO,313130.0,8013708,6049.0,201460
2021-01-17,BR,Brazil,AMRO,379784.0,8393492,6786.0,208246
2021-01-24,BR,Brazil,AMRO,360428.0,8753920,6997.0,215243
2021-01-31,BR,Brazil,AMRO,364593.0,9118513,7423.0,222666
2021-02-07,BR,Brazil,AMRO,328652.0,9447165,7368.0,230034
2021-02-14,BR,Brazil,AMRO,318290.0,9765455,7455.0,237489
2021-02-21,BR,Brazil,AMRO,316221.0,10081676,7276.0,244765
2021-02-28,BR,Brazil,AMRO,373954.0,10455630,8070.0,252835
2021-03-07,BR,Brazil,AMRO,413597.0,10869227,9935.0,262770
2021-03-14,BR,Brazil,AMRO,494153.0,11363380,12335.0,275105
2021-03-21,BR,Brazil,AMRO,508010.0,11871390,15209.0,290314
2021-03-28,BR,Brazil,AMRO,533024.0,12404414,16798.0,307112
2021-04-04,BR,Brazil,AMRO,505668.0,12910082,21094.0,328206
2021-04-11,BR,Brazil,AMRO,463092.0,13373174,20512.0,348718
2021-04-18,BR,Brazil,AMRO,459281.0,13832455,20031.0,368749
2021-04-25,BR,Brazil,AMRO,404623.0,14237078,17667.0,386416
2021-05-02,BR,Brazil,AMRO,421933.0,14659011,17365.0,403781
2021-05-09,BR,Brazil,AMRO,423438.0,15082449,15333.0,419114
2021-05-16,BR,Brazil,AMRO,437076.0,15519525,13514.0,432628
2021-05-23,BR,Brazil,AMRO,451424.0,15970949,13681.0,446309
2021-05-30,BR,Brazil,AMRO,420981.0,16391930,12736.0,459045
2021-06-06,BR,Brazil,AMRO,449478.0,16841408,11797.0,470842
2021-06-13,BR,Brazil,AMRO,454710.0,17296118,13393.0,484235
2021-06-20,BR,Brazil,AMRO,505344.0,17801462,14264.0,498499
2021-06-27,BR,Brazil,AMRO,521298.0,18322760,12643.0,511142
2021-07-04,BR,Brazil,AMRO,364709.0,18687469,10810.0,521952
2021-07-11,BR,Brazil,AMRO,333030.0,19020499,9736.0,531688
2021-07-18,BR,Brazil,AMRO,287610.0,19308109,8710.0,540398
2021-07-25,BR,Brazil,AMRO,324334.0,19632443,7942.0,548340
2021-08-01,BR,Brazil,AMRO,247830.0,19880273,7120.0,555460
2021-08-08,BR,Brazil,AMRO,228473.0,20108746,6302.0,561762
2021-08-15,BR,Brazil,AMRO,210254.0,20319000,6100.0,567862
2021-08-22,BR,Brazil,AMRO,209099.0,20528099,5649.0,573511
2021-08-29,BR,Brazil,AMRO,175807.0,20703906,4815.0,578326
2021-09-05,BR,Brazil,AMRO,152154.0,20856060,4344.0,582670
2021-09-12,BR,Brazil,AMRO,118790.0,20974850,3176.0,585846
2021-09-19,BR,Brazil,AMRO,105369.0,21080219,3727.0,589573
2021-09-26,BR,Brazil,AMRO,247397.0,21327616,4090.0,593663
2021-10-03,BR,Brazil,AMRO,118035.0,21445651,3562.0,597225
2021-10-10,BR,Brazil,AMRO,105079.0,21550730,3200.0,600425
2021-10-17,BR,Brazil,AMRO,76746.0,21627476,2244.0,602669
2021-10-24,BR,Brazil,AMRO,84367.0,21711843,2470.0,605139
2021-10-31,BR,Brazil,AMRO,81558.0,21793401,2323.0,607462
2021-11-07,BR,Brazil,AMRO,69057.0,21862458,1598.0,609060
2021-11-14,BR,Brazil,AMRO,76738.0,21939196,1431.0,610491
2021-11-21,BR,Brazil,AMRO,64121.0,22003317,1879.0,612370
2021-11-28,BR,Brazil,AMRO,64313.0,22067630,1587.0,613957
2021-12-05,BR,Brazil,AMRO,61779.0,22129409,1443.0,615400
2021-12-12,BR,Brazil,AMRO,55415.0,22184824,1291.0,616691
2021-12-19,BR,Brazil,AMRO,24196.0,22209020,910.0,617601
2021-12-26,BR,Brazil,AMRO,21717.0,22230737,791.0,618392
2022-01-02,BR,Brazil,AMRO,56784.0,22287521,664.0,619056
2022-01-09,BR,Brazil,AMRO,162701.0,22450222,766.0,619822
2022-01-16,BR,Brazil,AMRO,476981.0,22927203,974.0,620796
2022-01-23,BR,Brazil,AMRO,824579.0,23751782,1767.0,622563
2022-01-30,BR,Brazil,AMRO,1283024.0,25034806,3321.0,625884
2022-02-06,BR,Brazil,AMRO,1241025.0,26275831,4610.0,630494
2022-02-13,BR,Brazil,AMRO,1009678.0,27285509,6658.0,637152
2022-02-20,BR,Brazil,AMRO,773353.0,28058862,5877.0,643029
2022-02-27,BR,Brazil,AMRO,519785.0,28578647,4361.0,647390
2022-03-06,BR,Brazil,AMRO,395152.0,28973799,3865.0,651255
2022-03-13,BR,Brazil,AMRO,331315.0,29305114,3301.0,654556
2022-03-20,BR,Brazil,AMRO,267998.0,29573112,2242.0,656798
2022-03-27,BR,Brazil,AMRO,229145.0,29802257,1768.0,658566
2022-04-03,BR,Brazil,AMRO,172908.0,29975165,1436.0,660002
2022-04-10,BR,Brazil,AMRO,148798.0,30123963,1120.0,661122
2022-04-17,BR,Brazil,AMRO,123339.0,30247302,785.0,661907
2022-04-24,BR,Brazil,AMRO,91395.0,30338697,650.0,662557
2022-05-01,BR,Brazil,AMRO,94345.0,30433042,853.0,663410
2022-05-08,BR,Brazil,AMRO,110866.0,30543908,681.0,664091
2022-05-15,BR,Brazil,AMRO,120831.0,30664739,689.0,664780
2022-05-22,BR,Brazil,AMRO,97674.0,30762413,713.0,665493
2022-05-29,BR,Brazil,AMRO,158732.0,30921145,826.0,666319
2022-06-05,BR,Brazil,AMRO,216334.0,31137479,652.0,666971
2022-06-12,BR,Brazil,AMRO,279862.0,31417341,989.0,667960
2022-06-19,BR,Brazil,AMRO,256034.0,31673375,956.0,668916
2022-06-26,BR,Brazil,AMRO,349791.0,32023166,1313.0,670229
2022-07-03,BR,Brazil,AMRO,410897.0,32434063,1471.0,671700
2022-07-10,BR,Brazil,AMRO,396781.0,32830844,1639.0,673339
2022-07-17,BR,Brazil,AMRO,419273.0,33250117,1751.0,675090
2022-07-24,BR,Brazil,AMRO,255610.0,33505727,1396.0,676486
2022-07-31,BR,Brazil,AMRO,284971.0,33790698,1827.0,678313
2022-08-07,BR,Brazil,AMRO,203772.0,33994470,1445.0,679758
2022-08-14,BR,Brazil,AMRO,153661.0,34148131,1495.0,681253
2022-08-21,BR,Brazil,AMRO,116106.0,34264237,1105.0,682358
2022-08-28,BR,Brazil,AMRO,104672.0,34368909,1039.0,683397
2022-09-04,BR,Brazil,AMRO,87236.0,34456145,865.0,684262
2022-09-11,BR,Brazil,AMRO,60594.0,34516739,551.0,684813
2022-09-18,BR,Brazil,AMRO,62346.0,34579085,487.0,685300
2022-09-25,BR,Brazil,AMRO,45342.0,34624427,450.0,685750
2022-10-02,BR,Brazil,AMRO,48097.0,34672524,286.0,686036
2022-10-09,BR,Brazil,AMRO,42613.0,34715137,767.0,686803
2022-10-16,BR,Brazil,AMRO,31325.0,34746462,341.0,687144
2022-10-23,BR,Brazil,AMRO,34180.0,34780642,383.0,687527
2022-10-30,BR,Brazil,AMRO,41585.0,34822227,553.0,688080
2022-11-06,BR,Brazil,AMRO,26836.0,34849063,252.0,688332
2022-11-13,BR,Brazil,AMRO,59135.0,34908198,324.0,688656
2022-11-20,BR,Brazil,AMRO,91297.0,34999495,251.0,688907
2022-11-27,BR,Brazil,AMRO,150008.0,35149503,535.0,689442
2022-12-04,BR,Brazil,AMRO,188043.0,35337546,632.0,690074
2022-12-11,BR,Brazil,AMRO,194170.0,35531716,603.0,690677
2022-12-18,BR,Brazil,AMRO,337810.0,35869526,1133.0,691810
2022-12-25,BR,Brazil,AMRO,254811.0,36124337,933.0,692743
2023-01-01,BR,Brazil,AMRO,206944.0,36331281,1110.0,693853
2023-01-08,BR,Brazil,AMRO,145933.0,36477214,926.0,694779
2023-01-15,BR,Brazil,AMRO,120721.0,36597935,457.0,695236
2023-01-22,BR,Brazil,AMRO,114916.0,36712851,952.0,696188
2023-01-29,BR,Brazil,AMRO,78416.0,36791267,554.0,696742
2023-02-05,BR,Brazil,AMRO,75391.0,36866658,603.0,697345
2023-02-12,BR,Brazil,AMRO,63681.0,36930339,317.0,697662
2023-02-19,BR,Brazil,AMRO,57343.0,36987682,385.0,698047
2023-02-26,BR,Brazil,AMRO,32849.0,37020531,881.0,698928
2023-03-05,BR,Brazil,AMRO,55522.0,37076053,348.0,699276
2023-03-12,BR,Brazil,AMRO,9467.0,37085520,34.0,699310
2023-03-19,BR,Brazil,AMRO,59994.0,37145514,324.0,699634
2023-03-26,BR,Brazil,AMRO,59163.0,37204677,283.0,699917
2023-04-02,BR,Brazil,AMRO,53986.0,37258663,322.0,700239
2023-04-09,BR,Brazil,AMRO,60591.0,37319254,317.0,700556
2023-04-16,BR,Brazil,AMRO,38838.0,37358092,255.0,700811
2023-04-23,BR,Brazil,AMRO,49140.0,37407232,404.0,701215
2023-04-30,BR,Brazil,AMRO,42186.0,37449418,279.0,701494
2023-05-07,BR,Brazil,AMRO,38553.0,37487971,339.0,701833
2023-05-14,BR,Brazil,AMRO,23950.0,37511921,283.0,702116
2023-05-21,BR,Brazil,AMRO,0.0,37511921,0.0,702116
2023-05-28,BR,Brazil,AMRO,603.0,37512524,0.0,702116
2023-06-04,BR,Brazil,AMRO,461.0,37512985,0.0,702116
2023-06-11,BR,Brazil,AMRO,318.0,37513303,0.0,702116
2023-06-18,BR,Brazil,AMRO,346.0,37513649,0.0,702116
2023-06-25,BR,Brazil,AMRO,346.0,37513995,0.0,702116
2023-07-02,BR,Brazil,AMRO,280.0,37514275,0.0,702116
2023-07-09,BR,Brazil,AMRO,262.0,37514537,0.0,702116
2023-07-16,BR,Brazil,AMRO,204.0,37514741,0.0,702116
2023-07-23,BR,Brazil,AMRO,164.0,37514905,0.0,702116
2023-07-30,BR,Brazil,AMRO,161.0,37515066,0.0,702116
2023-08-06,BR,Brazil,AMRO,207.0,37515273,0.0,702116
2023-08-13,BR,Brazil,AMRO,236.0,37515509,0.0,702116
2023-08-20,BR,Brazil,AMRO,384.0,37515893,0.0,702116
2023-08-27,BR,Brazil,AMRO,486.0,37516379,0.0,702116
2023-09-03,BR,Brazil,AMRO,558.0,37516937,0.0,702116
2023-09-10,BR,Brazil,AMRO,646.0,37517583,0.0,702116
2023-09-17,BR,Brazil,AMRO,1147.0,37518730,0.0,702116
2023-09-24,BR,Brazil,AMRO,1022.0,37519752,0.0,702116
2023-10-01,BR,Brazil,AMRO,208.0,37519960,0.0,702116
2023-10-08,BR,Brazil,AMRO,0.0,37519960,0.0,702116
2023-10-15,BR,Brazil,AMRO,0.0,37519960,0.0,702116
2023-10-22,BR,Brazil,AMRO,0.0,37519960,0.0,702116
2023-10-29,BR,Brazil,AMRO,0.0,37519960,0.0,702116
2023-11-05,BR,Brazil,AMRO,0.0,37519960,0.0,702116
2023-11-12,BR,Brazil,AMRO,0.0,37519960,0.0,702116
2023-11-19,BR,Brazil,AMRO,0.0,37519960,0.0,702116
2023-11-26,BR,Brazil,AMRO,0.0,37519960,0.0,702116
2023-12-03,BR,Brazil,AMRO,0.0,37519960,0.0,702116
2023-12-10,BR,Brazil,AMRO,0.0,37519960,0.0,702116
2023-12-17,BR,Brazil,AMRO,0.0,37519960,0.0,702116
2023-12-24,BR,Brazil,AMRO,0.0,37519960,0.0,702116
2023-12-31,BR,Brazil,AMRO,0.0,37519960,0.0,702116
2024-01-07,BR,Brazil,AMRO,0.0,37519960,0.0,702116
2024-01-14,BR,Brazil,AMRO,0.0,37519960,0.0,702116
2024-01-21,BR,Brazil,AMRO,0.0,37519960,0.0,702116
2024-01-28,BR,Brazil,AMRO,0.0,37519960,0.0,702116
2024-02-04,BR,Brazil,AMRO,0.0,37519960,0.0,702116
2024-02-11,BR,Brazil,AMRO,0.0,37519960,0.0,702116
2024-02-18,BR,Brazil,AMRO,0.0,37519960,0.0,702116
2024-02-25,BR,Brazil,AMRO,0.0,37519960,0.0,702116
2024-03-03,BR,Brazil,AMRO,0.0,37519960,0.0,702116
2024-03-10,BR,Brazil,AMRO,0.0,37519960,0.0,702116
2024-03-17,BR,Brazil,AMRO,0.0,37519960,0.0,702116
2024-03-24,BR,Brazil,AMRO,0.0,37519960,0.0,702116
2024-03-31,BR,Brazil,AMRO,0.0,37519960,0.0,702116
2024-04-07,BR,Brazil,AMRO,0.0,37519960,0.0,702116
2024-04-14,BR,Brazil,AMRO,0.0,37519960,0.0,702116
2024-04-21,BR,Brazil,AMRO,0.0,37519960,0.0,702116
2024-04-28,BR,Brazil,AMRO,0.0,37519960,0.0,702116
