Date_reported,Country_code,Country,WHO_region,New_cases,Cumulative_cases,New_deaths,Cumulative_deaths
2020-01-05,CD,Democratic Republic of the Congo,AFRO,0.0,0,0.0,0
2020-01-12,CD,Democratic Republic of the Congo,AFRO,0.0,0,0.0,0
2020-01-19,CD,Democratic Republic of the Congo,AFRO,0.0,0,0.0,0
2020-01-26,CD,Democratic Republic of the Congo,AFRO,0.0,0,0.0,0
2020-02-02,CD,Democratic Republic of the Congo,AFRO,0.0,0,0.0,0
2020-02-09,CD,Democratic Republic of the Congo,AFRO,0.0,0,0.0,0
2020-02-16,CD,Democratic Republic of the Congo,AFRO,0.0,0,0.0,0
2020-02-23,CD,Democratic Republic of the Congo,AFRO,0.0,0,0.0,0
2020-03-01,CD,Democratic Republic of the Congo,AFRO,0.0,0,0.0,0
2020-03-08,CD,Democratic Republic of the Congo,AFRO,0.0,0,0.0,0
2020-03-15,CD,Democratic Republic of the Congo,AFRO,2.0,2,0.0,0
2020-03-22,CD,Democratic Republic of the Congo,AFRO,28.0,30,0.0,0
2020-03-29,CD,Democratic Republic of the Congo,AFRO,35.0,65,0.0,0
2020-04-05,CD,Democratic Republic of the Congo,AFRO,89.0,154,0.0,0
2020-04-12,CD,Democratic Republic of the Congo,AFRO,80.0,234,0.0,0
2020-04-19,CD,Democratic Republic of the Congo,AFRO,93.0,327,213.0,213
2020-04-26,CD,Democratic Republic of the Congo,AFRO,115.0,442,3.0,216
2020-05-03,CD,Democratic Republic of the Congo,AFRO,232.0,674,5.0,221
2020-05-10,CD,Democratic Republic of the Congo,AFRO,317.0,991,8.0,229
2020-05-17,CD,Democratic Republic of the Congo,AFRO,463.0,1454,19.0,248
2020-05-24,CD,Democratic Republic of the Congo,AFRO,686.0,2140,2.0,250
2020-05-31,CD,Democratic Republic of the Congo,AFRO,908.0,3048,9.0,259
2020-06-07,CD,Democratic Republic of the Congo,AFRO,829.0,3877,11.0,270
2020-06-14,CD,Democratic Republic of the Congo,AFRO,900.0,4777,24.0,294
2020-06-21,CD,Democratic Republic of the Congo,AFRO,1048.0,5825,24.0,318
2020-06-28,CD,Democratic Republic of the Congo,AFRO,1001.0,6826,28.0,346
2020-07-05,CD,Democratic Republic of the Congo,AFRO,584.0,7410,23.0,369
2020-07-12,CD,Democratic Republic of the Congo,AFRO,622.0,8032,6.0,375
2020-07-19,CD,Democratic Republic of the Congo,AFRO,370.0,8402,5.0,380
2020-07-26,CD,Democratic Republic of the Congo,AFRO,427.0,8829,10.0,390
2020-08-02,CD,Democratic Republic of the Congo,AFRO,285.0,9114,11.0,401
2020-08-09,CD,Democratic Republic of the Congo,AFRO,339.0,9453,10.0,411
2020-08-16,CD,Democratic Republic of the Congo,AFRO,222.0,9675,16.0,427
2020-08-23,CD,Democratic Republic of the Congo,AFRO,154.0,9829,11.0,438
2020-08-30,CD,Democratic Republic of the Congo,AFRO,215.0,10044,7.0,445
2020-09-06,CD,Democratic Republic of the Congo,AFRO,165.0,10209,0.0,445
2020-09-13,CD,Democratic Republic of the Congo,AFRO,180.0,10389,2.0,447
2020-09-20,CD,Democratic Republic of the Congo,AFRO,125.0,10514,6.0,453
2020-09-27,CD,Democratic Republic of the Congo,AFRO,97.0,10611,0.0,453
2020-10-04,CD,Democratic Republic of the Congo,AFRO,148.0,10759,3.0,456
2020-10-11,CD,Democratic Republic of the Congo,AFRO,97.0,10856,2.0,458
2020-10-18,CD,Democratic Republic of the Congo,AFRO,171.0,11027,26.0,484
2020-10-25,CD,Democratic Republic of the Congo,AFRO,133.0,11160,3.0,487
2020-11-01,CD,Democratic Republic of the Congo,AFRO,212.0,11372,3.0,490
2020-11-08,CD,Democratic Republic of the Congo,AFRO,218.0,11590,8.0,498
2020-11-15,CD,Democratic Republic of the Congo,AFRO,248.0,11838,5.0,503
2020-11-22,CD,Democratic Republic of the Congo,AFRO,400.0,12238,7.0,510
2020-11-29,CD,Democratic Republic of the Congo,AFRO,463.0,12701,5.0,515
2020-12-06,CD,Democratic Republic of the Congo,AFRO,825.0,13526,11.0,526
2020-12-13,CD,Democratic Republic of the Congo,AFRO,934.0,14460,12.0,538
2020-12-20,CD,Democratic Republic of the Congo,AFRO,1033.0,15493,14.0,552
2020-12-27,CD,Democratic Republic of the Congo,AFRO,1344.0,16837,27.0,579
2021-01-03,CD,Democratic Republic of the Congo,AFRO,1264.0,18101,22.0,601
2021-01-10,CD,Democratic Republic of the Congo,AFRO,1333.0,19434,9.0,610
2021-01-17,CD,Democratic Republic of the Congo,AFRO,1473.0,20907,20.0,630
2021-01-24,CD,Democratic Republic of the Congo,AFRO,961.0,21868,31.0,661
2021-01-31,CD,Democratic Republic of the Congo,AFRO,902.0,22770,10.0,671
2021-02-07,CD,Democratic Republic of the Congo,AFRO,828.0,23598,10.0,681
2021-02-14,CD,Democratic Republic of the Congo,AFRO,696.0,24294,11.0,692
2021-02-21,CD,Democratic Republic of the Congo,AFRO,850.0,25144,8.0,700
2021-02-28,CD,Democratic Republic of the Congo,AFRO,768.0,25912,7.0,707
2021-03-07,CD,Democratic Republic of the Congo,AFRO,628.0,26540,5.0,712
2021-03-14,CD,Democratic Republic of the Congo,AFRO,473.0,27013,5.0,717
2021-03-21,CD,Democratic Republic of the Congo,AFRO,539.0,27552,9.0,726
2021-03-28,CD,Democratic Republic of the Congo,AFRO,377.0,27929,13.0,739
2021-04-04,CD,Democratic Republic of the Congo,AFRO,395.0,28324,6.0,745
2021-04-11,CD,Democratic Republic of the Congo,AFRO,254.0,28578,0.0,745
2021-04-18,CD,Democratic Republic of the Congo,AFRO,377.0,28955,0.0,745
2021-04-25,CD,Democratic Republic of the Congo,AFRO,620.0,29575,11.0,756
2021-05-02,CD,Democratic Republic of the Congo,AFRO,389.0,29964,12.0,768
2021-05-09,CD,Democratic Republic of the Congo,AFRO,358.0,30322,4.0,772
2021-05-16,CD,Democratic Republic of the Congo,AFRO,239.0,30561,4.0,776
2021-05-23,CD,Democratic Republic of the Congo,AFRO,412.0,30973,3.0,779
2021-05-30,CD,Democratic Republic of the Congo,AFRO,583.0,31556,3.0,782
2021-06-06,CD,Democratic Republic of the Congo,AFRO,1645.0,33201,22.0,804
2021-06-13,CD,Democratic Republic of the Congo,AFRO,2026.0,35227,30.0,834
2021-06-20,CD,Democratic Republic of the Congo,AFRO,2581.0,37808,45.0,879
2021-06-27,CD,Democratic Republic of the Congo,AFRO,2445.0,40253,37.0,916
2021-07-04,CD,Democratic Republic of the Congo,AFRO,1927.0,42180,44.0,960
2021-07-11,CD,Democratic Republic of the Congo,AFRO,1958.0,44138,20.0,980
2021-07-18,CD,Democratic Republic of the Congo,AFRO,1870.0,46008,38.0,1018
2021-07-25,CD,Democratic Republic of the Congo,AFRO,2119.0,48127,5.0,1023
2021-08-01,CD,Democratic Republic of the Congo,AFRO,1889.0,50016,15.0,1038
2021-08-08,CD,Democratic Republic of the Congo,AFRO,1872.0,51888,10.0,1048
2021-08-15,CD,Democratic Republic of the Congo,AFRO,1365.0,53253,2.0,1050
2021-08-22,CD,Democratic Republic of the Congo,AFRO,883.0,54136,5.0,1055
2021-08-29,CD,Democratic Republic of the Congo,AFRO,726.0,54862,4.0,1059
2021-09-05,CD,Democratic Republic of the Congo,AFRO,1135.0,55997,2.0,1061
2021-09-12,CD,Democratic Republic of the Congo,AFRO,280.0,56277,7.0,1068
2021-09-19,CD,Democratic Republic of the Congo,AFRO,257.0,56534,0.0,1068
2021-09-26,CD,Democratic Republic of the Congo,AFRO,402.0,56936,16.0,1084
2021-10-03,CD,Democratic Republic of the Congo,AFRO,146.0,57082,2.0,1086
2021-10-10,CD,Democratic Republic of the Congo,AFRO,180.0,57262,1.0,1087
2021-10-17,CD,Democratic Republic of the Congo,AFRO,99.0,57361,4.0,1091
2021-10-24,CD,Democratic Republic of the Congo,AFRO,103.0,57464,0.0,1091
2021-10-31,CD,Democratic Republic of the Congo,AFRO,117.0,57581,7.0,1098
2021-11-07,CD,Democratic Republic of the Congo,AFRO,79.0,57660,1.0,1099
2021-11-14,CD,Democratic Republic of the Congo,AFRO,181.0,57841,0.0,1099
2021-11-21,CD,Democratic Republic of the Congo,AFRO,212.0,58053,5.0,1104
2021-11-28,CD,Democratic Republic of the Congo,AFRO,252.0,58305,3.0,1107
2021-12-05,CD,Democratic Republic of the Congo,AFRO,869.0,59174,6.0,1113
2021-12-12,CD,Democratic Republic of the Congo,AFRO,3253.0,62427,13.0,1126
2021-12-19,CD,Democratic Republic of the Congo,AFRO,6900.0,69327,0.0,1126
2021-12-26,CD,Democratic Republic of the Congo,AFRO,5717.0,75044,79.0,1205
2022-01-02,CD,Democratic Republic of the Congo,AFRO,4897.0,79941,20.0,1225
2022-01-09,CD,Democratic Republic of the Congo,AFRO,2364.0,82305,0.0,1225
2022-01-16,CD,Democratic Republic of the Congo,AFRO,1892.0,84197,53.0,1278
2022-01-23,CD,Democratic Republic of the Congo,AFRO,728.0,84925,0.0,1278
2022-01-30,CD,Democratic Republic of the Congo,AFRO,584.0,85509,0.0,1278
2022-02-06,CD,Democratic Republic of the Congo,AFRO,215.0,85724,38.0,1316
2022-02-13,CD,Democratic Republic of the Congo,AFRO,109.0,85833,0.0,1316
2022-02-20,CD,Democratic Republic of the Congo,AFRO,123.0,85956,19.0,1335
2022-02-27,CD,Democratic Republic of the Congo,AFRO,182.0,86138,0.0,1335
2022-03-06,CD,Democratic Republic of the Congo,AFRO,151.0,86289,0.0,1335
2022-03-13,CD,Democratic Republic of the Congo,AFRO,171.0,86460,0.0,1335
2022-03-20,CD,Democratic Republic of the Congo,AFRO,137.0,86597,0.0,1335
2022-03-27,CD,Democratic Republic of the Congo,AFRO,150.0,86747,2.0,1337
2022-04-03,CD,Democratic Republic of the Congo,AFRO,125.0,86872,0.0,1337
2022-04-10,CD,Democratic Republic of the Congo,AFRO,21.0,86893,0.0,1337
2022-04-17,CD,Democratic Republic of the Congo,AFRO,130.0,87023,0.0,1337
2022-04-24,CD,Democratic Republic of the Congo,AFRO,128.0,87151,0.0,1337
2022-05-01,CD,Democratic Republic of the Congo,AFRO,146.0,87297,1.0,1338
2022-05-08,CD,Democratic Republic of the Congo,AFRO,128.0,87425,0.0,1338
2022-05-15,CD,Democratic Republic of the Congo,AFRO,208.0,87633,0.0,1338
2022-05-22,CD,Democratic Republic of the Congo,AFRO,629.0,88262,0.0,1338
2022-05-29,CD,Democratic Republic of the Congo,AFRO,584.0,88846,0.0,1338
2022-06-05,CD,Democratic Republic of the Congo,AFRO,875.0,89721,2.0,1340
2022-06-12,CD,Democratic Republic of the Congo,AFRO,665.0,90386,10.0,1350
2022-06-19,CD,Democratic Republic of the Congo,AFRO,414.0,90800,4.0,1354
2022-06-26,CD,Democratic Republic of the Congo,AFRO,555.0,91355,18.0,1372
2022-07-03,CD,Democratic Republic of the Congo,AFRO,154.0,91509,4.0,1376
2022-07-10,CD,Democratic Republic of the Congo,AFRO,339.0,91848,1.0,1377
2022-07-17,CD,Democratic Republic of the Congo,AFRO,80.0,91928,13.0,1390
2022-07-24,CD,Democratic Republic of the Congo,AFRO,373.0,92301,0.0,1390
2022-07-31,CD,Democratic Republic of the Congo,AFRO,129.0,92430,1.0,1391
2022-08-07,CD,Democratic Republic of the Congo,AFRO,93.0,92523,2.0,1393
2022-08-14,CD,Democratic Republic of the Congo,AFRO,55.0,92578,0.0,1393
2022-08-21,CD,Democratic Republic of the Congo,AFRO,51.0,92629,3.0,1396
2022-08-28,CD,Democratic Republic of the Congo,AFRO,54.0,92683,5.0,1401
2022-09-04,CD,Democratic Republic of the Congo,AFRO,52.0,92735,4.0,1405
2022-09-11,CD,Democratic Republic of the Congo,AFRO,50.0,92785,18.0,1423
2022-09-18,CD,Democratic Republic of the Congo,AFRO,56.0,92841,19.0,1442
2022-09-25,CD,Democratic Republic of the Congo,AFRO,43.0,92884,0.0,1442
2022-10-02,CD,Democratic Republic of the Congo,AFRO,36.0,92920,1.0,1443
2022-10-09,CD,Democratic Republic of the Congo,AFRO,47.0,92967,1.0,1444
2022-10-16,CD,Democratic Republic of the Congo,AFRO,4.0,92971,0.0,1444
2022-10-23,CD,Democratic Republic of the Congo,AFRO,55.0,93026,1.0,1445
2022-10-30,CD,Democratic Republic of the Congo,AFRO,59.0,93085,0.0,1445
2022-11-06,CD,Democratic Republic of the Congo,AFRO,319.0,93404,2.0,1447
2022-11-13,CD,Democratic Republic of the Congo,AFRO,374.0,93778,2.0,1449
2022-11-20,CD,Democratic Republic of the Congo,AFRO,376.0,94154,6.0,1455
2022-11-27,CD,Democratic Republic of the Congo,AFRO,49.0,94203,0.0,1455
2022-12-04,CD,Democratic Republic of the Congo,AFRO,248.0,94451,1.0,1456
2022-12-11,CD,Democratic Republic of the Congo,AFRO,262.0,94713,1.0,1457
2022-12-18,CD,Democratic Republic of the Congo,AFRO,256.0,94969,4.0,1461
2022-12-25,CD,Democratic Republic of the Congo,AFRO,101.0,95070,1.0,1462
2023-01-01,CD,Democratic Republic of the Congo,AFRO,102.0,95172,0.0,1462
2023-01-08,CD,Democratic Republic of the Congo,AFRO,83.0,95255,0.0,1462
2023-01-15,CD,Democratic Republic of the Congo,AFRO,90.0,95345,1.0,1463
2023-01-22,CD,Democratic Republic of the Congo,AFRO,127.0,95472,0.0,1463
2023-01-29,CD,Democratic Republic of the Congo,AFRO,41.0,95513,0.0,1463
2023-02-05,CD,Democratic Republic of the Congo,AFRO,71.0,95584,0.0,1463
2023-02-12,CD,Democratic Republic of the Congo,AFRO,61.0,95645,1.0,1464
2023-02-19,CD,Democratic Republic of the Congo,AFRO,65.0,95710,0.0,1464
2023-02-26,CD,Democratic Republic of the Congo,AFRO,38.0,95748,0.0,1464
2023-03-05,CD,Democratic Republic of the Congo,AFRO,31.0,95779,0.0,1464
2023-03-12,CD,Democratic Republic of the Congo,AFRO,35.0,95814,0.0,1464
2023-03-19,CD,Democratic Republic of the Congo,AFRO,47.0,95861,0.0,1464
2023-03-26,CD,Democratic Republic of the Congo,AFRO,34.0,95895,0.0,1464
2023-04-02,CD,Democratic Republic of the Congo,AFRO,49.0,95944,0.0,1464
2023-04-09,CD,Democratic Republic of the Congo,AFRO,0.0,95944,0.0,1464
2023-04-16,CD,Democratic Republic of the Congo,AFRO,0.0,95944,0.0,1464
2023-04-23,CD,Democratic Republic of the Congo,AFRO,125.0,96069,0.0,1464
2023-04-30,CD,Democratic Republic of the Congo,AFRO,143.0,96212,0.0,1464
2023-05-07,CD,Democratic Republic of the Congo,AFRO,191.0,96403,1.0,1465
2023-05-14,CD,Democratic Republic of the Congo,AFRO,249.0,96652,2.0,1467
2023-05-21,CD,Democratic Republic of the Congo,AFRO,238.0,96890,0.0,1467
2023-05-28,CD,Democratic Republic of the Congo,AFRO,122.0,97012,1.0,1468
2023-06-04,CD,Democratic Republic of the Congo,AFRO,210.0,97222,0.0,1468
2023-06-11,CD,Democratic Republic of the Congo,AFRO,187.0,97409,0.0,1468
2023-06-18,CD,Democratic Republic of the Congo,AFRO,0.0,97409,0.0,1468
2023-06-25,CD,Democratic Republic of the Congo,AFRO,182.0,97591,0.0,1468
2023-07-02,CD,Democratic Republic of the Congo,AFRO,106.0,97697,0.0,1468
2023-07-09,CD,Democratic Republic of the Congo,AFRO,0.0,97697,0.0,1468
2023-07-16,CD,Democratic Republic of the Congo,AFRO,0.0,97697,0.0,1468
2023-07-23,CD,Democratic Republic of the Congo,AFRO,0.0,97697,0.0,1468
2023-07-30,CD,Democratic Republic of the Congo,AFRO,0.0,97697,0.0,1468
2023-08-06,CD,Democratic Republic of the Congo,AFRO,0.0,97697,0.0,1468
2023-08-13,CD,Democratic Republic of the Congo,AFRO,574.0,98271,0.0,1468
2023-08-20,CD,Democratic Republic of the Congo,AFRO,221.0,98492,0.0,1468
2023-08-27,CD,Democratic Republic of the Congo,AFRO,39.0,98531,0.0,1468
2023-09-03,CD,Democratic Republic of the Congo,AFRO,27.0,98558,0.0,1468
2023-09-10,CD,Democratic Republic of the Congo,AFRO,272.0,98830,0.0,1468
2023-09-17,CD,Democratic Republic of the Congo,AFRO,33.0,98863,0.0,1468
2023-09-24,CD,Democratic Republic of the Congo,AFRO,28.0,98891,0.0,1468
2023-10-01,CD,Democratic Republic of the Congo,AFRO,290.0,99181,0.0,1468
2023-10-08,CD,Democratic Republic of the Congo,AFRO,105.0,99286,0.0,1468
2023-10-15,CD,Democratic Republic of the Congo,AFRO,2.0,99288,0.0,1468
2023-10-22,CD,Democratic Republic of the Congo,AFRO,3.0,99291,0.0,1468
2023-10-29,CD,Democratic Republic of the Congo,AFRO,1.0,99292,0.0,1468
2023-11-05,CD,Democratic Republic of the Congo,AFRO,41.0,99333,0.0,1468
2023-11-12,CD,Democratic Republic of the Congo,AFRO,0.0,99333,0.0,1468
2023-11-19,CD,Democratic Republic of the Congo,AFRO,0.0,99333,0.0,1468
2023-11-26,CD,Democratic Republic of the Congo,AFRO,0.0,99333,0.0,1468
2023-12-03,CD,Democratic Republic of the Congo,AFRO,0.0,99333,0.0,1468
2023-12-10,CD,Democratic Republic of the Congo,AFRO,0.0,99333,0.0,1468
2023-12-17,CD,Democratic Republic of the Congo,AFRO,5.0,99338,0.0,1468
2023-12-24,CD,Democratic Republic of the Congo,AFRO,0.0,99338,0.0,1468
2023-12-31,CD,Democratic Republic of the Congo,AFRO,0.0,99338,0.0,1468
2024-01-07,CD,Democratic Republic of the Congo,AFRO,0.0,99338,0.0,1468
2024-01-14,CD,Democratic Republic of the Congo,AFRO,0.0,99338,0.0,1468
2024-01-21,CD,Democratic Republic of the Congo,AFRO,0.0,99338,0.0,1468
2024-01-28,CD,Democratic Republic of the Congo,AFRO,0.0,99338,0.0,1468
2024-02-04,CD,Democratic Republic of the Congo,AFRO,0.0,99338,0.0,1468
2024-02-11,CD,Democratic Republic of the Congo,AFRO,0.0,99338,0.0,1468
2024-02-18,CD,Democratic Republic of the Congo,AFRO,0.0,99338,0.0,1468
2024-02-25,CD,Democratic Republic of the Congo,AFRO,0.0,99338,0.0,1468
2024-03-03,CD,Democratic Republic of the Congo,AFRO,0.0,99338,0.0,1468
2024-03-10,CD,Democratic Republic of the Congo,AFRO,0.0,99338,0.0,1468
2024-03-17,CD,Democratic Republic of the Congo,AFRO,0.0,99338,0.0,1468
2024-03-24,CD,Democratic Republic of the Congo,AFRO,0.0,99338,0.0,1468
2024-03-31,CD,Democratic Republic of the Congo,AFRO,0.0,99338,0.0,1468
2024-04-07,CD,Democratic Republic of the Congo,AFRO,0.0,99338,0.0,1468
2024-04-14,CD,Democratic Republic of the Congo,AFRO,0.0,99338,0.0,1468
2024-04-21,CD,Democratic Republic of the Congo,AFRO,0.0,99338,0.0,1468
2024-04-28,CD,Democratic Republic of the Congo,AFRO,0.0,99338,0.0,1468
