Date_reported,Country_code,Country,WHO_region,New_cases,Cumulative_cases,New_deaths,Cumulative_deaths
2020-01-05,CG,Congo,AFRO,0.0,0,0.0,0
2020-01-12,CG,Congo,AFRO,0.0,0,0.0,0
2020-01-19,CG,Congo,AFRO,0.0,0,0.0,0
2020-01-26,CG,Congo,AFRO,0.0,0,0.0,0
2020-02-02,CG,Congo,AFRO,0.0,0,0.0,0
2020-02-09,CG,Congo,AFRO,0.0,0,0.0,0
2020-02-16,CG,Congo,AFRO,0.0,0,0.0,0
2020-02-23,CG,Congo,AFRO,0.0,0,0.0,0
2020-03-01,CG,Congo,AFRO,0.0,0,0.0,0
2020-03-08,CG,Congo,AFRO,0.0,0,0.0,0
2020-03-15,CG,Congo,AFRO,1.0,1,0.0,0
2020-03-22,CG,Congo,AFRO,2.0,3,0.0,0
2020-03-29,CG,Congo,AFRO,16.0,19,0.0,0
2020-04-05,CG,Congo,AFRO,30.0,49,4.0,4
2020-04-12,CG,Congo,AFRO,21.0,70,0.0,4
2020-04-19,CG,Congo,AFRO,73.0,143,1.0,5
2020-04-26,CG,Congo,AFRO,57.0,200,2.0,7
2020-05-03,CG,Congo,AFRO,29.0,229,2.0,9
2020-05-10,CG,Congo,AFRO,58.0,287,0.0,9
2020-05-17,CG,Congo,AFRO,123.0,410,5.0,14
2020-05-24,CG,Congo,AFRO,77.0,487,1.0,15
2020-05-31,CG,Congo,AFRO,117.0,604,4.0,19
2020-06-07,CG,Congo,AFRO,79.0,683,2.0,21
2020-06-14,CG,Congo,AFRO,96.0,779,4.0,25
2020-06-21,CG,Congo,AFRO,104.0,883,2.0,27
2020-06-28,CG,Congo,AFRO,446.0,1329,13.0,40
2020-07-05,CG,Congo,AFRO,228.0,1557,4.0,44
2020-07-12,CG,Congo,AFRO,665.0,2222,3.0,47
2020-07-19,CG,Congo,AFRO,411.0,2633,2.0,49
2020-07-26,CG,Congo,AFRO,526.0,3159,5.0,54
2020-08-02,CG,Congo,AFRO,228.0,3387,2.0,56
2020-08-09,CG,Congo,AFRO,277.0,3664,2.0,58
2020-08-16,CG,Congo,AFRO,167.0,3831,9.0,67
2020-08-23,CG,Congo,AFRO,19.0,3850,1.0,68
2020-08-30,CG,Congo,AFRO,129.0,3979,1.0,69
2020-09-06,CG,Congo,AFRO,888.0,4867,12.0,81
2020-09-13,CG,Congo,AFRO,67.0,4934,7.0,88
2020-09-20,CG,Congo,AFRO,68.0,5002,1.0,89
2020-09-27,CG,Congo,AFRO,89.0,5091,0.0,89
2020-10-04,CG,Congo,AFRO,20.0,5111,0.0,89
2020-10-11,CG,Congo,AFRO,45.0,5156,3.0,92
2020-10-18,CG,Congo,AFRO,0.0,5156,0.0,92
2020-10-25,CG,Congo,AFRO,134.0,5290,0.0,92
2020-11-01,CG,Congo,AFRO,58.0,5348,0.0,92
2020-11-08,CG,Congo,AFRO,31.0,5379,0.0,92
2020-11-15,CG,Congo,AFRO,136.0,5515,0.0,92
2020-11-22,CG,Congo,AFRO,117.0,5632,1.0,93
2020-11-29,CG,Congo,AFRO,142.0,5774,1.0,94
2020-12-06,CG,Congo,AFRO,0.0,5774,0.0,94
2020-12-13,CG,Congo,AFRO,275.0,6049,5.0,99
2020-12-20,CG,Congo,AFRO,224.0,6273,1.0,100
2020-12-27,CG,Congo,AFRO,116.0,6389,0.0,100
2021-01-03,CG,Congo,AFRO,771.0,7160,12.0,112
2021-01-10,CG,Congo,AFRO,441.0,7601,0.0,112
2021-01-17,CG,Congo,AFRO,193.0,7794,5.0,117
2021-01-24,CG,Congo,AFRO,93.0,7887,0.0,117
2021-01-31,CG,Congo,AFRO,173.0,8060,5.0,122
2021-02-07,CG,Congo,AFRO,294.0,8354,0.0,122
2021-02-14,CG,Congo,AFRO,65.0,8419,1.0,123
2021-02-21,CG,Congo,AFRO,206.0,8625,4.0,127
2021-02-28,CG,Congo,AFRO,195.0,8820,1.0,128
2021-03-07,CG,Congo,AFRO,359.0,9179,3.0,131
2021-03-14,CG,Congo,AFRO,150.0,9329,0.0,131
2021-03-21,CG,Congo,AFRO,352.0,9681,4.0,135
2021-03-28,CG,Congo,AFRO,0.0,9681,0.0,135
2021-04-04,CG,Congo,AFRO,403.0,10084,2.0,137
2021-04-11,CG,Congo,AFRO,0.0,10084,0.0,137
2021-04-18,CG,Congo,AFRO,0.0,10084,0.0,137
2021-04-25,CG,Congo,AFRO,594.0,10678,7.0,144
2021-05-02,CG,Congo,AFRO,338.0,11016,3.0,147
2021-05-09,CG,Congo,AFRO,327.0,11343,1.0,148
2021-05-16,CG,Congo,AFRO,133.0,11476,2.0,150
2021-05-23,CG,Congo,AFRO,182.0,11658,3.0,153
2021-05-30,CG,Congo,AFRO,187.0,11845,1.0,154
2021-06-06,CG,Congo,AFRO,75.0,11920,1.0,155
2021-06-13,CG,Congo,AFRO,0.0,11920,0.0,155
2021-06-20,CG,Congo,AFRO,484.0,12404,9.0,164
2021-06-27,CG,Congo,AFRO,192.0,12596,1.0,165
2021-07-04,CG,Congo,AFRO,194.0,12790,2.0,167
2021-07-11,CG,Congo,AFRO,143.0,12933,5.0,172
2021-07-18,CG,Congo,AFRO,117.0,13050,4.0,176
2021-07-25,CG,Congo,AFRO,106.0,13156,1.0,177
2021-08-01,CG,Congo,AFRO,60.0,13216,1.0,178
2021-08-08,CG,Congo,AFRO,77.0,13293,1.0,179
2021-08-15,CG,Congo,AFRO,105.0,13398,0.0,179
2021-08-22,CG,Congo,AFRO,95.0,13493,0.0,179
2021-08-29,CG,Congo,AFRO,95.0,13588,4.0,183
2021-09-05,CG,Congo,AFRO,113.0,13701,0.0,183
2021-09-12,CG,Congo,AFRO,0.0,13701,0.0,183
2021-09-19,CG,Congo,AFRO,313.0,14014,8.0,191
2021-09-26,CG,Congo,AFRO,230.0,14244,2.0,193
2021-10-03,CG,Congo,AFRO,317.0,14561,6.0,199
2021-10-10,CG,Congo,AFRO,694.0,15255,20.0,219
2021-10-17,CG,Congo,AFRO,707.0,15962,12.0,231
2021-10-24,CG,Congo,AFRO,906.0,16868,18.0,249
2021-10-31,CG,Congo,AFRO,802.0,17670,29.0,278
2021-11-07,CG,Congo,AFRO,483.0,18153,31.0,309
2021-11-14,CG,Congo,AFRO,386.0,18539,22.0,331
2021-11-21,CG,Congo,AFRO,298.0,18837,18.0,349
2021-11-28,CG,Congo,AFRO,133.0,18970,5.0,354
2021-12-05,CG,Congo,AFRO,96.0,19066,5.0,359
2021-12-12,CG,Congo,AFRO,0.0,19066,0.0,359
2021-12-19,CG,Congo,AFRO,113.0,19179,6.0,365
2021-12-26,CG,Congo,AFRO,910.0,20089,2.0,367
2022-01-02,CG,Congo,AFRO,1188.0,21277,2.0,369
2022-01-09,CG,Congo,AFRO,1141.0,22418,1.0,370
2022-01-16,CG,Congo,AFRO,826.0,23244,1.0,371
2022-01-23,CG,Congo,AFRO,241.0,23485,0.0,371
2022-01-30,CG,Congo,AFRO,220.0,23705,0.0,371
2022-02-06,CG,Congo,AFRO,87.0,23792,4.0,375
2022-02-13,CG,Congo,AFRO,20.0,23812,0.0,375
2022-02-20,CG,Congo,AFRO,51.0,23863,2.0,377
2022-02-27,CG,Congo,AFRO,95.0,23958,1.0,378
2022-03-06,CG,Congo,AFRO,21.0,23979,0.0,378
2022-03-13,CG,Congo,AFRO,8.0,23987,0.0,378
2022-03-20,CG,Congo,AFRO,13.0,24000,6.0,384
2022-03-27,CG,Congo,AFRO,7.0,24007,0.0,384
2022-04-03,CG,Congo,AFRO,10.0,24017,1.0,385
2022-04-10,CG,Congo,AFRO,11.0,24028,0.0,385
2022-04-17,CG,Congo,AFRO,1.0,24029,0.0,385
2022-04-24,CG,Congo,AFRO,0.0,24029,0.0,385
2022-05-01,CG,Congo,AFRO,12.0,24041,0.0,385
2022-05-08,CG,Congo,AFRO,11.0,24052,0.0,385
2022-05-15,CG,Congo,AFRO,0.0,24052,0.0,385
2022-05-22,CG,Congo,AFRO,0.0,24052,0.0,385
2022-05-29,CG,Congo,AFRO,0.0,24052,0.0,385
2022-06-05,CG,Congo,AFRO,76.0,24128,0.0,385
2022-06-12,CG,Congo,AFRO,0.0,24128,0.0,385
2022-06-19,CG,Congo,AFRO,0.0,24128,0.0,385
2022-06-26,CG,Congo,AFRO,0.0,24128,0.0,385
2022-07-03,CG,Congo,AFRO,293.0,24421,1.0,386
2022-07-10,CG,Congo,AFRO,0.0,24421,0.0,386
2022-07-17,CG,Congo,AFRO,183.0,24604,0.0,386
2022-07-24,CG,Congo,AFRO,86.0,24690,0.0,386
2022-07-31,CG,Congo,AFRO,100.0,24790,0.0,386
2022-08-07,CG,Congo,AFRO,16.0,24806,0.0,386
2022-08-14,CG,Congo,AFRO,15.0,24821,0.0,386
2022-08-21,CG,Congo,AFRO,19.0,24840,0.0,386
2022-08-28,CG,Congo,AFRO,11.0,24851,0.0,386
2022-09-04,CG,Congo,AFRO,20.0,24871,0.0,386
2022-09-11,CG,Congo,AFRO,15.0,24886,0.0,386
2022-09-18,CG,Congo,AFRO,8.0,24894,0.0,386
2022-09-25,CG,Congo,AFRO,22.0,24916,0.0,386
2022-10-02,CG,Congo,AFRO,32.0,24948,0.0,386
2022-10-09,CG,Congo,AFRO,45.0,24993,0.0,386
2022-10-16,CG,Congo,AFRO,23.0,25016,0.0,386
2022-10-23,CG,Congo,AFRO,27.0,25043,0.0,386
2022-10-30,CG,Congo,AFRO,3.0,25046,0.0,386
2022-11-06,CG,Congo,AFRO,5.0,25051,0.0,386
2022-11-13,CG,Congo,AFRO,5.0,25056,0.0,386
2022-11-20,CG,Congo,AFRO,2.0,25058,0.0,386
2022-11-27,CG,Congo,AFRO,3.0,25061,0.0,386
2022-12-04,CG,Congo,AFRO,1.0,25062,0.0,386
2022-12-11,CG,Congo,AFRO,0.0,25062,0.0,386
2022-12-18,CG,Congo,AFRO,1.0,25063,0.0,386
2022-12-25,CG,Congo,AFRO,0.0,25063,0.0,386
2023-01-01,CG,Congo,AFRO,0.0,25063,0.0,386
2023-01-08,CG,Congo,AFRO,1.0,25064,0.0,386
2023-01-15,CG,Congo,AFRO,0.0,25064,0.0,386
2023-01-22,CG,Congo,AFRO,3.0,25067,2.0,388
2023-01-29,CG,Congo,AFRO,2.0,25069,0.0,388
2023-02-05,CG,Congo,AFRO,1.0,25070,0.0,388
2023-02-12,CG,Congo,AFRO,3.0,25073,0.0,388
2023-02-19,CG,Congo,AFRO,4.0,25077,0.0,388
2023-02-26,CG,Congo,AFRO,0.0,25077,0.0,388
2023-03-05,CG,Congo,AFRO,10.0,25087,0.0,388
2023-03-12,CG,Congo,AFRO,12.0,25099,0.0,388
2023-03-19,CG,Congo,AFRO,11.0,25110,0.0,388
2023-03-26,CG,Congo,AFRO,33.0,25143,1.0,389
2023-04-02,CG,Congo,AFRO,0.0,25143,0.0,389
2023-04-09,CG,Congo,AFRO,32.0,25175,0.0,389
2023-04-16,CG,Congo,AFRO,10.0,25185,0.0,389
2023-04-23,CG,Congo,AFRO,3.0,25188,0.0,389
2023-04-30,CG,Congo,AFRO,4.0,25192,0.0,389
2023-05-07,CG,Congo,AFRO,0.0,25192,0.0,389
2023-05-14,CG,Congo,AFRO,2.0,25194,0.0,389
2023-05-21,CG,Congo,AFRO,1.0,25195,0.0,389
2023-05-28,CG,Congo,AFRO,1.0,25196,0.0,389
2023-06-04,CG,Congo,AFRO,0.0,25196,0.0,389
2023-06-11,CG,Congo,AFRO,0.0,25196,0.0,389
2023-06-18,CG,Congo,AFRO,0.0,25196,0.0,389
2023-06-25,CG,Congo,AFRO,0.0,25196,0.0,389
2023-07-02,CG,Congo,AFRO,0.0,25196,0.0,389
2023-07-09,CG,Congo,AFRO,0.0,25196,0.0,389
2023-07-16,CG,Congo,AFRO,0.0,25196,0.0,389
2023-07-23,CG,Congo,AFRO,0.0,25196,0.0,389
2023-07-30,CG,Congo,AFRO,0.0,25196,0.0,389
2023-08-06,CG,Congo,AFRO,0.0,25196,0.0,389
2023-08-13,CG,Congo,AFRO,0.0,25196,0.0,389
2023-08-20,CG,Congo,AFRO,0.0,25196,0.0,389
2023-08-27,CG,Congo,AFRO,0.0,25196,0.0,389
2023-09-03,CG,Congo,AFRO,0.0,25196,0.0,389
2023-09-10,CG,Congo,AFRO,0.0,25196,0.0,389
2023-09-17,CG,Congo,AFRO,0.0,25196,0.0,389
2023-09-24,CG,Congo,AFRO,0.0,25196,0.0,389
2023-10-01,CG,Congo,AFRO,0.0,25196,0.0,389
2023-10-08,CG,Congo,AFRO,3.0,25199,0.0,389
2023-10-15,CG,Congo,AFRO,4.0,25203,0.0,389
2023-10-22,CG,Congo,AFRO,3.0,25206,0.0,389
2023-10-29,CG,Congo,AFRO,3.0,25209,0.0,389
2023-11-05,CG,Congo,AFRO,4.0,25213,0.0,389
2023-11-12,CG,Congo,AFRO,0.0,25213,0.0,389
2023-11-19,CG,Congo,AFRO,0.0,25213,0.0,389
2023-11-26,CG,Congo,AFRO,0.0,25213,0.0,389
2023-12-03,CG,Congo,AFRO,0.0,25213,0.0,389
2023-12-10,CG,Congo,AFRO,0.0,25213,0.0,389
2023-12-17,CG,Congo,AFRO,0.0,25213,0.0,389
2023-12-24,CG,Congo,AFRO,0.0,25213,0.0,389
2023-12-31,CG,Congo,AFRO,0.0,25213,0.0,389
2024-01-07,CG,Congo,AFRO,0.0,25213,0.0,389
2024-01-14,CG,Congo,AFRO,0.0,25213,0.0,389
2024-01-21,CG,Congo,AFRO,0.0,25213,0.0,389
2024-01-28,CG,Congo,AFRO,0.0,25213,0.0,389
2024-02-04,CG,Congo,AFRO,0.0,25213,0.0,389
2024-02-11,CG,Congo,AFRO,0.0,25213,0.0,389
2024-02-18,CG,Congo,AFRO,1.0,25214,0.0,389
2024-02-25,CG,Congo,AFRO,0.0,25214,0.0,389
2024-03-03,CG,Congo,AFRO,1.0,25215,0.0,389
2024-03-10,CG,Congo,AFRO,0.0,25215,0.0,389
2024-03-17,CG,Congo,AFRO,0.0,25215,0.0,389
2024-03-24,CG,Congo,AFRO,0.0,25215,0.0,389
2024-03-31,CG,Congo,AFRO,1.0,25216,0.0,389
2024-04-07,CG,Congo,AFRO,1.0,25217,0.0,389
2024-04-14,CG,Congo,AFRO,1.0,25218,0.0,389
2024-04-21,CG,Congo,AFRO,0.0,25218,0.0,389
2024-04-28,CG,Congo,AFRO,1.0,25219,0.0,389
