Date_reported,Country_code,Country,WHO_region,New_cases,Cumulative_cases,New_deaths,Cumulative_deaths
2020-01-05,CI,Côte d'Ivoire,AFRO,0.0,0,0.0,0
2020-01-12,CI,Côte d'Ivoire,AFRO,0.0,0,0.0,0
2020-01-19,CI,Côte d'Ivoire,AFRO,0.0,0,0.0,0
2020-01-26,CI,Côte d'Ivoire,AFRO,0.0,0,0.0,0
2020-02-02,CI,Côte d'Ivoire,AFRO,0.0,0,0.0,0
2020-02-09,CI,Côte d'Ivoire,AFRO,0.0,0,0.0,0
2020-02-16,CI,Côte d'Ivoire,AFRO,0.0,0,0.0,0
2020-02-23,CI,Côte d'Ivoire,AFRO,0.0,0,0.0,0
2020-03-01,CI,Côte d'Ivoire,AFRO,0.0,0,0.0,0
2020-03-08,CI,Côte d'Ivoire,AFRO,0.0,0,0.0,0
2020-03-15,CI,Côte d'Ivoire,AFRO,9.0,9,0.0,0
2020-03-22,CI,Côte d'Ivoire,AFRO,53.0,62,0.0,0
2020-03-29,CI,Côte d'Ivoire,AFRO,116.0,178,0.0,0
2020-04-05,CI,Côte d'Ivoire,AFRO,160.0,338,4.0,4
2020-04-12,CI,Côte d'Ivoire,AFRO,290.0,628,1.0,5
2020-04-19,CI,Côte d'Ivoire,AFRO,240.0,868,4.0,9
2020-04-26,CI,Côte d'Ivoire,AFRO,282.0,1150,6.0,15
2020-05-03,CI,Côte d'Ivoire,AFRO,212.0,1362,1.0,16
2020-05-10,CI,Côte d'Ivoire,AFRO,305.0,1667,6.0,22
2020-05-17,CI,Côte d'Ivoire,AFRO,394.0,2061,4.0,26
2020-05-24,CI,Côte d'Ivoire,AFRO,305.0,2366,5.0,31
2020-05-31,CI,Côte d'Ivoire,AFRO,433.0,2799,3.0,34
2020-06-07,CI,Côte d'Ivoire,AFRO,758.0,3557,3.0,37
2020-06-14,CI,Côte d'Ivoire,AFRO,1291.0,4848,9.0,46
2020-06-21,CI,Côte d'Ivoire,AFRO,2428.0,7276,7.0,53
2020-06-28,CI,Côte d'Ivoire,AFRO,1668.0,8944,14.0,67
2020-07-05,CI,Côte d'Ivoire,AFRO,1300.0,10244,6.0,73
2020-07-12,CI,Côte d'Ivoire,AFRO,2199.0,12443,10.0,83
2020-07-19,CI,Côte d'Ivoire,AFRO,1469.0,13912,9.0,92
2020-07-26,CI,Côte d'Ivoire,AFRO,1582.0,15494,3.0,95
2020-08-02,CI,Côte d'Ivoire,AFRO,615.0,16109,8.0,103
2020-08-09,CI,Côte d'Ivoire,AFRO,627.0,16736,2.0,105
2020-08-16,CI,Côte d'Ivoire,AFRO,378.0,17114,4.0,109
2020-08-23,CI,Côte d'Ivoire,AFRO,376.0,17490,5.0,114
2020-08-30,CI,Côte d'Ivoire,AFRO,519.0,18009,2.0,116
2020-09-06,CI,Côte d'Ivoire,AFRO,579.0,18588,4.0,120
2020-09-13,CI,Côte d'Ivoire,AFRO,399.0,18987,1.0,121
2020-09-20,CI,Côte d'Ivoire,AFRO,282.0,19269,0.0,121
2020-09-27,CI,Côte d'Ivoire,AFRO,331.0,19600,0.0,121
2020-10-04,CI,Côte d'Ivoire,AFRO,249.0,19849,0.0,121
2020-10-11,CI,Côte d'Ivoire,AFRO,279.0,20128,0.0,121
2020-10-18,CI,Côte d'Ivoire,AFRO,173.0,20301,1.0,122
2020-10-25,CI,Côte d'Ivoire,AFRO,128.0,20429,0.0,122
2020-11-01,CI,Côte d'Ivoire,AFRO,287.0,20716,5.0,127
2020-11-08,CI,Côte d'Ivoire,AFRO,141.0,20857,0.0,127
2020-11-15,CI,Côte d'Ivoire,AFRO,132.0,20989,2.0,129
2020-11-22,CI,Côte d'Ivoire,AFRO,181.0,21170,1.0,130
2020-11-29,CI,Côte d'Ivoire,AFRO,135.0,21305,2.0,132
2020-12-06,CI,Côte d'Ivoire,AFRO,180.0,21485,1.0,133
2020-12-13,CI,Côte d'Ivoire,AFRO,154.0,21639,1.0,134
2020-12-20,CI,Côte d'Ivoire,AFRO,133.0,21772,0.0,134
2020-12-27,CI,Côte d'Ivoire,AFRO,309.0,22081,0.0,134
2021-01-03,CI,Côte d'Ivoire,AFRO,169.0,22250,4.0,138
2021-01-10,CI,Côte d'Ivoire,AFRO,1232.0,23482,2.0,140
2021-01-17,CI,Côte d'Ivoire,AFRO,1546.0,25028,2.0,142
2021-01-24,CI,Côte d'Ivoire,AFRO,1584.0,26612,4.0,146
2021-01-31,CI,Côte d'Ivoire,AFRO,1566.0,28178,7.0,153
2021-02-07,CI,Côte d'Ivoire,AFRO,1389.0,29567,10.0,163
2021-02-14,CI,Côte d'Ivoire,AFRO,1317.0,30884,11.0,174
2021-02-21,CI,Côte d'Ivoire,AFRO,1030.0,31914,11.0,185
2021-02-28,CI,Côte d'Ivoire,AFRO,717.0,32631,7.0,192
2021-03-07,CI,Côte d'Ivoire,AFRO,2304.0,34935,8.0,200
2021-03-14,CI,Côte d'Ivoire,AFRO,2369.0,37304,11.0,211
2021-03-21,CI,Côte d'Ivoire,AFRO,2609.0,39913,6.0,217
2021-03-28,CI,Côte d'Ivoire,AFRO,2555.0,42468,12.0,229
2021-04-04,CI,Côte d'Ivoire,AFRO,1858.0,44326,18.0,247
2021-04-11,CI,Côte d'Ivoire,AFRO,819.0,45145,14.0,261
2021-04-18,CI,Côte d'Ivoire,AFRO,374.0,45519,13.0,274
2021-04-25,CI,Côte d'Ivoire,AFRO,301.0,45820,7.0,281
2021-05-02,CI,Côte d'Ivoire,AFRO,294.0,46114,5.0,286
2021-05-09,CI,Côte d'Ivoire,AFRO,271.0,46385,5.0,291
2021-05-16,CI,Côte d'Ivoire,AFRO,234.0,46619,6.0,297
2021-05-23,CI,Côte d'Ivoire,AFRO,323.0,46942,1.0,298
2021-05-30,CI,Côte d'Ivoire,AFRO,253.0,47195,3.0,301
2021-06-06,CI,Côte d'Ivoire,AFRO,281.0,47476,5.0,306
2021-06-13,CI,Côte d'Ivoire,AFRO,186.0,47662,0.0,306
2021-06-20,CI,Côte d'Ivoire,AFRO,369.0,48031,1.0,307
2021-06-27,CI,Côte d'Ivoire,AFRO,145.0,48176,4.0,311
2021-07-04,CI,Côte d'Ivoire,AFRO,337.0,48513,4.0,315
2021-07-11,CI,Côte d'Ivoire,AFRO,263.0,48776,3.0,318
2021-07-18,CI,Côte d'Ivoire,AFRO,349.0,49125,2.0,320
2021-07-25,CI,Côte d'Ivoire,AFRO,429.0,49554,4.0,324
2021-08-01,CI,Côte d'Ivoire,AFRO,581.0,50135,5.0,329
2021-08-08,CI,Côte d'Ivoire,AFRO,1063.0,51198,12.0,341
2021-08-15,CI,Côte d'Ivoire,AFRO,1004.0,52202,18.0,359
2021-08-22,CI,Côte d'Ivoire,AFRO,1254.0,53456,30.0,389
2021-08-29,CI,Côte d'Ivoire,AFRO,1400.0,54856,35.0,424
2021-09-05,CI,Côte d'Ivoire,AFRO,1879.0,56735,40.0,464
2021-09-12,CI,Côte d'Ivoire,AFRO,1049.0,57784,42.0,506
2021-09-19,CI,Côte d'Ivoire,AFRO,1105.0,58889,55.0,561
2021-09-26,CI,Côte d'Ivoire,AFRO,889.0,59778,32.0,593
2021-10-03,CI,Côte d'Ivoire,AFRO,598.0,60376,43.0,636
2021-10-10,CI,Côte d'Ivoire,AFRO,409.0,60785,23.0,659
2021-10-17,CI,Côte d'Ivoire,AFRO,197.0,60982,15.0,674
2021-10-24,CI,Côte d'Ivoire,AFRO,196.0,61178,16.0,690
2021-10-31,CI,Côte d'Ivoire,AFRO,114.0,61292,5.0,695
2021-11-07,CI,Côte d'Ivoire,AFRO,112.0,61404,4.0,699
2021-11-14,CI,Côte d'Ivoire,AFRO,99.0,61503,3.0,702
2021-11-21,CI,Côte d'Ivoire,AFRO,74.0,61577,0.0,702
2021-11-28,CI,Côte d'Ivoire,AFRO,127.0,61704,2.0,704
2021-12-05,CI,Côte d'Ivoire,AFRO,113.0,61817,1.0,705
2021-12-12,CI,Côte d'Ivoire,AFRO,79.0,61896,1.0,706
2021-12-19,CI,Côte d'Ivoire,AFRO,181.0,62077,0.0,706
2021-12-26,CI,Côte d'Ivoire,AFRO,1770.0,63847,1.0,707
2022-01-02,CI,Côte d'Ivoire,AFRO,7968.0,71815,11.0,718
2022-01-09,CI,Côte d'Ivoire,AFRO,4917.0,76732,15.0,733
2022-01-16,CI,Côte d'Ivoire,AFRO,2356.0,79088,20.0,753
2022-01-23,CI,Côte d'Ivoire,AFRO,1026.0,80114,25.0,778
2022-01-30,CI,Côte d'Ivoire,AFRO,509.0,80623,6.0,784
2022-02-06,CI,Côte d'Ivoire,AFRO,278.0,80901,2.0,786
2022-02-13,CI,Côte d'Ivoire,AFRO,217.0,81118,3.0,789
2022-02-20,CI,Côte d'Ivoire,AFRO,228.0,81346,2.0,791
2022-02-27,CI,Côte d'Ivoire,AFRO,121.0,81467,1.0,792
2022-03-06,CI,Côte d'Ivoire,AFRO,79.0,81546,3.0,795
2022-03-13,CI,Côte d'Ivoire,AFRO,31.0,81577,0.0,795
2022-03-20,CI,Côte d'Ivoire,AFRO,78.0,81655,1.0,796
2022-03-27,CI,Côte d'Ivoire,AFRO,42.0,81697,0.0,796
2022-04-03,CI,Côte d'Ivoire,AFRO,64.0,81761,0.0,796
2022-04-10,CI,Côte d'Ivoire,AFRO,53.0,81814,0.0,796
2022-04-17,CI,Côte d'Ivoire,AFRO,43.0,81857,1.0,797
2022-04-24,CI,Côte d'Ivoire,AFRO,30.0,81887,2.0,799
2022-05-01,CI,Côte d'Ivoire,AFRO,43.0,81930,0.0,799
2022-05-08,CI,Côte d'Ivoire,AFRO,40.0,81970,0.0,799
2022-05-15,CI,Côte d'Ivoire,AFRO,22.0,81992,0.0,799
2022-05-22,CI,Côte d'Ivoire,AFRO,65.0,82057,0.0,799
2022-05-29,CI,Côte d'Ivoire,AFRO,126.0,82183,0.0,799
2022-06-05,CI,Côte d'Ivoire,AFRO,97.0,82280,0.0,799
2022-06-12,CI,Côte d'Ivoire,AFRO,187.0,82467,0.0,799
2022-06-19,CI,Côte d'Ivoire,AFRO,192.0,82659,2.0,801
2022-06-26,CI,Côte d'Ivoire,AFRO,340.0,82999,4.0,805
2022-07-03,CI,Côte d'Ivoire,AFRO,638.0,83637,0.0,805
2022-07-10,CI,Côte d'Ivoire,AFRO,405.0,84042,0.0,805
2022-07-17,CI,Côte d'Ivoire,AFRO,459.0,84501,1.0,806
2022-07-24,CI,Côte d'Ivoire,AFRO,449.0,84950,3.0,809
2022-07-31,CI,Côte d'Ivoire,AFRO,356.0,85306,2.0,811
2022-08-07,CI,Côte d'Ivoire,AFRO,406.0,85712,0.0,811
2022-08-14,CI,Côte d'Ivoire,AFRO,380.0,86092,4.0,815
2022-08-21,CI,Côte d'Ivoire,AFRO,348.0,86440,2.0,817
2022-08-28,CI,Côte d'Ivoire,AFRO,166.0,86606,0.0,817
2022-09-04,CI,Côte d'Ivoire,AFRO,202.0,86808,2.0,819
2022-09-11,CI,Côte d'Ivoire,AFRO,111.0,86919,3.0,822
2022-09-18,CI,Côte d'Ivoire,AFRO,100.0,87019,0.0,822
2022-09-25,CI,Côte d'Ivoire,AFRO,110.0,87129,1.0,823
2022-10-02,CI,Côte d'Ivoire,AFRO,129.0,87258,3.0,826
2022-10-09,CI,Côte d'Ivoire,AFRO,164.0,87422,0.0,826
2022-10-16,CI,Côte d'Ivoire,AFRO,152.0,87574,1.0,827
2022-10-23,CI,Côte d'Ivoire,AFRO,119.0,87693,0.0,827
2022-10-30,CI,Côte d'Ivoire,AFRO,71.0,87764,0.0,827
2022-11-06,CI,Côte d'Ivoire,AFRO,66.0,87830,2.0,829
2022-11-13,CI,Côte d'Ivoire,AFRO,24.0,87854,0.0,829
2022-11-20,CI,Côte d'Ivoire,AFRO,16.0,87870,1.0,830
2022-11-27,CI,Côte d'Ivoire,AFRO,15.0,87885,0.0,830
2022-12-04,CI,Côte d'Ivoire,AFRO,2.0,87887,0.0,830
2022-12-11,CI,Côte d'Ivoire,AFRO,7.0,87894,0.0,830
2022-12-18,CI,Côte d'Ivoire,AFRO,17.0,87911,0.0,830
2022-12-25,CI,Côte d'Ivoire,AFRO,22.0,87933,0.0,830
2023-01-01,CI,Côte d'Ivoire,AFRO,8.0,87941,1.0,831
2023-01-08,CI,Côte d'Ivoire,AFRO,16.0,87957,2.0,833
2023-01-15,CI,Côte d'Ivoire,AFRO,3.0,87960,0.0,833
2023-01-22,CI,Côte d'Ivoire,AFRO,6.0,87966,0.0,833
2023-01-29,CI,Côte d'Ivoire,AFRO,8.0,87974,0.0,833
2023-02-05,CI,Côte d'Ivoire,AFRO,26.0,88000,0.0,833
2023-02-12,CI,Côte d'Ivoire,AFRO,58.0,88058,1.0,834
2023-02-19,CI,Côte d'Ivoire,AFRO,51.0,88109,0.0,834
2023-02-26,CI,Côte d'Ivoire,AFRO,73.0,88182,0.0,834
2023-03-05,CI,Côte d'Ivoire,AFRO,58.0,88240,0.0,834
2023-03-12,CI,Côte d'Ivoire,AFRO,28.0,88268,0.0,834
2023-03-19,CI,Côte d'Ivoire,AFRO,25.0,88293,0.0,834
2023-03-26,CI,Côte d'Ivoire,AFRO,4.0,88297,0.0,834
2023-04-02,CI,Côte d'Ivoire,AFRO,4.0,88301,0.0,834
2023-04-09,CI,Côte d'Ivoire,AFRO,7.0,88308,0.0,834
2023-04-16,CI,Côte d'Ivoire,AFRO,8.0,88316,0.0,834
2023-04-23,CI,Côte d'Ivoire,AFRO,5.0,88321,0.0,834
2023-04-30,CI,Côte d'Ivoire,AFRO,2.0,88323,0.0,834
2023-05-07,CI,Côte d'Ivoire,AFRO,3.0,88326,0.0,834
2023-05-14,CI,Côte d'Ivoire,AFRO,3.0,88329,0.0,834
2023-05-21,CI,Côte d'Ivoire,AFRO,1.0,88330,0.0,834
2023-05-28,CI,Côte d'Ivoire,AFRO,0.0,88330,0.0,834
2023-06-04,CI,Côte d'Ivoire,AFRO,1.0,88331,1.0,835
2023-06-11,CI,Côte d'Ivoire,AFRO,1.0,88332,0.0,835
2023-06-18,CI,Côte d'Ivoire,AFRO,0.0,88332,0.0,835
2023-06-25,CI,Côte d'Ivoire,AFRO,3.0,88335,0.0,835
2023-07-02,CI,Côte d'Ivoire,AFRO,1.0,88336,0.0,835
2023-07-09,CI,Côte d'Ivoire,AFRO,0.0,88336,0.0,835
2023-07-16,CI,Côte d'Ivoire,AFRO,2.0,88338,0.0,835
2023-07-23,CI,Côte d'Ivoire,AFRO,0.0,88338,0.0,835
2023-07-30,CI,Côte d'Ivoire,AFRO,0.0,88338,0.0,835
2023-08-06,CI,Côte d'Ivoire,AFRO,0.0,88338,0.0,835
2023-08-13,CI,Côte d'Ivoire,AFRO,0.0,88338,0.0,835
2023-08-20,CI,Côte d'Ivoire,AFRO,0.0,88338,0.0,835
2023-08-27,CI,Côte d'Ivoire,AFRO,0.0,88338,0.0,835
2023-09-03,CI,Côte d'Ivoire,AFRO,0.0,88338,0.0,835
2023-09-10,CI,Côte d'Ivoire,AFRO,0.0,88338,0.0,835
2023-09-17,CI,Côte d'Ivoire,AFRO,0.0,88338,0.0,835
2023-09-24,CI,Côte d'Ivoire,AFRO,0.0,88338,0.0,835
2023-10-01,CI,Côte d'Ivoire,AFRO,0.0,88338,0.0,835
2023-10-08,CI,Côte d'Ivoire,AFRO,15.0,88353,0.0,835
2023-10-15,CI,Côte d'Ivoire,AFRO,0.0,88353,0.0,835
2023-10-22,CI,Côte d'Ivoire,AFRO,4.0,88357,0.0,835
2023-10-29,CI,Côte d'Ivoire,AFRO,7.0,88364,0.0,835
2023-11-05,CI,Côte d'Ivoire,AFRO,4.0,88368,0.0,835
2023-11-12,CI,Côte d'Ivoire,AFRO,1.0,88369,0.0,835
2023-11-19,CI,Côte d'Ivoire,AFRO,0.0,88369,0.0,835
2023-11-26,CI,Côte d'Ivoire,AFRO,11.0,88380,0.0,835
2023-12-03,CI,Côte d'Ivoire,AFRO,0.0,88380,0.0,835
2023-12-10,CI,Côte d'Ivoire,AFRO,0.0,88380,0.0,835
2023-12-17,CI,Côte d'Ivoire,AFRO,4.0,88384,0.0,835
2023-12-24,CI,Côte d'Ivoire,AFRO,0.0,88384,0.0,835
2023-12-31,CI,Côte d'Ivoire,AFRO,0.0,88384,0.0,835
2024-01-07,CI,Côte d'Ivoire,AFRO,0.0,88384,0.0,835
2024-01-14,CI,Côte d'Ivoire,AFRO,0.0,88384,0.0,835
2024-01-21,CI,Côte d'Ivoire,AFRO,0.0,88384,0.0,835
2024-01-28,CI,Côte d'Ivoire,AFRO,0.0,88384,0.0,835
2024-02-04,CI,Côte d'Ivoire,AFRO,0.0,88384,0.0,835
2024-02-11,CI,Côte d'Ivoire,AFRO,0.0,88384,0.0,835
2024-02-18,CI,Côte d'Ivoire,AFRO,0.0,88384,0.0,835
2024-02-25,CI,Côte d'Ivoire,AFRO,0.0,88384,0.0,835
2024-03-03,CI,Côte d'Ivoire,AFRO,0.0,88384,0.0,835
2024-03-10,CI,Côte d'Ivoire,AFRO,0.0,88384,0.0,835
2024-03-17,CI,Côte d'Ivoire,AFRO,6.0,88390,0.0,835
2024-03-24,CI,Côte d'Ivoire,AFRO,9.0,88399,0.0,835
2024-03-31,CI,Côte d'Ivoire,AFRO,4.0,88403,0.0,835
2024-04-07,CI,Côte d'Ivoire,AFRO,5.0,88408,0.0,835
2024-04-14,CI,Côte d'Ivoire,AFRO,8.0,88416,0.0,835
2024-04-21,CI,Côte d'Ivoire,AFRO,5.0,88421,0.0,835
2024-04-28,CI,Côte d'Ivoire,AFRO,4.0,88425,0.0,835
