Date_reported,Country_code,Country,WHO_region,New_cases,Cumulative_cases,New_deaths,Cumulative_deaths
2020-01-05,CL,Chile,AMRO,0.0,0,0.0,0
2020-01-12,CL,Chile,AMRO,0.0,0,0.0,0
2020-01-19,CL,Chile,AMRO,0.0,0,0.0,0
2020-01-26,CL,Chile,AMRO,0.0,0,0.0,0
2020-02-02,CL,Chile,AMRO,0.0,0,0.0,0
2020-02-09,CL,Chile,AMRO,0.0,0,0.0,0
2020-02-16,CL,Chile,AMRO,0.0,0,0.0,0
2020-02-23,CL,Chile,AMRO,0.0,0,0.0,0
2020-03-01,CL,Chile,AMRO,1.0,1,0.0,0
2020-03-08,CL,Chile,AMRO,6.0,7,0.0,0
2020-03-15,CL,Chile,AMRO,54.0,61,0.0,0
2020-03-22,CL,Chile,AMRO,476.0,537,0.0,0
2020-03-29,CL,Chile,AMRO,1372.0,1909,6.0,6
2020-04-05,CL,Chile,AMRO,2252.0,4161,21.0,27
2020-04-12,CL,Chile,AMRO,2766.0,6927,46.0,73
2020-04-19,CL,Chile,AMRO,2803.0,9730,53.0,126
2020-04-26,CL,Chile,AMRO,3128.0,12858,55.0,181
2020-05-03,CL,Chile,AMRO,5577.0,18435,66.0,247
2020-05-10,CL,Chile,AMRO,8784.0,27219,57.0,304
2020-05-17,CL,Chile,AMRO,14209.0,41428,117.0,421
2020-05-24,CL,Chile,AMRO,23965.0,65393,252.0,673
2020-05-31,CL,Chile,AMRO,29465.0,94858,324.0,997
2020-06-07,CL,Chile,AMRO,32887.0,127745,544.0,1541
2020-06-14,CL,Chile,AMRO,39610.0,167355,1560.0,3101
2020-06-21,CL,Chile,AMRO,69393.0,236748,1194.0,4295
2020-06-28,CL,Chile,AMRO,31018.0,267766,1052.0,5347
2020-07-05,CL,Chile,AMRO,24081.0,291847,845.0,6192
2020-07-12,CL,Chile,AMRO,20182.0,312029,689.0,6881
2020-07-19,CL,Chile,AMRO,16817.0,328846,1564.0,8445
2020-07-26,CL,Chile,AMRO,14746.0,343592,575.0,9020
2020-08-02,CL,Chile,AMRO,14066.0,357658,513.0,9533
2020-08-09,CL,Chile,AMRO,13365.0,371023,478.0,10011
2020-08-16,CL,Chile,AMRO,12879.0,383902,384.0,10395
2020-08-23,CL,Chile,AMRO,11806.0,395708,397.0,10792
2020-08-30,CL,Chile,AMRO,12301.0,408009,389.0,11181
2020-09-06,CL,Chile,AMRO,12425.0,420434,370.0,11551
2020-09-13,CL,Chile,AMRO,12232.0,432666,344.0,11895
2020-09-20,CL,Chile,AMRO,12008.0,444674,359.0,12254
2020-09-27,CL,Chile,AMRO,11305.0,455979,337.0,12591
2020-10-04,CL,Chile,AMRO,12492.0,468471,328.0,12919
2020-10-11,CL,Chile,AMRO,11124.0,479595,353.0,13272
2020-10-18,CL,Chile,AMRO,10408.0,490003,316.0,13588
2020-10-25,CL,Chile,AMRO,10539.0,500542,304.0,13892
2020-11-01,CL,Chile,AMRO,9714.0,510256,315.0,14207
2020-11-08,CL,Chile,AMRO,9721.0,519977,292.0,14499
2020-11-15,CL,Chile,AMRO,9699.0,529676,278.0,14777
2020-11-22,CL,Chile,AMRO,9467.0,539143,253.0,15030
2020-11-29,CL,Chile,AMRO,9798.0,548941,292.0,15322
2020-12-06,CL,Chile,AMRO,9727.0,558668,270.0,15592
2020-12-13,CL,Chile,AMRO,11113.0,569781,254.0,15846
2020-12-20,CL,Chile,AMRO,13573.0,583354,255.0,16101
2020-12-27,CL,Chile,AMRO,15040.0,598394,303.0,16404
2021-01-03,CL,Chile,AMRO,17508.0,615902,320.0,16724
2021-01-10,CL,Chile,AMRO,21840.0,637742,313.0,17037
2021-01-17,CL,Chile,AMRO,27751.0,665493,398.0,17435
2021-01-24,CL,Chile,AMRO,29154.0,694647,419.0,17854
2021-01-31,CL,Chile,AMRO,28253.0,722900,485.0,18339
2021-02-07,CL,Chile,AMRO,25182.0,748082,556.0,18895
2021-02-14,CL,Chile,AMRO,24313.0,772395,548.0,19443
2021-02-21,CL,Chile,AMRO,23450.0,795845,531.0,19974
2021-02-28,CL,Chile,AMRO,25573.0,821418,502.0,20476
2021-03-07,CL,Chile,AMRO,29065.0,850483,532.0,21008
2021-03-14,CL,Chile,AMRO,34896.0,885379,566.0,21574
2021-03-21,CL,Chile,AMRO,39710.0,925089,606.0,22180
2021-03-28,CL,Chile,AMRO,44824.0,969913,473.0,22653
2021-04-04,CL,Chile,AMRO,49565.0,1019478,871.0,23524
2021-04-11,CL,Chile,AMRO,49044.0,1068522,689.0,24213
2021-04-18,CL,Chile,AMRO,48826.0,1117348,842.0,25055
2021-04-25,CL,Chile,AMRO,45463.0,1162811,687.0,25742
2021-05-02,CL,Chile,AMRO,41944.0,1204755,715.0,26457
2021-05-09,CL,Chile,AMRO,37221.0,1241976,644.0,27101
2021-05-16,CL,Chile,AMRO,38276.0,1280252,633.0,27734
2021-05-23,CL,Chile,AMRO,43161.0,1323413,652.0,28386
2021-05-30,CL,Chile,AMRO,46343.0,1369756,661.0,29047
2021-06-06,CL,Chile,AMRO,50510.0,1420266,769.0,29816
2021-06-13,CL,Chile,AMRO,48726.0,1468992,763.0,30579
2021-06-20,CL,Chile,AMRO,42283.0,1511275,813.0,31392
2021-06-27,CL,Chile,AMRO,31367.0,1542642,771.0,32163
2021-07-04,CL,Chile,AMRO,23819.0,1566461,810.0,32973
2021-07-11,CL,Chile,AMRO,18699.0,1585160,794.0,33767
2021-07-18,CL,Chile,AMRO,13321.0,1598481,636.0,34403
2021-07-25,CL,Chile,AMRO,9268.0,1607749,555.0,34958
2021-08-01,CL,Chile,AMRO,8022.0,1615771,490.0,35448
2021-08-08,CL,Chile,AMRO,6738.0,1622509,503.0,35951
2021-08-15,CL,Chile,AMRO,5784.0,1628293,380.0,36331
2021-08-22,CL,Chile,AMRO,4860.0,1633153,274.0,36605
2021-08-29,CL,Chile,AMRO,4081.0,1637234,236.0,36841
2021-09-05,CL,Chile,AMRO,3432.0,1640666,226.0,37067
2021-09-12,CL,Chile,AMRO,2964.0,1643630,134.0,37201
2021-09-19,CL,Chile,AMRO,3364.0,1646994,138.0,37339
2021-09-26,CL,Chile,AMRO,3991.0,1650985,93.0,37432
2021-10-03,CL,Chile,AMRO,4899.0,1655884,52.0,37484
2021-10-10,CL,Chile,AMRO,5486.0,1661370,70.0,37554
2021-10-17,CL,Chile,AMRO,7866.0,1669236,43.0,37597
2021-10-24,CL,Chile,AMRO,10781.0,1680017,65.0,37662
2021-10-31,CL,Chile,AMRO,12860.0,1692877,81.0,37743
2021-11-07,CL,Chile,AMRO,13745.0,1706622,98.0,37841
2021-11-14,CL,Chile,AMRO,17106.0,1723728,110.0,37951
2021-11-21,CL,Chile,AMRO,16768.0,1740496,143.0,38094
2021-11-28,CL,Chile,AMRO,16581.0,1757077,188.0,38282
2021-12-05,CL,Chile,AMRO,13543.0,1770620,183.0,38465
2021-12-12,CL,Chile,AMRO,10607.0,1781227,181.0,38646
2021-12-19,CL,Chile,AMRO,9297.0,1790524,194.0,38840
2021-12-26,CL,Chile,AMRO,8601.0,1799125,173.0,39013
2022-01-02,CL,Chile,AMRO,9273.0,1808398,127.0,39140
2022-01-09,CL,Chile,AMRO,17019.0,1825417,111.0,39251
2022-01-16,CL,Chile,AMRO,41684.0,1867101,125.0,39376
2022-01-23,CL,Chile,AMRO,82574.0,1949675,121.0,39497
2022-01-30,CL,Chile,AMRO,157937.0,2107612,156.0,39653
2022-02-06,CL,Chile,AMRO,227422.0,2335034,277.0,39930
2022-02-13,CL,Chile,AMRO,247900.0,2582934,534.0,40464
2022-02-20,CL,Chile,AMRO,236312.0,2819246,732.0,41196
2022-02-27,CL,Chile,AMRO,196384.0,3015630,874.0,42070
2022-03-06,CL,Chile,AMRO,152705.0,3168335,885.0,42955
2022-03-13,CL,Chile,AMRO,118141.0,3286476,830.0,43785
2022-03-20,CL,Chile,AMRO,95205.0,3381681,655.0,44440
2022-03-27,CL,Chile,AMRO,61337.0,3443018,11858.0,56298
2022-04-03,CL,Chile,AMRO,39157.0,3482175,391.0,56689
2022-04-10,CL,Chile,AMRO,26381.0,3508556,308.0,56997
2022-04-17,CL,Chile,AMRO,20070.0,3528626,234.0,57231
2022-04-24,CL,Chile,AMRO,15837.0,3544463,144.0,57375
2022-05-01,CL,Chile,AMRO,14168.0,3558631,152.0,57527
2022-05-08,CL,Chile,AMRO,17508.0,3576139,102.0,57629
2022-05-15,CL,Chile,AMRO,24757.0,3600896,85.0,57714
2022-05-22,CL,Chile,AMRO,36097.0,3636993,80.0,57794
2022-05-29,CL,Chile,AMRO,47592.0,3684585,83.0,57877
2022-06-05,CL,Chile,AMRO,55211.0,3739796,78.0,57955
2022-06-12,CL,Chile,AMRO,69174.0,3808970,121.0,58076
2022-06-19,CL,Chile,AMRO,73455.0,3882425,150.0,58226
2022-06-26,CL,Chile,AMRO,65587.0,3948012,159.0,58385
2022-07-03,CL,Chile,AMRO,65891.0,4013903,178.0,58563
2022-07-10,CL,Chile,AMRO,61630.0,4075533,224.0,58787
2022-07-17,CL,Chile,AMRO,54699.0,4130232,252.0,59039
2022-07-24,CL,Chile,AMRO,47285.0,4177517,264.0,59303
2022-07-31,CL,Chile,AMRO,56032.0,4233549,249.0,59552
2022-08-07,CL,Chile,AMRO,63595.0,4297144,221.0,59773
2022-08-14,CL,Chile,AMRO,72562.0,4369706,188.0,59961
2022-08-21,CL,Chile,AMRO,62880.0,4432586,213.0,60174
2022-08-28,CL,Chile,AMRO,54867.0,4487453,208.0,60382
2022-09-04,CL,Chile,AMRO,40080.0,4527533,189.0,60571
2022-09-11,CL,Chile,AMRO,32268.0,4559801,178.0,60749
2022-09-18,CL,Chile,AMRO,23853.0,4583654,174.0,60923
2022-09-25,CL,Chile,AMRO,19860.0,4603514,123.0,61046
2022-10-02,CL,Chile,AMRO,24409.0,4627923,132.0,61178
2022-10-09,CL,Chile,AMRO,21425.0,4649348,128.0,61306
2022-10-16,CL,Chile,AMRO,25025.0,4674373,106.0,61412
2022-10-23,CL,Chile,AMRO,34497.0,4708870,123.0,61535
2022-10-30,CL,Chile,AMRO,41905.0,4750775,117.0,61652
2022-11-06,CL,Chile,AMRO,35423.0,4786198,137.0,61789
2022-11-13,CL,Chile,AMRO,46640.0,4832838,194.0,61983
2022-11-20,CL,Chile,AMRO,39013.0,4871851,182.0,62165
2022-11-27,CL,Chile,AMRO,33684.0,4905535,192.0,62357
2022-12-04,CL,Chile,AMRO,27990.0,4933525,186.0,62543
2022-12-11,CL,Chile,AMRO,22011.0,4955536,165.0,62708
2022-12-18,CL,Chile,AMRO,24097.0,4979633,142.0,62850
2022-12-25,CL,Chile,AMRO,26526.0,5006159,162.0,63012
2023-01-01,CL,Chile,AMRO,31368.0,5037527,160.0,63172
2023-01-08,CL,Chile,AMRO,25207.0,5062734,158.0,63330
2023-01-15,CL,Chile,AMRO,22244.0,5084978,166.0,63496
2023-01-22,CL,Chile,AMRO,16859.0,5101837,144.0,63640
2023-01-29,CL,Chile,AMRO,13293.0,5115130,124.0,63764
2023-02-05,CL,Chile,AMRO,11527.0,5126657,111.0,63875
2023-02-12,CL,Chile,AMRO,10648.0,5137305,110.0,63985
2023-02-19,CL,Chile,AMRO,10378.0,5147683,82.0,64067
2023-02-26,CL,Chile,AMRO,13526.0,5161209,91.0,64158
2023-03-05,CL,Chile,AMRO,16561.0,5177770,64.0,64222
2023-03-12,CL,Chile,AMRO,22009.0,5199779,79.0,64301
2023-03-19,CL,Chile,AMRO,27654.0,5227433,78.0,64379
2023-03-26,CL,Chile,AMRO,22644.0,5250077,103.0,64482
2023-04-02,CL,Chile,AMRO,14253.0,5264330,-3432.0,61050
2023-04-09,CL,Chile,AMRO,8437.0,5272767,92.0,61142
2023-04-16,CL,Chile,AMRO,5485.0,5278252,105.0,61247
2023-04-23,CL,Chile,AMRO,3429.0,5281681,76.0,61323
2023-04-30,CL,Chile,AMRO,2227.0,5283908,61.0,61384
2023-05-07,CL,Chile,AMRO,1238.0,5285146,50.0,61434
2023-05-14,CL,Chile,AMRO,952.0,5286098,24.0,61458
2023-05-21,CL,Chile,AMRO,615.0,5286713,23.0,61481
2023-05-28,CL,Chile,AMRO,426.0,5287139,17.0,61498
2023-06-04,CL,Chile,AMRO,272.0,5287411,17.0,61515
2023-06-11,CL,Chile,AMRO,183.0,5287594,15.0,61530
2023-06-18,CL,Chile,AMRO,206.0,5287800,12.0,61542
2023-06-25,CL,Chile,AMRO,147.0,5287947,10.0,61552
2023-07-02,CL,Chile,AMRO,148.0,5288095,3.0,61555
2023-07-09,CL,Chile,AMRO,115.0,5288210,5.0,61560
2023-07-16,CL,Chile,AMRO,143.0,5288353,8.0,61568
2023-07-23,CL,Chile,AMRO,164.0,5288517,11.0,61579
2023-07-30,CL,Chile,AMRO,262.0,5288779,2.0,61581
2023-08-06,CL,Chile,AMRO,326.0,5289105,4.0,61585
2023-08-13,CL,Chile,AMRO,411.0,5289516,6.0,61591
2023-08-20,CL,Chile,AMRO,420.0,5289936,6.0,61597
2023-08-27,CL,Chile,AMRO,478.0,5290414,4.0,61601
2023-09-03,CL,Chile,AMRO,614.0,5291028,7.0,61608
2023-09-10,CL,Chile,AMRO,651.0,5291679,10.0,61618
2023-09-17,CL,Chile,AMRO,802.0,5292481,8.0,61626
2023-09-24,CL,Chile,AMRO,856.0,5293337,16.0,61642
2023-10-01,CL,Chile,AMRO,1421.0,5294758,25.0,61667
2023-10-08,CL,Chile,AMRO,1803.0,5296561,27.0,61694
2023-10-15,CL,Chile,AMRO,2083.0,5298644,34.0,61728
2023-10-22,CL,Chile,AMRO,3054.0,5301698,52.0,61780
2023-10-29,CL,Chile,AMRO,3433.0,5305131,37.0,61817
2023-11-05,CL,Chile,AMRO,3500.0,5308631,56.0,61873
2023-11-12,CL,Chile,AMRO,4087.0,5312718,46.0,61919
2023-11-19,CL,Chile,AMRO,3860.0,5316578,57.0,61976
2023-11-26,CL,Chile,AMRO,3776.0,5320354,57.0,62033
2023-12-03,CL,Chile,AMRO,3162.0,5323516,48.0,62081
2023-12-10,CL,Chile,AMRO,2179.0,5325695,48.0,62129
2023-12-17,CL,Chile,AMRO,1966.0,5327661,42.0,62171
2023-12-24,CL,Chile,AMRO,2838.0,5330499,32.0,62203
2023-12-31,CL,Chile,AMRO,2478.0,5332977,24.0,62227
2024-01-07,CL,Chile,AMRO,2411.0,5335388,16.0,62243
2024-01-14,CL,Chile,AMRO,2817.0,5338205,20.0,62263
2024-01-21,CL,Chile,AMRO,3436.0,5341641,20.0,62283
2024-01-28,CL,Chile,AMRO,3982.0,5345623,28.0,62311
2024-02-04,CL,Chile,AMRO,4857.0,5350480,35.0,62346
2024-02-11,CL,Chile,AMRO,5466.0,5355946,25.0,62371
2024-02-18,CL,Chile,AMRO,6661.0,5362607,27.0,62398
2024-02-25,CL,Chile,AMRO,6797.0,5369404,36.0,62434
2024-03-03,CL,Chile,AMRO,6984.0,5376388,40.0,62474
2024-03-10,CL,Chile,AMRO,6838.0,5383226,32.0,62506
2024-03-17,CL,Chile,AMRO,7173.0,5390399,32.0,62538
2024-03-24,CL,Chile,AMRO,4914.0,5395313,30.0,62568
2024-03-31,CL,Chile,AMRO,2125.0,5397438,18.0,62586
2024-04-07,CL,Chile,AMRO,1215.0,5398653,25.0,62611
2024-04-14,CL,Chile,AMRO,555.0,5399208,30.0,62641
2024-04-21,CL,Chile,AMRO,353.0,5399561,28.0,62669
2024-04-28,CL,Chile,AMRO,266.0,5399827,17.0,62686
