Date_reported,Country_code,Country,WHO_region,New_cases,Cumulative_cases,New_deaths,Cumulative_deaths
2020-01-05,CU,Cuba,AMRO,0.0,0,0.0,0
2020-01-12,CU,Cuba,AMRO,0.0,0,0.0,0
2020-01-19,CU,Cuba,AMRO,0.0,0,0.0,0
2020-01-26,CU,Cuba,AMRO,0.0,0,0.0,0
2020-02-02,CU,Cuba,AMRO,0.0,0,0.0,0
2020-02-09,CU,Cuba,AMRO,0.0,0,0.0,0
2020-02-16,CU,Cuba,AMRO,0.0,0,0.0,0
2020-02-23,CU,Cuba,AMRO,0.0,0,0.0,0
2020-03-01,CU,Cuba,AMRO,0.0,0,0.0,0
2020-03-08,CU,Cuba,AMRO,0.0,0,0.0,0
2020-03-15,CU,Cuba,AMRO,4.0,4,0.0,0
2020-03-22,CU,Cuba,AMRO,12.0,16,1.0,1
2020-03-29,CU,Cuba,AMRO,103.0,119,2.0,3
2020-04-05,CU,Cuba,AMRO,169.0,288,3.0,6
2020-04-12,CU,Cuba,AMRO,332.0,620,10.0,16
2020-04-19,CU,Cuba,AMRO,366.0,986,16.0,32
2020-04-26,CU,Cuba,AMRO,351.0,1337,19.0,51
2020-05-03,CU,Cuba,AMRO,274.0,1611,15.0,66
2020-05-10,CU,Cuba,AMRO,143.0,1754,8.0,74
2020-05-17,CU,Cuba,AMRO,108.0,1862,5.0,79
2020-05-24,CU,Cuba,AMRO,69.0,1931,2.0,81
2020-05-31,CU,Cuba,AMRO,94.0,2025,2.0,83
2020-06-07,CU,Cuba,AMRO,148.0,2173,0.0,83
2020-06-14,CU,Cuba,AMRO,65.0,2238,1.0,84
2020-06-21,CU,Cuba,AMRO,71.0,2309,1.0,85
2020-06-28,CU,Cuba,AMRO,21.0,2330,1.0,86
2020-07-05,CU,Cuba,AMRO,39.0,2369,0.0,86
2020-07-12,CU,Cuba,AMRO,51.0,2420,1.0,87
2020-07-19,CU,Cuba,AMRO,25.0,2445,0.0,87
2020-07-26,CU,Cuba,AMRO,33.0,2478,0.0,87
2020-08-02,CU,Cuba,AMRO,155.0,2633,0.0,87
2020-08-09,CU,Cuba,AMRO,255.0,2888,1.0,88
2020-08-16,CU,Cuba,AMRO,404.0,3292,0.0,88
2020-08-23,CU,Cuba,AMRO,325.0,3617,1.0,89
2020-08-30,CU,Cuba,AMRO,308.0,3925,5.0,94
2020-09-06,CU,Cuba,AMRO,373.0,4298,6.0,100
2020-09-13,CU,Cuba,AMRO,355.0,4653,8.0,108
2020-09-20,CU,Cuba,AMRO,402.0,5055,5.0,113
2020-09-27,CU,Cuba,AMRO,357.0,5412,7.0,120
2020-10-04,CU,Cuba,AMRO,368.0,5780,2.0,122
2020-10-11,CU,Cuba,AMRO,168.0,5948,1.0,123
2020-10-18,CU,Cuba,AMRO,222.0,6170,2.0,125
2020-10-25,CU,Cuba,AMRO,364.0,6534,3.0,128
2020-11-01,CU,Cuba,AMRO,353.0,6887,0.0,128
2020-11-08,CU,Cuba,AMRO,380.0,7267,2.0,130
2020-11-15,CU,Cuba,AMRO,301.0,7568,1.0,131
2020-11-22,CU,Cuba,AMRO,230.0,7798,1.0,132
2020-11-29,CU,Cuba,AMRO,375.0,8173,1.0,133
2020-12-06,CU,Cuba,AMRO,541.0,8714,3.0,136
2020-12-13,CU,Cuba,AMRO,640.0,9354,1.0,137
2020-12-20,CU,Cuba,AMRO,670.0,10024,0.0,137
2020-12-27,CU,Cuba,AMRO,1014.0,11038,4.0,141
2021-01-03,CU,Cuba,AMRO,1187.0,12225,5.0,146
2021-01-10,CU,Cuba,AMRO,1963.0,14188,2.0,148
2021-01-17,CU,Cuba,AMRO,3313.0,17501,18.0,166
2021-01-24,CU,Cuba,AMRO,3126.0,20627,25.0,191
2021-01-31,CU,Cuba,AMRO,5047.0,25674,22.0,213
2021-02-07,CU,Cuba,AMRO,6337.0,32011,20.0,233
2021-02-14,CU,Cuba,AMRO,5472.0,37483,28.0,261
2021-02-21,CU,Cuba,AMRO,6001.0,43484,30.0,291
2021-02-28,CU,Cuba,AMRO,5677.0,49161,27.0,318
2021-03-07,CU,Cuba,AMRO,5674.0,54835,26.0,344
2021-03-14,CU,Cuba,AMRO,5723.0,60558,22.0,366
2021-03-21,CU,Cuba,AMRO,5404.0,65962,26.0,392
2021-03-28,CU,Cuba,AMRO,5622.0,71584,22.0,414
2021-04-04,CU,Cuba,AMRO,6798.0,78382,17.0,431
2021-04-11,CU,Cuba,AMRO,7190.0,85572,22.0,453
2021-04-18,CU,Cuba,AMRO,6902.0,92474,59.0,512
2021-04-25,CU,Cuba,AMRO,7844.0,100318,69.0,581
2021-05-02,CU,Cuba,AMRO,7304.0,107622,73.0,654
2021-05-09,CU,Cuba,AMRO,7290.0,114912,68.0,722
2021-05-16,CU,Cuba,AMRO,8309.0,123221,74.0,796
2021-05-23,CU,Cuba,AMRO,8611.0,131832,67.0,863
2021-05-30,CU,Cuba,AMRO,8255.0,140087,80.0,943
2021-06-06,CU,Cuba,AMRO,7744.0,147831,60.0,1003
2021-06-13,CU,Cuba,AMRO,8407.0,156238,54.0,1057
2021-06-20,CU,Cuba,AMRO,10130.0,166368,91.0,1148
2021-06-27,CU,Cuba,AMRO,13288.0,179656,83.0,1231
2021-07-04,CU,Cuba,AMRO,21072.0,200728,106.0,1337
2021-07-11,CU,Cuba,AMRO,30840.0,231568,122.0,1459
2021-07-18,CU,Cuba,AMRO,44040.0,275608,384.0,1843
2021-07-25,CU,Cuba,AMRO,48507.0,324115,428.0,2271
2021-08-01,CU,Cuba,AMRO,60481.0,384596,487.0,2758
2021-08-08,CU,Cuba,AMRO,64196.0,448792,597.0,3355
2021-08-15,CU,Cuba,AMRO,60240.0,509032,570.0,3925
2021-08-22,CU,Cuba,AMRO,64719.0,573751,556.0,4481
2021-08-29,CU,Cuba,AMRO,60410.0,634161,586.0,5067
2021-09-05,CU,Cuba,AMRO,46292.0,680453,550.0,5617
2021-09-12,CU,Cuba,AMRO,56715.0,737168,602.0,6219
2021-09-19,CU,Cuba,AMRO,55765.0,792933,514.0,6733
2021-09-26,CU,Cuba,AMRO,54561.0,847494,430.0,7163
2021-10-03,CU,Cuba,AMRO,39856.0,887350,371.0,7534
2021-10-10,CU,Cuba,AMRO,27429.0,914779,278.0,7812
2021-10-17,CU,Cuba,AMRO,17989.0,932768,225.0,8037
2021-10-24,CU,Cuba,AMRO,11663.0,944431,130.0,8167
2021-10-31,CU,Cuba,AMRO,6894.0,951325,63.0,8230
2021-11-07,CU,Cuba,AMRO,4173.0,955498,31.0,8261
2021-11-14,CU,Cuba,AMRO,2892.0,958390,18.0,8279
2021-11-21,CU,Cuba,AMRO,2082.0,960472,14.0,8293
2021-11-28,CU,Cuba,AMRO,1595.0,962067,7.0,8300
2021-12-05,CU,Cuba,AMRO,935.0,963002,7.0,8307
2021-12-12,CU,Cuba,AMRO,564.0,963566,6.0,8313
2021-12-19,CU,Cuba,AMRO,469.0,964035,1.0,8314
2021-12-26,CU,Cuba,AMRO,572.0,964607,6.0,8320
2022-01-02,CU,Cuba,AMRO,1866.0,966473,3.0,8323
2022-01-09,CU,Cuba,AMRO,8214.0,974687,3.0,8326
2022-01-16,CU,Cuba,AMRO,20944.0,995631,9.0,8335
2022-01-23,CU,Cuba,AMRO,22973.0,1018604,23.0,8358
2022-01-30,CU,Cuba,AMRO,21238.0,1039842,32.0,8390
2022-02-06,CU,Cuba,AMRO,12378.0,1052220,41.0,8431
2022-02-13,CU,Cuba,AMRO,7614.0,1059834,36.0,8467
2022-02-20,CU,Cuba,AMRO,4923.0,1064757,19.0,8486
2022-02-27,CU,Cuba,AMRO,4000.0,1068757,8.0,8494
2022-03-06,CU,Cuba,AMRO,3717.0,1072474,5.0,8499
2022-03-13,CU,Cuba,AMRO,3755.0,1076229,4.0,8503
2022-03-20,CU,Cuba,AMRO,4457.0,1080686,3.0,8506
2022-03-27,CU,Cuba,AMRO,5675.0,1086361,3.0,8509
2022-04-03,CU,Cuba,AMRO,5491.0,1091852,3.0,8512
2022-04-10,CU,Cuba,AMRO,4382.0,1096234,5.0,8517
2022-04-17,CU,Cuba,AMRO,3210.0,1099444,3.0,8520
2022-04-24,CU,Cuba,AMRO,2042.0,1101486,3.0,8523
2022-05-01,CU,Cuba,AMRO,1455.0,1102941,3.0,8526
2022-05-08,CU,Cuba,AMRO,935.0,1103876,1.0,8527
2022-05-15,CU,Cuba,AMRO,620.0,1104496,2.0,8529
2022-05-22,CU,Cuba,AMRO,439.0,1104935,0.0,8529
2022-05-29,CU,Cuba,AMRO,292.0,1105227,0.0,8529
2022-06-05,CU,Cuba,AMRO,216.0,1105443,0.0,8529
2022-06-12,CU,Cuba,AMRO,149.0,1105592,0.0,8529
2022-06-19,CU,Cuba,AMRO,137.0,1105729,0.0,8529
2022-06-26,CU,Cuba,AMRO,167.0,1105896,0.0,8529
2022-07-03,CU,Cuba,AMRO,191.0,1106087,0.0,8529
2022-07-10,CU,Cuba,AMRO,278.0,1106365,0.0,8529
2022-07-17,CU,Cuba,AMRO,365.0,1106730,0.0,8529
2022-07-24,CU,Cuba,AMRO,581.0,1107311,0.0,8529
2022-07-31,CU,Cuba,AMRO,674.0,1107985,0.0,8529
2022-08-07,CU,Cuba,AMRO,721.0,1108706,0.0,8529
2022-08-14,CU,Cuba,AMRO,654.0,1109360,0.0,8529
2022-08-21,CU,Cuba,AMRO,551.0,1109911,0.0,8529
2022-08-28,CU,Cuba,AMRO,426.0,1110337,1.0,8530
2022-09-04,CU,Cuba,AMRO,331.0,1110668,0.0,8530
2022-09-11,CU,Cuba,AMRO,190.0,1110858,0.0,8530
2022-09-18,CU,Cuba,AMRO,153.0,1111011,0.0,8530
2022-09-25,CU,Cuba,AMRO,117.0,1111128,0.0,8530
2022-10-02,CU,Cuba,AMRO,66.0,1111194,0.0,8530
2022-10-09,CU,Cuba,AMRO,39.0,1111233,0.0,8530
2022-10-16,CU,Cuba,AMRO,18.0,1111251,0.0,8530
2022-10-23,CU,Cuba,AMRO,15.0,1111266,0.0,8530
2022-10-30,CU,Cuba,AMRO,15.0,1111281,0.0,8530
2022-11-06,CU,Cuba,AMRO,10.0,1111291,0.0,8530
2022-11-13,CU,Cuba,AMRO,26.0,1111317,0.0,8530
2022-11-20,CU,Cuba,AMRO,20.0,1111337,0.0,8530
2022-11-27,CU,Cuba,AMRO,31.0,1111368,0.0,8530
2022-12-04,CU,Cuba,AMRO,53.0,1111421,0.0,8530
2022-12-11,CU,Cuba,AMRO,109.0,1111530,0.0,8530
2022-12-18,CU,Cuba,AMRO,117.0,1111647,0.0,8530
2022-12-25,CU,Cuba,AMRO,180.0,1111827,0.0,8530
2023-01-01,CU,Cuba,AMRO,166.0,1111993,0.0,8530
2023-01-08,CU,Cuba,AMRO,141.0,1112134,0.0,8530
2023-01-15,CU,Cuba,AMRO,129.0,1112263,0.0,8530
2023-01-22,CU,Cuba,AMRO,78.0,1112341,0.0,8530
2023-01-29,CU,Cuba,AMRO,53.0,1112394,0.0,8530
2023-02-05,CU,Cuba,AMRO,79.0,1112473,0.0,8530
2023-02-12,CU,Cuba,AMRO,40.0,1112513,0.0,8530
2023-02-19,CU,Cuba,AMRO,30.0,1112543,0.0,8530
2023-02-26,CU,Cuba,AMRO,35.0,1112578,0.0,8530
2023-03-05,CU,Cuba,AMRO,44.0,1112622,0.0,8530
2023-03-12,CU,Cuba,AMRO,15.0,1112637,0.0,8530
2023-03-19,CU,Cuba,AMRO,60.0,1112697,0.0,8530
2023-03-26,CU,Cuba,AMRO,81.0,1112778,0.0,8530
2023-04-02,CU,Cuba,AMRO,47.0,1112825,0.0,8530
2023-04-09,CU,Cuba,AMRO,28.0,1112853,0.0,8530
2023-04-16,CU,Cuba,AMRO,137.0,1112990,0.0,8530
2023-04-23,CU,Cuba,AMRO,98.0,1113088,0.0,8530
2023-04-30,CU,Cuba,AMRO,0.0,1113088,0.0,8530
2023-05-07,CU,Cuba,AMRO,312.0,1113400,0.0,8530
2023-05-14,CU,Cuba,AMRO,194.0,1113594,0.0,8530
2023-05-21,CU,Cuba,AMRO,0.0,1113594,0.0,8530
2023-05-28,CU,Cuba,AMRO,0.0,1113594,0.0,8530
2023-06-04,CU,Cuba,AMRO,0.0,1113594,0.0,8530
2023-06-11,CU,Cuba,AMRO,0.0,1113594,0.0,8530
2023-06-18,CU,Cuba,AMRO,0.0,1113594,0.0,8530
2023-06-25,CU,Cuba,AMRO,0.0,1113594,0.0,8530
2023-07-02,CU,Cuba,AMRO,0.0,1113594,0.0,8530
2023-07-09,CU,Cuba,AMRO,0.0,1113594,0.0,8530
2023-07-16,CU,Cuba,AMRO,0.0,1113594,0.0,8530
2023-07-23,CU,Cuba,AMRO,0.0,1113594,0.0,8530
2023-07-30,CU,Cuba,AMRO,0.0,1113594,0.0,8530
2023-08-06,CU,Cuba,AMRO,0.0,1113594,0.0,8530
2023-08-13,CU,Cuba,AMRO,0.0,1113594,0.0,8530
2023-08-20,CU,Cuba,AMRO,0.0,1113594,0.0,8530
2023-08-27,CU,Cuba,AMRO,0.0,1113594,0.0,8530
2023-09-03,CU,Cuba,AMRO,0.0,1113594,0.0,8530
2023-09-10,CU,Cuba,AMRO,0.0,1113594,0.0,8530
2023-09-17,CU,Cuba,AMRO,0.0,1113594,0.0,8530
2023-09-24,CU,Cuba,AMRO,0.0,1113594,0.0,8530
2023-10-01,CU,Cuba,AMRO,0.0,1113594,0.0,8530
2023-10-08,CU,Cuba,AMRO,0.0,1113594,0.0,8530
2023-10-15,CU,Cuba,AMRO,0.0,1113594,0.0,8530
2023-10-22,CU,Cuba,AMRO,0.0,1113594,0.0,8530
2023-10-29,CU,Cuba,AMRO,0.0,1113594,0.0,8530
2023-11-05,CU,Cuba,AMRO,0.0,1113594,0.0,8530
2023-11-12,CU,Cuba,AMRO,0.0,1113594,0.0,8530
2023-11-19,CU,Cuba,AMRO,0.0,1113594,0.0,8530
2023-11-26,CU,Cuba,AMRO,0.0,1113594,0.0,8530
2023-12-03,CU,Cuba,AMRO,0.0,1113594,0.0,8530
2023-12-10,CU,Cuba,AMRO,0.0,1113594,0.0,8530
2023-12-17,CU,Cuba,AMRO,0.0,1113594,0.0,8530
2023-12-24,CU,Cuba,AMRO,0.0,1113594,0.0,8530
2023-12-31,CU,Cuba,AMRO,0.0,1113594,0.0,8530
2024-01-07,CU,Cuba,AMRO,3.0,1113597,0.0,8530
2024-01-14,CU,Cuba,AMRO,4.0,1113601,0.0,8530
2024-01-21,CU,Cuba,AMRO,12.0,1113613,0.0,8530
2024-01-28,CU,Cuba,AMRO,8.0,1113621,0.0,8530
2024-02-04,CU,Cuba,AMRO,13.0,1113634,0.0,8530
2024-02-11,CU,Cuba,AMRO,12.0,1113646,0.0,8530
2024-02-18,CU,Cuba,AMRO,2.0,1113648,0.0,8530
2024-02-25,CU,Cuba,AMRO,6.0,1113654,0.0,8530
2024-03-03,CU,Cuba,AMRO,3.0,1113657,0.0,8530
2024-03-10,CU,Cuba,AMRO,1.0,1113658,0.0,8530
2024-03-17,CU,Cuba,AMRO,1.0,1113659,0.0,8530
2024-03-24,CU,Cuba,AMRO,1.0,1113660,0.0,8530
2024-03-31,CU,Cuba,AMRO,2.0,1113662,0.0,8530
2024-04-07,CU,Cuba,AMRO,0.0,1113662,0.0,8530
2024-04-14,CU,Cuba,AMRO,0.0,1113662,0.0,8530
2024-04-21,CU,Cuba,AMRO,0.0,1113662,0.0,8530
2024-04-28,CU,Cuba,AMRO,0.0,1113662,0.0,8530
