Date_reported,Country_code,Country,WHO_region,New_cases,Cumulative_cases,New_deaths,Cumulative_deaths
2020-01-05,CY,Cyprus,EURO,0.0,0,0.0,0
2020-01-12,CY,Cyprus,EURO,0.0,0,0.0,0
2020-01-19,CY,Cyprus,EURO,0.0,0,0.0,0
2020-01-26,CY,Cyprus,EURO,0.0,0,0.0,0
2020-02-02,CY,Cyprus,EURO,0.0,0,0.0,0
2020-02-09,CY,Cyprus,EURO,0.0,0,0.0,0
2020-02-16,CY,Cyprus,EURO,0.0,0,0.0,0
2020-02-23,CY,Cyprus,EURO,0.0,0,0.0,0
2020-03-01,CY,Cyprus,EURO,0.0,0,0.0,0
2020-03-08,CY,Cyprus,EURO,0.0,0,0.0,0
2020-03-15,CY,Cyprus,EURO,21.0,21,0.0,0
2020-03-22,CY,Cyprus,EURO,63.0,84,0.0,0
2020-03-29,CY,Cyprus,EURO,95.0,179,5.0,5
2020-04-05,CY,Cyprus,EURO,247.0,426,4.0,9
2020-04-12,CY,Cyprus,EURO,190.0,616,1.0,10
2020-04-19,CY,Cyprus,EURO,145.0,761,2.0,12
2020-04-26,CY,Cyprus,EURO,49.0,810,2.0,14
2020-05-03,CY,Cyprus,EURO,54.0,864,1.0,15
2020-05-10,CY,Cyprus,EURO,28.0,892,0.0,15
2020-05-17,CY,Cyprus,EURO,22.0,914,2.0,17
2020-05-24,CY,Cyprus,EURO,13.0,927,0.0,17
2020-05-31,CY,Cyprus,EURO,16.0,943,0.0,17
2020-06-07,CY,Cyprus,EURO,17.0,960,1.0,18
2020-06-14,CY,Cyprus,EURO,20.0,980,0.0,18
2020-06-21,CY,Cyprus,EURO,5.0,985,1.0,19
2020-06-28,CY,Cyprus,EURO,9.0,994,0.0,19
2020-07-05,CY,Cyprus,EURO,8.0,1002,0.0,19
2020-07-12,CY,Cyprus,EURO,12.0,1014,0.0,19
2020-07-19,CY,Cyprus,EURO,23.0,1037,0.0,19
2020-07-26,CY,Cyprus,EURO,16.0,1053,0.0,19
2020-08-02,CY,Cyprus,EURO,71.0,1124,0.0,19
2020-08-09,CY,Cyprus,EURO,109.0,1233,0.0,19
2020-08-16,CY,Cyprus,EURO,99.0,1332,1.0,20
2020-08-23,CY,Cyprus,EURO,85.0,1417,1.0,21
2020-08-30,CY,Cyprus,EURO,66.0,1483,0.0,21
2020-09-06,CY,Cyprus,EURO,24.0,1507,0.0,21
2020-09-13,CY,Cyprus,EURO,16.0,1523,0.0,21
2020-09-20,CY,Cyprus,EURO,57.0,1580,1.0,22
2020-09-27,CY,Cyprus,EURO,104.0,1684,0.0,22
2020-10-04,CY,Cyprus,EURO,127.0,1811,0.0,22
2020-10-11,CY,Cyprus,EURO,175.0,1986,3.0,25
2020-10-18,CY,Cyprus,EURO,393.0,2379,0.0,25
2020-10-25,CY,Cyprus,EURO,1065.0,3444,0.0,25
2020-11-01,CY,Cyprus,EURO,922.0,4366,1.0,26
2020-11-08,CY,Cyprus,EURO,1505.0,5871,1.0,27
2020-11-15,CY,Cyprus,EURO,1180.0,7051,12.0,39
2020-11-22,CY,Cyprus,EURO,1405.0,8456,4.0,43
2020-11-29,CY,Cyprus,EURO,1775.0,10231,5.0,48
2020-12-06,CY,Cyprus,EURO,1951.0,12182,12.0,60
2020-12-13,CY,Cyprus,EURO,2619.0,14801,19.0,79
2020-12-20,CY,Cyprus,EURO,2676.0,17477,13.0,92
2020-12-27,CY,Cyprus,EURO,1915.0,19392,22.0,114
2021-01-03,CY,Cyprus,EURO,4511.0,23903,18.0,132
2021-01-10,CY,Cyprus,EURO,3566.0,27469,18.0,150
2021-01-17,CY,Cyprus,EURO,1800.0,29269,20.0,170
2021-01-24,CY,Cyprus,EURO,1076.0,30345,16.0,186
2021-01-31,CY,Cyprus,EURO,883.0,31228,14.0,200
2021-02-07,CY,Cyprus,EURO,928.0,32156,14.0,214
2021-02-14,CY,Cyprus,EURO,746.0,32902,11.0,225
2021-02-21,CY,Cyprus,EURO,763.0,33665,9.0,234
2021-02-28,CY,Cyprus,EURO,1271.0,34936,2.0,236
2021-03-07,CY,Cyprus,EURO,2315.0,37251,1.0,237
2021-03-14,CY,Cyprus,EURO,2702.0,39953,6.0,243
2021-03-21,CY,Cyprus,EURO,2605.0,42558,4.0,247
2021-03-28,CY,Cyprus,EURO,2423.0,44981,8.0,255
2021-04-04,CY,Cyprus,EURO,3271.0,48252,11.0,266
2021-04-11,CY,Cyprus,EURO,3753.0,52005,11.0,277
2021-04-18,CY,Cyprus,EURO,4372.0,56377,18.0,295
2021-04-25,CY,Cyprus,EURO,6169.0,62546,10.0,305
2021-05-02,CY,Cyprus,EURO,4903.0,67449,15.0,320
2021-05-09,CY,Cyprus,EURO,2791.0,70240,21.0,341
2021-05-16,CY,Cyprus,EURO,1736.0,71976,12.0,353
2021-05-23,CY,Cyprus,EURO,937.0,72913,8.0,361
2021-05-30,CY,Cyprus,EURO,527.0,73440,7.0,368
2021-06-06,CY,Cyprus,EURO,432.0,73872,3.0,371
2021-06-13,CY,Cyprus,EURO,407.0,74279,10.0,381
2021-06-20,CY,Cyprus,EURO,425.0,74704,1.0,382
2021-06-27,CY,Cyprus,EURO,987.0,75691,0.0,382
2021-07-04,CY,Cyprus,EURO,3262.0,78953,0.0,382
2021-07-11,CY,Cyprus,EURO,5978.0,84931,6.0,388
2021-07-18,CY,Cyprus,EURO,6915.0,91846,5.0,393
2021-07-25,CY,Cyprus,EURO,6653.0,98499,15.0,408
2021-08-01,CY,Cyprus,EURO,5170.0,103669,24.0,432
2021-08-08,CY,Cyprus,EURO,3647.0,107316,18.0,450
2021-08-15,CY,Cyprus,EURO,3114.0,110430,23.0,473
2021-08-22,CY,Cyprus,EURO,2433.0,112863,23.0,496
2021-08-29,CY,Cyprus,EURO,1929.0,114792,22.0,518
2021-09-05,CY,Cyprus,EURO,1830.0,116622,18.0,536
2021-09-12,CY,Cyprus,EURO,1210.0,117832,15.0,551
2021-09-19,CY,Cyprus,EURO,1032.0,118864,10.0,561
2021-09-26,CY,Cyprus,EURO,826.0,119690,5.0,566
2021-10-03,CY,Cyprus,EURO,726.0,120416,3.0,569
2021-10-10,CY,Cyprus,EURO,855.0,121271,4.0,573
2021-10-17,CY,Cyprus,EURO,993.0,122264,5.0,578
2021-10-24,CY,Cyprus,EURO,1005.0,123269,7.0,585
2021-10-31,CY,Cyprus,EURO,1064.0,124333,7.0,592
2021-11-07,CY,Cyprus,EURO,1482.0,125815,2.0,594
2021-11-14,CY,Cyprus,EURO,1663.0,127478,2.0,596
2021-11-21,CY,Cyprus,EURO,2410.0,129888,2.0,598
2021-11-28,CY,Cyprus,EURO,3049.0,132937,2.0,600
2021-12-05,CY,Cyprus,EURO,3588.0,136525,9.0,609
2021-12-12,CY,Cyprus,EURO,3933.0,140458,7.0,616
2021-12-19,CY,Cyprus,EURO,4255.0,144713,11.0,627
2021-12-26,CY,Cyprus,EURO,5135.0,149848,10.0,637
2022-01-02,CY,Cyprus,EURO,17631.0,167479,11.0,648
2022-01-09,CY,Cyprus,EURO,25723.0,193202,16.0,664
2022-01-16,CY,Cyprus,EURO,22407.0,215609,21.0,685
2022-01-23,CY,Cyprus,EURO,15773.0,231382,39.0,724
2022-01-30,CY,Cyprus,EURO,16980.0,248362,24.0,748
2022-02-06,CY,Cyprus,EURO,20295.0,268657,13.0,761
2022-02-13,CY,Cyprus,EURO,18231.0,286888,32.0,793
2022-02-20,CY,Cyprus,EURO,16440.0,303328,43.0,836
2022-02-27,CY,Cyprus,EURO,14348.0,317676,34.0,870
2022-03-06,CY,Cyprus,EURO,13832.0,331508,20.0,890
2022-03-13,CY,Cyprus,EURO,19180.0,350688,24.0,914
2022-03-20,CY,Cyprus,EURO,22970.0,373658,16.0,930
2022-03-27,CY,Cyprus,EURO,31886.0,405544,16.0,946
2022-04-03,CY,Cyprus,EURO,31405.0,436949,13.0,959
2022-04-10,CY,Cyprus,EURO,19015.0,455964,16.0,975
2022-04-17,CY,Cyprus,EURO,8240.0,464204,13.0,988
2022-04-24,CY,Cyprus,EURO,6115.0,470319,18.0,1006
2022-05-01,CY,Cyprus,EURO,9901.0,480220,9.0,1015
2022-05-08,CY,Cyprus,EURO,3444.0,483664,12.0,1027
2022-05-15,CY,Cyprus,EURO,2422.0,486086,24.0,1051
2022-05-22,CY,Cyprus,EURO,2103.0,488189,6.0,1057
2022-05-29,CY,Cyprus,EURO,1774.0,489963,2.0,1059
2022-06-05,CY,Cyprus,EURO,1814.0,491777,8.0,1067
2022-06-12,CY,Cyprus,EURO,2207.0,493984,1.0,1068
2022-06-19,CY,Cyprus,EURO,3470.0,497454,2.0,1070
2022-06-26,CY,Cyprus,EURO,7263.0,504717,2.0,1072
2022-07-03,CY,Cyprus,EURO,10879.0,515596,3.0,1075
2022-07-10,CY,Cyprus,EURO,14914.0,530510,4.0,1079
2022-07-17,CY,Cyprus,EURO,15386.0,545896,7.0,1086
2022-07-24,CY,Cyprus,EURO,10152.0,556048,13.0,1099
2022-07-31,CY,Cyprus,EURO,6863.0,562911,16.0,1115
2022-08-07,CY,Cyprus,EURO,5472.0,568383,28.0,1143
2022-08-14,CY,Cyprus,EURO,3611.0,571994,6.0,1149
2022-08-21,CY,Cyprus,EURO,2130.0,574124,3.0,1152
2022-08-28,CY,Cyprus,EURO,2154.0,576278,16.0,1168
2022-09-04,CY,Cyprus,EURO,1752.0,578030,4.0,1172
2022-09-11,CY,Cyprus,EURO,1869.0,579899,1.0,1173
2022-09-18,CY,Cyprus,EURO,2482.0,582381,5.0,1178
2022-09-25,CY,Cyprus,EURO,2932.0,585313,2.0,1180
2022-10-02,CY,Cyprus,EURO,2681.0,587994,2.0,1182
2022-10-09,CY,Cyprus,EURO,2789.0,590783,5.0,1187
2022-10-16,CY,Cyprus,EURO,2759.0,593542,2.0,1189
2022-10-23,CY,Cyprus,EURO,2755.0,596297,2.0,1191
2022-10-30,CY,Cyprus,EURO,2821.0,599118,3.0,1194
2022-11-06,CY,Cyprus,EURO,3544.0,602662,6.0,1200
2022-11-13,CY,Cyprus,EURO,3625.0,606287,10.0,1210
2022-11-20,CY,Cyprus,EURO,3736.0,610023,8.0,1218
2022-11-27,CY,Cyprus,EURO,4214.0,614237,8.0,1226
2022-12-04,CY,Cyprus,EURO,4011.0,618248,11.0,1237
2022-12-11,CY,Cyprus,EURO,3854.0,622102,5.0,1242
2022-12-18,CY,Cyprus,EURO,3460.0,625562,8.0,1250
2022-12-25,CY,Cyprus,EURO,2947.0,628509,5.0,1255
2023-01-01,CY,Cyprus,EURO,2602.0,631111,3.0,1258
2023-01-08,CY,Cyprus,EURO,3598.0,634709,4.0,1262
2023-01-15,CY,Cyprus,EURO,3353.0,638062,8.0,1270
2023-01-22,CY,Cyprus,EURO,2667.0,640729,10.0,1280
2023-01-29,CY,Cyprus,EURO,1934.0,642663,7.0,1287
2023-02-05,CY,Cyprus,EURO,1497.0,644160,4.0,1291
2023-02-12,CY,Cyprus,EURO,1355.0,645515,2.0,1293
2023-02-19,CY,Cyprus,EURO,1516.0,647031,4.0,1297
2023-02-26,CY,Cyprus,EURO,2062.0,649093,8.0,1305
2023-03-05,CY,Cyprus,EURO,1592.0,650685,25.0,1330
2023-03-12,CY,Cyprus,EURO,1701.0,652386,5.0,1335
2023-03-19,CY,Cyprus,EURO,1281.0,653667,6.0,1341
2023-03-26,CY,Cyprus,EURO,1047.0,654714,4.0,1345
2023-04-02,CY,Cyprus,EURO,950.0,655664,4.0,1349
2023-04-09,CY,Cyprus,EURO,1240.0,656904,1.0,1350
2023-04-16,CY,Cyprus,EURO,0.0,656904,0.0,1350
2023-04-23,CY,Cyprus,EURO,1546.0,658450,4.0,1354
2023-04-30,CY,Cyprus,EURO,0.0,658450,0.0,1354
2023-05-07,CY,Cyprus,EURO,2404.0,660854,10.0,1364
2023-05-14,CY,Cyprus,EURO,0.0,660854,0.0,1364
2023-05-21,CY,Cyprus,EURO,0.0,660854,0.0,1364
2023-05-28,CY,Cyprus,EURO,0.0,660854,0.0,1364
2023-06-04,CY,Cyprus,EURO,0.0,660854,0.0,1364
2023-06-11,CY,Cyprus,EURO,0.0,660854,0.0,1364
2023-06-18,CY,Cyprus,EURO,0.0,660854,0.0,1364
2023-06-25,CY,Cyprus,EURO,0.0,660854,0.0,1364
2023-07-02,CY,Cyprus,EURO,0.0,660854,0.0,1364
2023-07-09,CY,Cyprus,EURO,0.0,660854,0.0,1364
2023-07-16,CY,Cyprus,EURO,0.0,660854,0.0,1364
2023-07-23,CY,Cyprus,EURO,0.0,660854,0.0,1364
2023-07-30,CY,Cyprus,EURO,0.0,660854,0.0,1364
2023-08-06,CY,Cyprus,EURO,0.0,660854,0.0,1364
2023-08-13,CY,Cyprus,EURO,0.0,660854,0.0,1364
2023-08-20,CY,Cyprus,EURO,0.0,660854,0.0,1364
2023-08-27,CY,Cyprus,EURO,0.0,660854,0.0,1364
2023-09-03,CY,Cyprus,EURO,0.0,660854,0.0,1364
2023-09-10,CY,Cyprus,EURO,0.0,660854,0.0,1364
2023-09-17,CY,Cyprus,EURO,0.0,660854,0.0,1364
2023-09-24,CY,Cyprus,EURO,0.0,660854,0.0,1364
2023-10-01,CY,Cyprus,EURO,0.0,660854,0.0,1364
2023-10-08,CY,Cyprus,EURO,0.0,660854,0.0,1364
2023-10-15,CY,Cyprus,EURO,0.0,660854,0.0,1364
2023-10-22,CY,Cyprus,EURO,0.0,660854,0.0,1364
2023-10-29,CY,Cyprus,EURO,0.0,660854,0.0,1364
2023-11-05,CY,Cyprus,EURO,975.0,661829,0.0,1364
2023-11-12,CY,Cyprus,EURO,825.0,662654,4.0,1368
2023-11-19,CY,Cyprus,EURO,308.0,662962,0.0,1368
2023-11-26,CY,Cyprus,EURO,778.0,663740,0.0,1368
2023-12-03,CY,Cyprus,EURO,1054.0,664794,1.0,1369
2023-12-10,CY,Cyprus,EURO,1685.0,666479,7.0,1376
2023-12-17,CY,Cyprus,EURO,2190.0,668669,9.0,1385
2023-12-24,CY,Cyprus,EURO,2908.0,671577,4.0,1389
2023-12-31,CY,Cyprus,EURO,3532.0,675109,5.0,1394
2024-01-07,CY,Cyprus,EURO,7823.0,682932,11.0,1405
2024-01-14,CY,Cyprus,EURO,2166.0,685098,15.0,1420
2024-01-21,CY,Cyprus,EURO,1482.0,686580,6.0,1426
2024-01-28,CY,Cyprus,EURO,913.0,687493,3.0,1429
2024-02-04,CY,Cyprus,EURO,841.0,688334,4.0,1433
2024-02-11,CY,Cyprus,EURO,527.0,688861,3.0,1436
2024-02-18,CY,Cyprus,EURO,450.0,689311,2.0,1438
2024-02-25,CY,Cyprus,EURO,382.0,689693,0.0,1438
2024-03-03,CY,Cyprus,EURO,320.0,690013,2.0,1440
2024-03-10,CY,Cyprus,EURO,292.0,690305,1.0,1441
2024-03-17,CY,Cyprus,EURO,177.0,690482,0.0,1441
2024-03-24,CY,Cyprus,EURO,126.0,690608,0.0,1441
2024-03-31,CY,Cyprus,EURO,100.0,690708,1.0,1442
2024-04-07,CY,Cyprus,EURO,83.0,690791,0.0,1442
2024-04-14,CY,Cyprus,EURO,0.0,690791,0.0,1442
2024-04-21,CY,Cyprus,EURO,0.0,690791,0.0,1442
2024-04-28,CY,Cyprus,EURO,0.0,690791,0.0,1442
