Date_reported,Country_code,Country,WHO_region,New_cases,Cumulative_cases,New_deaths,Cumulative_deaths
2020-01-05,DM,Dominica,AMRO,0.0,0,0.0,0
2020-01-12,DM,Dominica,AMRO,0.0,0,0.0,0
2020-01-19,DM,Dominica,AMRO,0.0,0,0.0,0
2020-01-26,DM,Dominica,AMRO,0.0,0,0.0,0
2020-02-02,DM,Dominica,AMRO,0.0,0,0.0,0
2020-02-09,DM,Dominica,AMRO,0.0,0,0.0,0
2020-02-16,DM,Dominica,AMRO,0.0,0,0.0,0
2020-02-23,DM,Dominica,AMRO,0.0,0,0.0,0
2020-03-01,DM,Dominica,AMRO,0.0,0,0.0,0
2020-03-08,DM,Dominica,AMRO,0.0,0,0.0,0
2020-03-15,DM,Dominica,AMRO,0.0,0,0.0,0
2020-03-22,DM,Dominica,AMRO,0.0,0,0.0,0
2020-03-29,DM,Dominica,AMRO,11.0,11,0.0,0
2020-04-05,DM,Dominica,AMRO,0.0,11,0.0,0
2020-04-12,DM,Dominica,AMRO,5.0,16,0.0,0
2020-04-19,DM,Dominica,AMRO,0.0,16,0.0,0
2020-04-26,DM,Dominica,AMRO,0.0,16,0.0,0
2020-05-03,DM,Dominica,AMRO,0.0,16,0.0,0
2020-05-10,DM,Dominica,AMRO,0.0,16,0.0,0
2020-05-17,DM,Dominica,AMRO,0.0,16,0.0,0
2020-05-24,DM,Dominica,AMRO,0.0,16,0.0,0
2020-05-31,DM,Dominica,AMRO,0.0,16,0.0,0
2020-06-07,DM,Dominica,AMRO,0.0,16,0.0,0
2020-06-14,DM,Dominica,AMRO,2.0,18,0.0,0
2020-06-21,DM,Dominica,AMRO,0.0,18,0.0,0
2020-06-28,DM,Dominica,AMRO,0.0,18,0.0,0
2020-07-05,DM,Dominica,AMRO,0.0,18,0.0,0
2020-07-12,DM,Dominica,AMRO,0.0,18,0.0,0
2020-07-19,DM,Dominica,AMRO,0.0,18,0.0,0
2020-07-26,DM,Dominica,AMRO,0.0,18,0.0,0
2020-08-02,DM,Dominica,AMRO,0.0,18,0.0,0
2020-08-09,DM,Dominica,AMRO,0.0,18,0.0,0
2020-08-16,DM,Dominica,AMRO,0.0,18,0.0,0
2020-08-23,DM,Dominica,AMRO,1.0,19,0.0,0
2020-08-30,DM,Dominica,AMRO,1.0,20,0.0,0
2020-09-06,DM,Dominica,AMRO,2.0,22,0.0,0
2020-09-13,DM,Dominica,AMRO,2.0,24,0.0,0
2020-09-20,DM,Dominica,AMRO,0.0,24,0.0,0
2020-09-27,DM,Dominica,AMRO,0.0,24,0.0,0
2020-10-04,DM,Dominica,AMRO,7.0,31,0.0,0
2020-10-11,DM,Dominica,AMRO,1.0,32,0.0,0
2020-10-18,DM,Dominica,AMRO,1.0,33,0.0,0
2020-10-25,DM,Dominica,AMRO,5.0,38,0.0,0
2020-11-01,DM,Dominica,AMRO,12.0,50,0.0,0
2020-11-08,DM,Dominica,AMRO,13.0,63,0.0,0
2020-11-15,DM,Dominica,AMRO,5.0,68,0.0,0
2020-11-22,DM,Dominica,AMRO,4.0,72,0.0,0
2020-11-29,DM,Dominica,AMRO,13.0,85,0.0,0
2020-12-06,DM,Dominica,AMRO,0.0,85,0.0,0
2020-12-13,DM,Dominica,AMRO,2.0,87,0.0,0
2020-12-20,DM,Dominica,AMRO,5.0,92,0.0,0
2020-12-27,DM,Dominica,AMRO,4.0,96,0.0,0
2021-01-03,DM,Dominica,AMRO,0.0,96,0.0,0
2021-01-10,DM,Dominica,AMRO,10.0,106,0.0,0
2021-01-17,DM,Dominica,AMRO,4.0,110,0.0,0
2021-01-24,DM,Dominica,AMRO,3.0,113,0.0,0
2021-01-31,DM,Dominica,AMRO,4.0,117,0.0,0
2021-02-07,DM,Dominica,AMRO,4.0,121,0.0,0
2021-02-14,DM,Dominica,AMRO,0.0,121,0.0,0
2021-02-21,DM,Dominica,AMRO,13.0,134,0.0,0
2021-02-28,DM,Dominica,AMRO,8.0,142,0.0,0
2021-03-07,DM,Dominica,AMRO,2.0,144,0.0,0
2021-03-14,DM,Dominica,AMRO,12.0,156,0.0,0
2021-03-21,DM,Dominica,AMRO,1.0,157,0.0,0
2021-03-28,DM,Dominica,AMRO,4.0,161,0.0,0
2021-04-04,DM,Dominica,AMRO,4.0,165,0.0,0
2021-04-11,DM,Dominica,AMRO,0.0,165,0.0,0
2021-04-18,DM,Dominica,AMRO,7.0,172,0.0,0
2021-04-25,DM,Dominica,AMRO,1.0,173,0.0,0
2021-05-02,DM,Dominica,AMRO,1.0,174,0.0,0
2021-05-09,DM,Dominica,AMRO,1.0,175,0.0,0
2021-05-16,DM,Dominica,AMRO,3.0,178,0.0,0
2021-05-23,DM,Dominica,AMRO,6.0,184,0.0,0
2021-05-30,DM,Dominica,AMRO,4.0,188,0.0,0
2021-06-06,DM,Dominica,AMRO,0.0,188,0.0,0
2021-06-13,DM,Dominica,AMRO,1.0,189,0.0,0
2021-06-20,DM,Dominica,AMRO,2.0,191,0.0,0
2021-06-27,DM,Dominica,AMRO,2.0,193,0.0,0
2021-07-04,DM,Dominica,AMRO,1.0,194,0.0,0
2021-07-11,DM,Dominica,AMRO,3.0,197,0.0,0
2021-07-18,DM,Dominica,AMRO,9.0,206,0.0,0
2021-07-25,DM,Dominica,AMRO,3.0,209,0.0,0
2021-08-01,DM,Dominica,AMRO,7.0,216,0.0,0
2021-08-08,DM,Dominica,AMRO,2.0,218,0.0,0
2021-08-15,DM,Dominica,AMRO,358.0,576,0.0,0
2021-08-22,DM,Dominica,AMRO,747.0,1323,1.0,1
2021-08-29,DM,Dominica,AMRO,315.0,1638,3.0,4
2021-09-05,DM,Dominica,AMRO,194.0,1832,0.0,4
2021-09-12,DM,Dominica,AMRO,666.0,2498,3.0,7
2021-09-19,DM,Dominica,AMRO,260.0,2758,1.0,8
2021-09-26,DM,Dominica,AMRO,535.0,3293,7.0,15
2021-10-03,DM,Dominica,AMRO,309.0,3602,6.0,21
2021-10-10,DM,Dominica,AMRO,418.0,4020,5.0,26
2021-10-17,DM,Dominica,AMRO,133.0,4153,2.0,28
2021-10-24,DM,Dominica,AMRO,355.0,4508,2.0,30
2021-10-31,DM,Dominica,AMRO,275.0,4783,2.0,32
2021-11-07,DM,Dominica,AMRO,178.0,4961,0.0,32
2021-11-14,DM,Dominica,AMRO,0.0,4961,0.0,32
2021-11-21,DM,Dominica,AMRO,480.0,5441,3.0,35
2021-11-28,DM,Dominica,AMRO,335.0,5776,2.0,37
2021-12-05,DM,Dominica,AMRO,310.0,6086,5.0,42
2021-12-12,DM,Dominica,AMRO,171.0,6257,0.0,42
2021-12-19,DM,Dominica,AMRO,173.0,6430,2.0,44
2021-12-26,DM,Dominica,AMRO,129.0,6559,1.0,45
2022-01-02,DM,Dominica,AMRO,303.0,6862,2.0,47
2022-01-09,DM,Dominica,AMRO,532.0,7394,0.0,47
2022-01-16,DM,Dominica,AMRO,563.0,7957,1.0,48
2022-01-23,DM,Dominica,AMRO,560.0,8517,1.0,49
2022-01-30,DM,Dominica,AMRO,515.0,9032,2.0,51
2022-02-06,DM,Dominica,AMRO,968.0,10000,0.0,51
2022-02-13,DM,Dominica,AMRO,527.0,10527,2.0,53
2022-02-20,DM,Dominica,AMRO,225.0,10752,4.0,57
2022-02-27,DM,Dominica,AMRO,356.0,11108,0.0,57
2022-03-06,DM,Dominica,AMRO,140.0,11248,4.0,61
2022-03-13,DM,Dominica,AMRO,281.0,11529,1.0,62
2022-03-20,DM,Dominica,AMRO,216.0,11745,0.0,62
2022-03-27,DM,Dominica,AMRO,60.0,11805,1.0,63
2022-04-03,DM,Dominica,AMRO,92.0,11897,0.0,63
2022-04-10,DM,Dominica,AMRO,71.0,11968,0.0,63
2022-04-17,DM,Dominica,AMRO,20.0,11988,0.0,63
2022-04-24,DM,Dominica,AMRO,45.0,12033,0.0,63
2022-05-01,DM,Dominica,AMRO,128.0,12161,0.0,63
2022-05-08,DM,Dominica,AMRO,332.0,12493,0.0,63
2022-05-15,DM,Dominica,AMRO,623.0,13116,0.0,63
2022-05-22,DM,Dominica,AMRO,798.0,13914,0.0,63
2022-05-29,DM,Dominica,AMRO,381.0,14295,4.0,67
2022-06-05,DM,Dominica,AMRO,0.0,14295,0.0,67
2022-06-12,DM,Dominica,AMRO,343.0,14638,0.0,67
2022-06-19,DM,Dominica,AMRO,143.0,14781,0.0,67
2022-06-26,DM,Dominica,AMRO,71.0,14852,1.0,68
2022-07-03,DM,Dominica,AMRO,0.0,14852,0.0,68
2022-07-10,DM,Dominica,AMRO,0.0,14852,0.0,68
2022-07-17,DM,Dominica,AMRO,0.0,14852,0.0,68
2022-07-24,DM,Dominica,AMRO,0.0,14852,0.0,68
2022-07-31,DM,Dominica,AMRO,0.0,14852,0.0,68
2022-08-07,DM,Dominica,AMRO,0.0,14852,0.0,68
2022-08-14,DM,Dominica,AMRO,0.0,14852,0.0,68
2022-08-21,DM,Dominica,AMRO,0.0,14852,0.0,68
2022-08-28,DM,Dominica,AMRO,0.0,14852,0.0,68
2022-09-04,DM,Dominica,AMRO,0.0,14852,0.0,68
2022-09-11,DM,Dominica,AMRO,0.0,14852,0.0,68
2022-09-18,DM,Dominica,AMRO,0.0,14852,0.0,68
2022-09-25,DM,Dominica,AMRO,0.0,14852,0.0,68
2022-10-02,DM,Dominica,AMRO,895.0,15747,6.0,74
2022-10-09,DM,Dominica,AMRO,13.0,15760,0.0,74
2022-10-16,DM,Dominica,AMRO,0.0,15760,0.0,74
2022-10-23,DM,Dominica,AMRO,0.0,15760,0.0,74
2022-10-30,DM,Dominica,AMRO,0.0,15760,0.0,74
2022-11-06,DM,Dominica,AMRO,0.0,15760,0.0,74
2022-11-13,DM,Dominica,AMRO,0.0,15760,0.0,74
2022-11-20,DM,Dominica,AMRO,0.0,15760,0.0,74
2022-11-27,DM,Dominica,AMRO,0.0,15760,0.0,74
2022-12-04,DM,Dominica,AMRO,0.0,15760,0.0,74
2022-12-11,DM,Dominica,AMRO,0.0,15760,0.0,74
2022-12-18,DM,Dominica,AMRO,0.0,15760,0.0,74
2022-12-25,DM,Dominica,AMRO,0.0,15760,0.0,74
2023-01-01,DM,Dominica,AMRO,0.0,15760,0.0,74
2023-01-08,DM,Dominica,AMRO,0.0,15760,0.0,74
2023-01-15,DM,Dominica,AMRO,0.0,15760,0.0,74
2023-01-22,DM,Dominica,AMRO,0.0,15760,0.0,74
2023-01-29,DM,Dominica,AMRO,0.0,15760,0.0,74
2023-02-05,DM,Dominica,AMRO,0.0,15760,0.0,74
2023-02-12,DM,Dominica,AMRO,0.0,15760,0.0,74
2023-02-19,DM,Dominica,AMRO,0.0,15760,0.0,74
2023-02-26,DM,Dominica,AMRO,0.0,15760,0.0,74
2023-03-05,DM,Dominica,AMRO,0.0,15760,0.0,74
2023-03-12,DM,Dominica,AMRO,0.0,15760,0.0,74
2023-03-19,DM,Dominica,AMRO,0.0,15760,0.0,74
2023-03-26,DM,Dominica,AMRO,0.0,15760,0.0,74
2023-04-02,DM,Dominica,AMRO,0.0,15760,0.0,74
2023-04-09,DM,Dominica,AMRO,0.0,15760,0.0,74
2023-04-16,DM,Dominica,AMRO,0.0,15760,0.0,74
2023-04-23,DM,Dominica,AMRO,0.0,15760,0.0,74
2023-04-30,DM,Dominica,AMRO,0.0,15760,0.0,74
2023-05-07,DM,Dominica,AMRO,0.0,15760,0.0,74
2023-05-14,DM,Dominica,AMRO,0.0,15760,0.0,74
2023-05-21,DM,Dominica,AMRO,9.0,15769,0.0,74
2023-05-28,DM,Dominica,AMRO,17.0,15786,0.0,74
2023-06-04,DM,Dominica,AMRO,14.0,15800,0.0,74
2023-06-11,DM,Dominica,AMRO,17.0,15817,0.0,74
2023-06-18,DM,Dominica,AMRO,42.0,15859,0.0,74
2023-06-25,DM,Dominica,AMRO,27.0,15886,0.0,74
2023-07-02,DM,Dominica,AMRO,37.0,15923,0.0,74
2023-07-09,DM,Dominica,AMRO,26.0,15949,0.0,74
2023-07-16,DM,Dominica,AMRO,22.0,15971,0.0,74
2023-07-23,DM,Dominica,AMRO,8.0,15979,0.0,74
2023-07-30,DM,Dominica,AMRO,9.0,15988,0.0,74
2023-08-06,DM,Dominica,AMRO,10.0,15998,0.0,74
2023-08-13,DM,Dominica,AMRO,4.0,16002,0.0,74
2023-08-20,DM,Dominica,AMRO,9.0,16011,0.0,74
2023-08-27,DM,Dominica,AMRO,7.0,16018,0.0,74
2023-09-03,DM,Dominica,AMRO,0.0,16018,0.0,74
2023-09-10,DM,Dominica,AMRO,0.0,16018,0.0,74
2023-09-17,DM,Dominica,AMRO,4.0,16022,0.0,74
2023-09-24,DM,Dominica,AMRO,6.0,16028,0.0,74
2023-10-01,DM,Dominica,AMRO,7.0,16035,0.0,74
2023-10-08,DM,Dominica,AMRO,1.0,16036,0.0,74
2023-10-15,DM,Dominica,AMRO,3.0,16039,0.0,74
2023-10-22,DM,Dominica,AMRO,1.0,16040,0.0,74
2023-10-29,DM,Dominica,AMRO,2.0,16042,0.0,74
2023-11-05,DM,Dominica,AMRO,1.0,16043,0.0,74
2023-11-12,DM,Dominica,AMRO,1.0,16044,0.0,74
2023-11-19,DM,Dominica,AMRO,3.0,16047,0.0,74
2023-11-26,DM,Dominica,AMRO,0.0,16047,0.0,74
2023-12-03,DM,Dominica,AMRO,0.0,16047,0.0,74
2023-12-10,DM,Dominica,AMRO,0.0,16047,0.0,74
2023-12-17,DM,Dominica,AMRO,0.0,16047,0.0,74
2023-12-24,DM,Dominica,AMRO,0.0,16047,0.0,74
2023-12-31,DM,Dominica,AMRO,0.0,16047,0.0,74
2024-01-07,DM,Dominica,AMRO,0.0,16047,0.0,74
2024-01-14,DM,Dominica,AMRO,0.0,16047,0.0,74
2024-01-21,DM,Dominica,AMRO,0.0,16047,0.0,74
2024-01-28,DM,Dominica,AMRO,0.0,16047,0.0,74
2024-02-04,DM,Dominica,AMRO,0.0,16047,0.0,74
2024-02-11,DM,Dominica,AMRO,0.0,16047,0.0,74
2024-02-18,DM,Dominica,AMRO,0.0,16047,0.0,74
2024-02-25,DM,Dominica,AMRO,0.0,16047,0.0,74
2024-03-03,DM,Dominica,AMRO,0.0,16047,0.0,74
2024-03-10,DM,Dominica,AMRO,0.0,16047,0.0,74
2024-03-17,DM,Dominica,AMRO,0.0,16047,0.0,74
2024-03-24,DM,Dominica,AMRO,0.0,16047,0.0,74
2024-03-31,DM,Dominica,AMRO,0.0,16047,0.0,74
2024-04-07,DM,Dominica,AMRO,0.0,16047,0.0,74
2024-04-14,DM,Dominica,AMRO,0.0,16047,0.0,74
2024-04-21,DM,Dominica,AMRO,0.0,16047,0.0,74
2024-04-28,DM,Dominica,AMRO,0.0,16047,0.0,74
