Date_reported,Country_code,Country,WHO_region,New_cases,Cumulative_cases,New_deaths,Cumulative_deaths
2020-01-05,DO,Dominican Republic,AMRO,0.0,0,0.0,0
2020-01-12,DO,Dominican Republic,AMRO,0.0,0,0.0,0
2020-01-19,DO,Dominican Republic,AMRO,0.0,0,0.0,0
2020-01-26,DO,Dominican Republic,AMRO,0.0,0,0.0,0
2020-02-02,DO,Dominican Republic,AMRO,0.0,0,0.0,0
2020-02-09,DO,Dominican Republic,AMRO,0.0,0,0.0,0
2020-02-16,DO,Dominican Republic,AMRO,0.0,0,0.0,0
2020-02-23,DO,Dominican Republic,AMRO,0.0,0,0.0,0
2020-03-01,DO,Dominican Republic,AMRO,0.0,0,0.0,0
2020-03-08,DO,Dominican Republic,AMRO,2.0,2,0.0,0
2020-03-15,DO,Dominican Republic,AMRO,3.0,5,0.0,0
2020-03-22,DO,Dominican Republic,AMRO,67.0,72,2.0,2
2020-03-29,DO,Dominican Republic,AMRO,509.0,581,18.0,20
2020-04-05,DO,Dominican Republic,AMRO,907.0,1488,48.0,68
2020-04-12,DO,Dominican Republic,AMRO,1132.0,2620,58.0,126
2020-04-19,DO,Dominican Republic,AMRO,1715.0,4335,91.0,217
2020-04-26,DO,Dominican Republic,AMRO,1591.0,5926,56.0,273
2020-05-03,DO,Dominican Republic,AMRO,1652.0,7578,53.0,326
2020-05-10,DO,Dominican Republic,AMRO,2304.0,9882,59.0,385
2020-05-17,DO,Dominican Republic,AMRO,2228.0,12110,43.0,428
2020-05-24,DO,Dominican Republic,AMRO,2312.0,14422,30.0,458
2020-05-31,DO,Dominican Republic,AMRO,2486.0,16908,40.0,498
2020-06-07,DO,Dominican Republic,AMRO,2287.0,19195,38.0,536
2020-06-14,DO,Dominican Republic,AMRO,3377.0,22572,41.0,577
2020-06-21,DO,Dominican Republic,AMRO,3206.0,25778,78.0,655
2020-06-28,DO,Dominican Republic,AMRO,4841.0,30619,63.0,718
2020-07-05,DO,Dominican Republic,AMRO,5565.0,36184,68.0,786
2020-07-12,DO,Dominican Republic,AMRO,6930.0,43114,94.0,880
2020-07-19,DO,Dominican Republic,AMRO,8405.0,51519,91.0,971
2020-07-26,DO,Dominican Republic,AMRO,9377.0,60896,84.0,1055
2020-08-02,DO,Dominican Republic,AMRO,10519.0,71415,115.0,1170
2020-08-09,DO,Dominican Republic,AMRO,7363.0,78778,119.0,1289
2020-08-16,DO,Dominican Republic,AMRO,6767.0,85545,149.0,1438
2020-08-23,DO,Dominican Republic,AMRO,5016.0,90561,116.0,1554
2020-08-30,DO,Dominican Republic,AMRO,3165.0,93726,119.0,1673
2020-09-06,DO,Dominican Republic,AMRO,5050.0,98776,167.0,1840
2020-09-13,DO,Dominican Republic,AMRO,4316.0,103092,113.0,1953
2020-09-20,DO,Dominican Republic,AMRO,4608.0,107700,91.0,2044
2020-09-27,DO,Dominican Republic,AMRO,3257.0,110957,49.0,2093
2020-10-04,DO,Dominican Republic,AMRO,2969.0,113926,35.0,2128
2020-10-11,DO,Dominican Republic,AMRO,4088.0,118014,39.0,2167
2020-10-18,DO,Dominican Republic,AMRO,2911.0,120925,28.0,2195
2020-10-25,DO,Dominican Republic,AMRO,3093.0,124018,25.0,2220
2020-11-01,DO,Dominican Republic,AMRO,3000.0,127018,25.0,2245
2020-11-08,DO,Dominican Republic,AMRO,2627.0,129645,18.0,2263
2020-11-15,DO,Dominican Republic,AMRO,3580.0,133225,19.0,2282
2020-11-22,DO,Dominican Republic,AMRO,4545.0,137770,26.0,2308
2020-11-29,DO,Dominican Republic,AMRO,4883.0,142653,20.0,2328
2020-12-06,DO,Dominican Republic,AMRO,5002.0,147655,17.0,2345
2020-12-13,DO,Dominican Republic,AMRO,5930.0,153585,15.0,2360
2020-12-20,DO,Dominican Republic,AMRO,5479.0,159064,22.0,2382
2020-12-27,DO,Dominican Republic,AMRO,6876.0,165940,22.0,2404
2021-01-03,DO,Dominican Republic,AMRO,7025.0,172965,12.0,2416
2021-01-10,DO,Dominican Republic,AMRO,7679.0,180644,8.0,2424
2021-01-17,DO,Dominican Republic,AMRO,10695.0,191339,8.0,2432
2021-01-24,DO,Dominican Republic,AMRO,11168.0,202507,81.0,2513
2021-01-31,DO,Dominican Republic,AMRO,10046.0,212553,133.0,2646
2021-02-07,DO,Dominican Republic,AMRO,9595.0,222148,155.0,2801
2021-02-14,DO,Dominican Republic,AMRO,6747.0,228895,131.0,2932
2021-02-21,DO,Dominican Republic,AMRO,5607.0,234502,96.0,3028
2021-02-28,DO,Dominican Republic,AMRO,4507.0,239009,65.0,3093
2021-03-07,DO,Dominican Republic,AMRO,3651.0,242660,69.0,3162
2021-03-14,DO,Dominican Republic,AMRO,2956.0,245616,51.0,3213
2021-03-21,DO,Dominican Republic,AMRO,3373.0,248989,56.0,3269
2021-03-28,DO,Dominican Republic,AMRO,2593.0,251582,33.0,3302
2021-04-04,DO,Dominican Republic,AMRO,2199.0,253781,32.0,3334
2021-04-11,DO,Dominican Republic,AMRO,3405.0,257186,51.0,3385
2021-04-18,DO,Dominican Republic,AMRO,3441.0,260627,29.0,3414
2021-04-25,DO,Dominican Republic,AMRO,3317.0,263944,37.0,3451
2021-05-02,DO,Dominican Republic,AMRO,2917.0,266861,36.0,3487
2021-05-09,DO,Dominican Republic,AMRO,3739.0,270600,36.0,3523
2021-05-16,DO,Dominican Republic,AMRO,5672.0,276272,46.0,3569
2021-05-23,DO,Dominican Republic,AMRO,6413.0,282685,37.0,3606
2021-05-30,DO,Dominican Republic,AMRO,7841.0,290526,22.0,3628
2021-06-06,DO,Dominican Republic,AMRO,9155.0,299681,24.0,3652
2021-06-13,DO,Dominican Republic,AMRO,8166.0,307847,53.0,3705
2021-06-20,DO,Dominican Republic,AMRO,7968.0,315815,49.0,3754
2021-06-27,DO,Dominican Republic,AMRO,6256.0,322071,42.0,3796
2021-07-04,DO,Dominican Republic,AMRO,6305.0,328376,56.0,3852
2021-07-11,DO,Dominican Republic,AMRO,4677.0,333053,37.0,3889
2021-07-18,DO,Dominican Republic,AMRO,4094.0,337147,26.0,3915
2021-07-25,DO,Dominican Republic,AMRO,2522.0,339669,22.0,3937
2021-08-01,DO,Dominican Republic,AMRO,2236.0,341905,26.0,3963
2021-08-08,DO,Dominican Republic,AMRO,2246.0,344151,11.0,3974
2021-08-15,DO,Dominican Republic,AMRO,1809.0,345960,2.0,3976
2021-08-22,DO,Dominican Republic,AMRO,1677.0,347637,13.0,3989
2021-08-29,DO,Dominican Republic,AMRO,1983.0,349620,18.0,4007
2021-09-05,DO,Dominican Republic,AMRO,1833.0,351453,5.0,4012
2021-09-12,DO,Dominican Republic,AMRO,1618.0,353071,2.0,4014
2021-09-19,DO,Dominican Republic,AMRO,1942.0,355013,13.0,4027
2021-09-26,DO,Dominican Republic,AMRO,1921.0,356934,11.0,4038
2021-10-03,DO,Dominican Republic,AMRO,3323.0,360257,11.0,4049
2021-10-10,DO,Dominican Republic,AMRO,4806.0,365063,18.0,4067
2021-10-17,DO,Dominican Republic,AMRO,4637.0,369700,17.0,4084
2021-10-24,DO,Dominican Republic,AMRO,5845.0,375545,22.0,4106
2021-10-31,DO,Dominican Republic,AMRO,5429.0,380974,23.0,4129
2021-11-07,DO,Dominican Republic,AMRO,6295.0,387269,21.0,4150
2021-11-14,DO,Dominican Republic,AMRO,7339.0,394608,16.0,4166
2021-11-21,DO,Dominican Republic,AMRO,7306.0,401914,20.0,4186
2021-11-28,DO,Dominican Republic,AMRO,4597.0,406511,18.0,4204
2021-12-05,DO,Dominican Republic,AMRO,1734.0,408245,8.0,4212
2021-12-12,DO,Dominican Republic,AMRO,1842.0,410087,6.0,4218
2021-12-19,DO,Dominican Republic,AMRO,1179.0,411266,4.0,4222
2021-12-26,DO,Dominican Republic,AMRO,2621.0,413887,15.0,4237
2022-01-02,DO,Dominican Republic,AMRO,6040.0,419927,10.0,4247
2022-01-09,DO,Dominican Republic,AMRO,31258.0,451185,8.0,4255
2022-01-16,DO,Dominican Republic,AMRO,43410.0,494595,13.0,4268
2022-01-23,DO,Dominican Republic,AMRO,42172.0,536767,17.0,4285
2022-01-30,DO,Dominican Republic,AMRO,16064.0,552831,16.0,4301
2022-02-06,DO,Dominican Republic,AMRO,8826.0,561657,21.0,4322
2022-02-13,DO,Dominican Republic,AMRO,7367.0,569024,21.0,4343
2022-02-20,DO,Dominican Republic,AMRO,2528.0,571552,14.0,4357
2022-02-27,DO,Dominican Republic,AMRO,2519.0,574071,11.0,4368
2022-03-06,DO,Dominican Republic,AMRO,1812.0,575883,3.0,4371
2022-03-13,DO,Dominican Republic,AMRO,484.0,576367,3.0,4374
2022-03-20,DO,Dominican Republic,AMRO,950.0,577317,1.0,4375
2022-03-27,DO,Dominican Republic,AMRO,524.0,577841,0.0,4375
2022-04-03,DO,Dominican Republic,AMRO,338.0,578179,0.0,4375
2022-04-10,DO,Dominican Republic,AMRO,305.0,578484,0.0,4375
2022-04-17,DO,Dominican Republic,AMRO,261.0,578745,0.0,4375
2022-04-24,DO,Dominican Republic,AMRO,334.0,579079,1.0,4376
2022-05-01,DO,Dominican Republic,AMRO,364.0,579443,0.0,4376
2022-05-08,DO,Dominican Republic,AMRO,364.0,579807,0.0,4376
2022-05-15,DO,Dominican Republic,AMRO,605.0,580412,0.0,4376
2022-05-22,DO,Dominican Republic,AMRO,838.0,581250,1.0,4377
2022-05-29,DO,Dominican Republic,AMRO,1909.0,583159,0.0,4377
2022-06-05,DO,Dominican Republic,AMRO,2940.0,586099,0.0,4377
2022-06-12,DO,Dominican Republic,AMRO,4665.0,590764,3.0,4380
2022-06-19,DO,Dominican Republic,AMRO,5918.0,596682,2.0,4382
2022-06-26,DO,Dominican Republic,AMRO,5672.0,602354,1.0,4383
2022-07-03,DO,Dominican Republic,AMRO,7036.0,609390,0.0,4383
2022-07-10,DO,Dominican Republic,AMRO,8263.0,617653,0.0,4383
2022-07-17,DO,Dominican Republic,AMRO,4283.0,621936,0.0,4383
2022-07-24,DO,Dominican Republic,AMRO,4094.0,626030,0.0,4383
2022-07-31,DO,Dominican Republic,AMRO,2695.0,628725,0.0,4383
2022-08-07,DO,Dominican Republic,AMRO,3930.0,632655,1.0,4384
2022-08-14,DO,Dominican Republic,AMRO,2211.0,634866,0.0,4384
2022-08-21,DO,Dominican Republic,AMRO,1550.0,636416,0.0,4384
2022-08-28,DO,Dominican Republic,AMRO,1670.0,638086,0.0,4384
2022-09-04,DO,Dominican Republic,AMRO,1978.0,640064,0.0,4384
2022-09-11,DO,Dominican Republic,AMRO,1899.0,641963,0.0,4384
2022-09-18,DO,Dominican Republic,AMRO,2053.0,644016,0.0,4384
2022-09-25,DO,Dominican Republic,AMRO,1353.0,645369,0.0,4384
2022-10-02,DO,Dominican Republic,AMRO,974.0,646343,0.0,4384
2022-10-09,DO,Dominican Republic,AMRO,541.0,646884,0.0,4384
2022-10-16,DO,Dominican Republic,AMRO,321.0,647205,0.0,4384
2022-10-23,DO,Dominican Republic,AMRO,161.0,647366,0.0,4384
2022-10-30,DO,Dominican Republic,AMRO,189.0,647555,0.0,4384
2022-11-06,DO,Dominican Republic,AMRO,139.0,647694,0.0,4384
2022-11-13,DO,Dominican Republic,AMRO,222.0,647916,0.0,4384
2022-11-20,DO,Dominican Republic,AMRO,490.0,648406,0.0,4384
2022-11-27,DO,Dominican Republic,AMRO,1278.0,649684,0.0,4384
2022-12-04,DO,Dominican Republic,AMRO,1783.0,651467,0.0,4384
2022-12-11,DO,Dominican Republic,AMRO,2494.0,653961,0.0,4384
2022-12-18,DO,Dominican Republic,AMRO,2845.0,656806,0.0,4384
2022-12-25,DO,Dominican Republic,AMRO,1781.0,658587,0.0,4384
2023-01-01,DO,Dominican Republic,AMRO,589.0,659176,0.0,4384
2023-01-08,DO,Dominican Republic,AMRO,342.0,659518,0.0,4384
2023-01-15,DO,Dominican Republic,AMRO,215.0,659733,0.0,4384
2023-01-22,DO,Dominican Republic,AMRO,229.0,659962,0.0,4384
2023-01-29,DO,Dominican Republic,AMRO,225.0,660187,0.0,4384
2023-02-05,DO,Dominican Republic,AMRO,173.0,660360,0.0,4384
2023-02-12,DO,Dominican Republic,AMRO,108.0,660468,0.0,4384
2023-02-19,DO,Dominican Republic,AMRO,157.0,660625,0.0,4384
2023-02-26,DO,Dominican Republic,AMRO,132.0,660757,0.0,4384
2023-03-05,DO,Dominican Republic,AMRO,65.0,660822,0.0,4384
2023-03-12,DO,Dominican Republic,AMRO,54.0,660876,0.0,4384
2023-03-19,DO,Dominican Republic,AMRO,39.0,660915,0.0,4384
2023-03-26,DO,Dominican Republic,AMRO,22.0,660937,0.0,4384
2023-04-02,DO,Dominican Republic,AMRO,0.0,660937,0.0,4384
2023-04-09,DO,Dominican Republic,AMRO,0.0,660937,0.0,4384
2023-04-16,DO,Dominican Republic,AMRO,24.0,660961,0.0,4384
2023-04-23,DO,Dominican Republic,AMRO,47.0,661008,0.0,4384
2023-04-30,DO,Dominican Republic,AMRO,37.0,661045,0.0,4384
2023-05-07,DO,Dominican Republic,AMRO,58.0,661103,0.0,4384
2023-05-14,DO,Dominican Republic,AMRO,0.0,661103,0.0,4384
2023-05-21,DO,Dominican Republic,AMRO,1.0,661104,0.0,4384
2023-05-28,DO,Dominican Republic,AMRO,2.0,661106,0.0,4384
2023-06-04,DO,Dominican Republic,AMRO,2.0,661108,0.0,4384
2023-06-11,DO,Dominican Republic,AMRO,11.0,661119,0.0,4384
2023-06-18,DO,Dominican Republic,AMRO,2.0,661121,0.0,4384
2023-06-25,DO,Dominican Republic,AMRO,2.0,661123,0.0,4384
2023-07-02,DO,Dominican Republic,AMRO,10.0,661133,0.0,4384
2023-07-09,DO,Dominican Republic,AMRO,12.0,661145,0.0,4384
2023-07-16,DO,Dominican Republic,AMRO,4.0,661149,0.0,4384
2023-07-23,DO,Dominican Republic,AMRO,0.0,661149,0.0,4384
2023-07-30,DO,Dominican Republic,AMRO,3.0,661152,0.0,4384
2023-08-06,DO,Dominican Republic,AMRO,0.0,661152,0.0,4384
2023-08-13,DO,Dominican Republic,AMRO,1.0,661153,0.0,4384
2023-08-20,DO,Dominican Republic,AMRO,0.0,661153,0.0,4384
2023-08-27,DO,Dominican Republic,AMRO,1.0,661154,0.0,4384
2023-09-03,DO,Dominican Republic,AMRO,4.0,661158,0.0,4384
2023-09-10,DO,Dominican Republic,AMRO,0.0,661158,0.0,4384
2023-09-17,DO,Dominican Republic,AMRO,18.0,661176,0.0,4384
2023-09-24,DO,Dominican Republic,AMRO,0.0,661176,0.0,4384
2023-10-01,DO,Dominican Republic,AMRO,1.0,661177,0.0,4384
2023-10-08,DO,Dominican Republic,AMRO,1.0,661178,0.0,4384
2023-10-15,DO,Dominican Republic,AMRO,0.0,661178,0.0,4384
2023-10-22,DO,Dominican Republic,AMRO,0.0,661178,0.0,4384
2023-10-29,DO,Dominican Republic,AMRO,0.0,661178,0.0,4384
2023-11-05,DO,Dominican Republic,AMRO,1.0,661179,0.0,4384
2023-11-12,DO,Dominican Republic,AMRO,0.0,661179,0.0,4384
2023-11-19,DO,Dominican Republic,AMRO,1.0,661180,0.0,4384
2023-11-26,DO,Dominican Republic,AMRO,1.0,661181,0.0,4384
2023-12-03,DO,Dominican Republic,AMRO,0.0,661181,0.0,4384
2023-12-10,DO,Dominican Republic,AMRO,0.0,661181,0.0,4384
2023-12-17,DO,Dominican Republic,AMRO,0.0,661181,0.0,4384
2023-12-24,DO,Dominican Republic,AMRO,0.0,661181,0.0,4384
2023-12-31,DO,Dominican Republic,AMRO,0.0,661181,0.0,4384
2024-01-07,DO,Dominican Republic,AMRO,0.0,661181,0.0,4384
2024-01-14,DO,Dominican Republic,AMRO,0.0,661181,0.0,4384
2024-01-21,DO,Dominican Republic,AMRO,0.0,661181,0.0,4384
2024-01-28,DO,Dominican Republic,AMRO,0.0,661181,0.0,4384
2024-02-04,DO,Dominican Republic,AMRO,0.0,661181,0.0,4384
2024-02-11,DO,Dominican Republic,AMRO,0.0,661181,0.0,4384
2024-02-18,DO,Dominican Republic,AMRO,0.0,661181,0.0,4384
2024-02-25,DO,Dominican Republic,AMRO,0.0,661181,0.0,4384
2024-03-03,DO,Dominican Republic,AMRO,0.0,661181,0.0,4384
2024-03-10,DO,Dominican Republic,AMRO,0.0,661181,0.0,4384
2024-03-17,DO,Dominican Republic,AMRO,0.0,661181,0.0,4384
2024-03-24,DO,Dominican Republic,AMRO,0.0,661181,0.0,4384
2024-03-31,DO,Dominican Republic,AMRO,0.0,661181,0.0,4384
2024-04-07,DO,Dominican Republic,AMRO,0.0,661181,0.0,4384
2024-04-14,DO,Dominican Republic,AMRO,0.0,661181,0.0,4384
2024-04-21,DO,Dominican Republic,AMRO,0.0,661181,0.0,4384
2024-04-28,DO,Dominican Republic,AMRO,0.0,661181,0.0,4384
