Date_reported,Country_code,Country,WHO_region,New_cases,Cumulative_cases,New_deaths,Cumulative_deaths
2020-01-05,EE,Estonia,EURO,0.0,0,0.0,0
2020-01-12,EE,Estonia,EURO,0.0,0,0.0,0
2020-01-19,EE,Estonia,EURO,0.0,0,0.0,0
2020-01-26,EE,Estonia,EURO,0.0,0,0.0,0
2020-02-02,EE,Estonia,EURO,0.0,0,0.0,0
2020-02-09,EE,Estonia,EURO,0.0,0,0.0,0
2020-02-16,EE,Estonia,EURO,0.0,0,0.0,0
2020-02-23,EE,Estonia,EURO,0.0,0,0.0,0
2020-03-01,EE,Estonia,EURO,1.0,1,0.0,0
2020-03-08,EE,Estonia,EURO,9.0,10,0.0,0
2020-03-15,EE,Estonia,EURO,210.0,220,0.0,0
2020-03-22,EE,Estonia,EURO,165.0,385,0.0,0
2020-03-29,EE,Estonia,EURO,5570.0,5955,73.0,73
2020-04-05,EE,Estonia,EURO,404.0,6359,16.0,89
2020-04-12,EE,Estonia,EURO,223.0,6582,9.0,98
2020-04-19,EE,Estonia,EURO,199.0,6781,14.0,112
2020-04-26,EE,Estonia,EURO,109.0,6890,9.0,121
2020-05-03,EE,Estonia,EURO,56.0,6946,4.0,125
2020-05-10,EE,Estonia,EURO,38.0,6984,4.0,129
2020-05-17,EE,Estonia,EURO,43.0,7027,2.0,131
2020-05-24,EE,Estonia,EURO,39.0,7066,1.0,132
2020-05-31,EE,Estonia,EURO,46.0,7112,3.0,135
2020-06-07,EE,Estonia,EURO,71.0,7183,1.0,136
2020-06-14,EE,Estonia,EURO,35.0,7218,1.0,137
2020-06-21,EE,Estonia,EURO,8.0,7226,0.0,137
2020-06-28,EE,Estonia,EURO,6.0,7232,0.0,137
2020-07-05,EE,Estonia,EURO,6.0,7238,0.0,137
2020-07-12,EE,Estonia,EURO,21.0,7259,0.0,137
2020-07-19,EE,Estonia,EURO,4.0,7263,0.0,137
2020-07-26,EE,Estonia,EURO,11.0,7274,0.0,137
2020-08-02,EE,Estonia,EURO,45.0,7319,0.0,137
2020-08-09,EE,Estonia,EURO,74.0,7393,0.0,137
2020-08-16,EE,Estonia,EURO,35.0,7428,0.0,137
2020-08-23,EE,Estonia,EURO,88.0,7516,1.0,138
2020-08-30,EE,Estonia,EURO,100.0,7616,0.0,138
2020-09-06,EE,Estonia,EURO,157.0,7773,0.0,138
2020-09-13,EE,Estonia,EURO,160.0,7933,0.0,138
2020-09-20,EE,Estonia,EURO,244.0,8177,0.0,138
2020-09-27,EE,Estonia,EURO,337.0,8514,0.0,138
2020-10-04,EE,Estonia,EURO,344.0,8858,3.0,141
2020-10-11,EE,Estonia,EURO,255.0,9113,1.0,142
2020-10-18,EE,Estonia,EURO,211.0,9324,0.0,142
2020-10-25,EE,Estonia,EURO,343.0,9667,5.0,147
2020-11-01,EE,Estonia,EURO,614.0,10281,0.0,147
2020-11-08,EE,Estonia,EURO,1202.0,11483,3.0,150
2020-11-15,EE,Estonia,EURO,1591.0,13074,5.0,155
2020-11-22,EE,Estonia,EURO,2104.0,15178,10.0,165
2020-11-29,EE,Estonia,EURO,2350.0,17528,24.0,189
2020-12-06,EE,Estonia,EURO,2921.0,20449,16.0,205
2020-12-13,EE,Estonia,EURO,3156.0,23605,19.0,224
2020-12-20,EE,Estonia,EURO,3696.0,27301,28.0,252
2020-12-27,EE,Estonia,EURO,3730.0,31031,32.0,284
2021-01-03,EE,Estonia,EURO,3709.0,34740,39.0,323
2021-01-10,EE,Estonia,EURO,4276.0,39016,34.0,357
2021-01-17,EE,Estonia,EURO,3543.0,42559,48.0,405
2021-01-24,EE,Estonia,EURO,3631.0,46190,47.0,452
2021-01-31,EE,Estonia,EURO,3604.0,49794,42.0,494
2021-02-07,EE,Estonia,EURO,3762.0,53556,42.0,536
2021-02-14,EE,Estonia,EURO,4561.0,58117,36.0,572
2021-02-21,EE,Estonia,EURO,5572.0,63689,38.0,610
2021-02-28,EE,Estonia,EURO,8183.0,71872,57.0,667
2021-03-07,EE,Estonia,EURO,9570.0,81442,66.0,733
2021-03-14,EE,Estonia,EURO,9905.0,91347,59.0,792
2021-03-21,EE,Estonia,EURO,10309.0,101656,69.0,861
2021-03-28,EE,Estonia,EURO,7822.0,109478,82.0,943
2021-04-04,EE,Estonia,EURO,423.0,109901,3.0,946
2021-04-11,EE,Estonia,EURO,4663.0,114564,86.0,1032
2021-04-18,EE,Estonia,EURO,3341.0,117905,60.0,1092
2021-04-25,EE,Estonia,EURO,2604.0,120509,49.0,1141
2021-05-02,EE,Estonia,EURO,2402.0,122911,26.0,1167
2021-05-09,EE,Estonia,EURO,2283.0,125194,31.0,1198
2021-05-16,EE,Estonia,EURO,1870.0,127064,21.0,1219
2021-05-23,EE,Estonia,EURO,1465.0,128529,14.0,1233
2021-05-30,EE,Estonia,EURO,876.0,129405,13.0,1246
2021-06-06,EE,Estonia,EURO,612.0,130017,11.0,1257
2021-06-13,EE,Estonia,EURO,380.0,130397,2.0,1259
2021-06-20,EE,Estonia,EURO,282.0,130679,2.0,1261
2021-06-27,EE,Estonia,EURO,165.0,130844,1.0,1262
2021-07-04,EE,Estonia,EURO,227.0,131071,1.0,1263
2021-07-11,EE,Estonia,EURO,301.0,131372,0.0,1263
2021-07-18,EE,Estonia,EURO,375.0,131747,1.0,1264
2021-07-25,EE,Estonia,EURO,645.0,132392,0.0,1264
2021-08-01,EE,Estonia,EURO,1246.0,133638,1.0,1265
2021-08-08,EE,Estonia,EURO,1472.0,135110,4.0,1269
2021-08-15,EE,Estonia,EURO,1942.0,137052,2.0,1271
2021-08-22,EE,Estonia,EURO,1970.0,139022,5.0,1276
2021-08-29,EE,Estonia,EURO,2476.0,141498,7.0,1283
2021-09-05,EE,Estonia,EURO,2405.0,143903,11.0,1294
2021-09-12,EE,Estonia,EURO,2976.0,146879,11.0,1305
2021-09-19,EE,Estonia,EURO,3258.0,150137,14.0,1319
2021-09-26,EE,Estonia,EURO,3784.0,153921,22.0,1341
2021-10-03,EE,Estonia,EURO,4970.0,158891,23.0,1364
2021-10-10,EE,Estonia,EURO,6455.0,165346,27.0,1391
2021-10-17,EE,Estonia,EURO,7999.0,173345,31.0,1422
2021-10-24,EE,Estonia,EURO,9988.0,183333,37.0,1459
2021-10-31,EE,Estonia,EURO,12069.0,195402,72.0,1531
2021-11-07,EE,Estonia,EURO,173.0,195575,0.0,1531
2021-11-14,EE,Estonia,EURO,6726.0,202301,72.0,1603
2021-11-21,EE,Estonia,EURO,5181.0,207482,53.0,1656
2021-11-28,EE,Estonia,EURO,4077.0,211559,55.0,1711
2021-12-05,EE,Estonia,EURO,3437.0,214996,27.0,1738
2021-12-12,EE,Estonia,EURO,3305.0,218301,38.0,1776
2021-12-19,EE,Estonia,EURO,3913.0,222214,23.0,1799
2021-12-26,EE,Estonia,EURO,4595.0,226809,29.0,1828
2022-01-02,EE,Estonia,EURO,6140.0,232949,23.0,1851
2022-01-09,EE,Estonia,EURO,5742.0,238691,16.0,1867
2022-01-16,EE,Estonia,EURO,15424.0,254115,28.0,1895
2022-01-23,EE,Estonia,EURO,27269.0,281384,24.0,1919
2022-01-30,EE,Estonia,EURO,41085.0,322469,25.0,1944
2022-02-06,EE,Estonia,EURO,48031.0,370500,32.0,1976
2022-02-13,EE,Estonia,EURO,37947.0,408447,45.0,2021
2022-02-20,EE,Estonia,EURO,39239.0,447686,54.0,2075
2022-02-27,EE,Estonia,EURO,31712.0,479398,64.0,2139
2022-03-06,EE,Estonia,EURO,22671.0,502069,59.0,2198
2022-03-13,EE,Estonia,EURO,14983.0,517052,58.0,2256
2022-03-20,EE,Estonia,EURO,10967.0,528019,33.0,2289
2022-03-27,EE,Estonia,EURO,9226.0,537245,40.0,2329
2022-04-03,EE,Estonia,EURO,6835.0,544080,22.0,2351
2022-04-10,EE,Estonia,EURO,5185.0,549265,29.0,2380
2022-04-17,EE,Estonia,EURO,3337.0,552602,22.0,2402
2022-04-24,EE,Estonia,EURO,2756.0,555358,13.0,2415
2022-05-01,EE,Estonia,EURO,2039.0,557397,9.0,2424
2022-05-08,EE,Estonia,EURO,1489.0,558886,8.0,2432
2022-05-15,EE,Estonia,EURO,1173.0,560059,3.0,2435
2022-05-22,EE,Estonia,EURO,953.0,561012,5.0,2440
2022-05-29,EE,Estonia,EURO,821.0,561833,8.0,2448
2022-06-05,EE,Estonia,EURO,781.0,562614,10.0,2458
2022-06-12,EE,Estonia,EURO,840.0,563454,2.0,2460
2022-06-19,EE,Estonia,EURO,822.0,564276,2.0,2462
2022-06-26,EE,Estonia,EURO,798.0,565074,3.0,2465
2022-07-03,EE,Estonia,EURO,1345.0,566419,8.0,2473
2022-07-10,EE,Estonia,EURO,1161.0,567580,8.0,2481
2022-07-17,EE,Estonia,EURO,1552.0,569132,4.0,2485
2022-07-24,EE,Estonia,EURO,2007.0,571139,8.0,2493
2022-07-31,EE,Estonia,EURO,2229.0,573368,8.0,2501
2022-08-07,EE,Estonia,EURO,2239.0,575607,6.0,2507
2022-08-14,EE,Estonia,EURO,1933.0,577540,8.0,2515
2022-08-21,EE,Estonia,EURO,1426.0,578966,5.0,2520
2022-08-28,EE,Estonia,EURO,1107.0,580073,4.0,2524
2022-09-04,EE,Estonia,EURO,822.0,580895,6.0,2530
2022-09-11,EE,Estonia,EURO,914.0,581809,4.0,2534
2022-09-18,EE,Estonia,EURO,1189.0,582998,6.0,2540
2022-09-25,EE,Estonia,EURO,1188.0,584186,14.0,2554
2022-10-02,EE,Estonia,EURO,1316.0,585502,11.0,2565
2022-10-09,EE,Estonia,EURO,1196.0,586698,21.0,2586
2022-10-16,EE,Estonia,EURO,1063.0,587761,16.0,2602
2022-10-23,EE,Estonia,EURO,1055.0,588816,10.0,2612
2022-10-30,EE,Estonia,EURO,733.0,589549,9.0,2621
2022-11-06,EE,Estonia,EURO,553.0,590102,9.0,2630
2022-11-13,EE,Estonia,EURO,490.0,590592,15.0,2645
2022-11-20,EE,Estonia,EURO,491.0,591083,9.0,2654
2022-11-27,EE,Estonia,EURO,474.0,591557,9.0,2663
2022-12-04,EE,Estonia,EURO,536.0,592093,9.0,2672
2022-12-11,EE,Estonia,EURO,624.0,592717,15.0,2687
2022-12-18,EE,Estonia,EURO,819.0,593536,23.0,2710
2022-12-25,EE,Estonia,EURO,681.0,594217,17.0,2727
2023-01-01,EE,Estonia,EURO,541.0,594758,19.0,2746
2023-01-08,EE,Estonia,EURO,397.0,595155,13.0,2759
2023-01-15,EE,Estonia,EURO,377.0,595532,12.0,2771
2023-01-22,EE,Estonia,EURO,301.0,595833,8.0,2779
2023-01-29,EE,Estonia,EURO,384.0,596217,8.0,2787
2023-02-05,EE,Estonia,EURO,306.0,596523,7.0,2794
2023-02-12,EE,Estonia,EURO,328.0,596851,7.0,2801
2023-02-19,EE,Estonia,EURO,322.0,597173,8.0,2809
2023-02-26,EE,Estonia,EURO,271.0,597444,6.0,2815
2023-03-05,EE,Estonia,EURO,305.0,597749,6.0,2821
2023-03-12,EE,Estonia,EURO,312.0,598061,3.0,2824
2023-03-19,EE,Estonia,EURO,364.0,598425,8.0,2832
2023-03-26,EE,Estonia,EURO,349.0,598774,8.0,2840
2023-04-02,EE,Estonia,EURO,382.0,599156,6.0,2846
2023-04-09,EE,Estonia,EURO,392.0,599548,8.0,2854
2023-04-16,EE,Estonia,EURO,365.0,599913,7.0,2861
2023-04-23,EE,Estonia,EURO,330.0,600243,14.0,2875
2023-04-30,EE,Estonia,EURO,284.0,600527,9.0,2884
2023-05-07,EE,Estonia,EURO,208.0,600735,1.0,2885
2023-05-14,EE,Estonia,EURO,193.0,600928,3.0,2888
2023-05-21,EE,Estonia,EURO,181.0,601109,3.0,2891
2023-05-28,EE,Estonia,EURO,149.0,601258,2.0,2893
2023-06-04,EE,Estonia,EURO,120.0,601378,2.0,2895
2023-06-11,EE,Estonia,EURO,96.0,601474,2.0,2897
2023-06-18,EE,Estonia,EURO,63.0,601537,0.0,2897
2023-06-25,EE,Estonia,EURO,51.0,601588,1.0,2898
2023-07-02,EE,Estonia,EURO,36.0,601624,0.0,2898
2023-07-09,EE,Estonia,EURO,31.0,601655,0.0,2898
2023-07-16,EE,Estonia,EURO,44.0,601699,1.0,2899
2023-07-23,EE,Estonia,EURO,47.0,601746,1.0,2900
2023-07-30,EE,Estonia,EURO,0.0,601746,0.0,2900
2023-08-06,EE,Estonia,EURO,27.0,601773,1.0,2901
2023-08-13,EE,Estonia,EURO,17.0,601790,0.0,2901
2023-08-20,EE,Estonia,EURO,23.0,601813,0.0,2901
2023-08-27,EE,Estonia,EURO,38.0,601851,0.0,2901
2023-09-03,EE,Estonia,EURO,60.0,601911,0.0,2901
2023-09-10,EE,Estonia,EURO,85.0,601996,0.0,2901
2023-09-17,EE,Estonia,EURO,90.0,602086,0.0,2901
2023-09-24,EE,Estonia,EURO,101.0,602187,1.0,2902
2023-10-01,EE,Estonia,EURO,108.0,602295,0.0,2902
2023-10-08,EE,Estonia,EURO,82.0,602377,0.0,2902
2023-10-15,EE,Estonia,EURO,101.0,602478,0.0,2902
2023-10-22,EE,Estonia,EURO,158.0,602636,1.0,2903
2023-10-29,EE,Estonia,EURO,273.0,602909,3.0,2906
2023-11-05,EE,Estonia,EURO,427.0,603336,6.0,2912
2023-11-12,EE,Estonia,EURO,474.0,603810,2.0,2914
2023-11-19,EE,Estonia,EURO,529.0,604339,5.0,2919
2023-11-26,EE,Estonia,EURO,591.0,604930,1.0,2920
2023-12-03,EE,Estonia,EURO,706.0,605636,12.0,2932
2023-12-10,EE,Estonia,EURO,744.0,606380,15.0,2947
2023-12-17,EE,Estonia,EURO,808.0,607188,15.0,2962
2023-12-24,EE,Estonia,EURO,777.0,607965,5.0,2967
2023-12-31,EE,Estonia,EURO,616.0,608581,5.0,2972
2024-01-07,EE,Estonia,EURO,358.0,608939,4.0,2976
2024-01-14,EE,Estonia,EURO,320.0,609259,5.0,2981
2024-01-21,EE,Estonia,EURO,261.0,609520,5.0,2986
2024-01-28,EE,Estonia,EURO,183.0,609703,4.0,2990
2024-02-04,EE,Estonia,EURO,126.0,609829,1.0,2991
2024-02-11,EE,Estonia,EURO,97.0,609926,2.0,2993
2024-02-18,EE,Estonia,EURO,67.0,609993,1.0,2994
2024-02-25,EE,Estonia,EURO,77.0,610070,0.0,2994
2024-03-03,EE,Estonia,EURO,55.0,610125,1.0,2995
2024-03-10,EE,Estonia,EURO,52.0,610177,2.0,2997
2024-03-17,EE,Estonia,EURO,49.0,610226,0.0,2997
2024-03-24,EE,Estonia,EURO,30.0,610256,0.0,2997
2024-03-31,EE,Estonia,EURO,38.0,610294,0.0,2997
2024-04-07,EE,Estonia,EURO,26.0,610320,1.0,2998
2024-04-14,EE,Estonia,EURO,8.0,610328,0.0,2998
2024-04-21,EE,Estonia,EURO,7.0,610335,0.0,2998
2024-04-28,EE,Estonia,EURO,11.0,610346,0.0,2998
