Date_reported,Country_code,Country,WHO_region,New_cases,Cumulative_cases,New_deaths,Cumulative_deaths
2020-01-05,ES,Spain,EURO,0.0,0,0.0,0
2020-01-12,ES,Spain,EURO,0.0,0,0.0,0
2020-01-19,ES,Spain,EURO,2.0,2,0.0,0
2020-01-26,ES,Spain,EURO,1.0,3,0.0,0
2020-02-02,ES,Spain,EURO,2.0,5,0.0,0
2020-02-09,ES,Spain,EURO,2.0,7,0.0,0
2020-02-16,ES,Spain,EURO,4.0,11,1.0,1
2020-02-23,ES,Spain,EURO,8.0,19,0.0,1
2020-03-01,ES,Spain,EURO,129.0,148,0.0,1
2020-03-08,ES,Spain,EURO,1423.0,1571,24.0,25
2020-03-15,ES,Spain,EURO,11603.0,13174,457.0,482
2020-03-22,ES,Spain,EURO,36346.0,49520,2432.0,2914
2020-03-29,ES,Spain,EURO,59344.0,108864,5663.0,8577
2020-04-05,ES,Spain,EURO,44403.0,153267,5841.0,14418
2020-04-12,ES,Spain,EURO,30585.0,183852,4766.0,19184
2020-04-19,ES,Spain,EURO,21250.0,205102,3576.0,22760
2020-04-26,ES,Spain,EURO,14574.0,219676,2386.0,25146
2020-05-03,ES,Spain,EURO,8099.0,227775,1551.0,26697
2020-05-10,ES,Spain,EURO,5624.0,233399,1069.0,27766
2020-05-17,ES,Spain,EURO,5398.0,238797,612.0,28378
2020-05-24,ES,Spain,EURO,4394.0,243191,452.0,28830
2020-05-31,ES,Spain,EURO,3818.0,247009,338.0,29168
2020-06-07,ES,Spain,EURO,3029.0,250038,240.0,29408
2020-06-14,ES,Spain,EURO,2360.0,252398,160.0,29568
2020-06-21,ES,Spain,EURO,2209.0,254607,113.0,29681
2020-06-28,ES,Spain,EURO,2353.0,256960,57.0,29738
2020-07-05,ES,Spain,EURO,2806.0,259766,48.0,29786
2020-07-12,ES,Spain,EURO,4866.0,264632,29.0,29815
2020-07-19,ES,Spain,EURO,10235.0,274867,21.0,29836
2020-07-26,ES,Spain,EURO,14507.0,289374,51.0,29887
2020-08-02,ES,Spain,EURO,20321.0,309695,90.0,29977
2020-08-09,ES,Spain,EURO,28301.0,337996,147.0,30124
2020-08-16,ES,Spain,EURO,40123.0,378119,204.0,30328
2020-08-23,ES,Spain,EURO,52062.0,430181,308.0,30636
2020-08-30,ES,Spain,EURO,61080.0,491261,394.0,31030
2020-09-06,ES,Spain,EURO,65500.0,556761,510.0,31540
2020-09-13,ES,Spain,EURO,74073.0,630834,680.0,32220
2020-09-20,ES,Spain,EURO,80808.0,711642,827.0,33047
2020-09-27,ES,Spain,EURO,72474.0,784116,880.0,33927
2020-10-04,ES,Spain,EURO,65133.0,849249,947.0,34874
2020-10-11,ES,Spain,EURO,77797.0,927046,944.0,35818
2020-10-18,ES,Spain,EURO,91151.0,1018197,1053.0,36871
2020-10-25,ES,Spain,EURO,135288.0,1153485,1387.0,38258
2020-11-01,ES,Spain,EURO,144877.0,1298362,1798.0,40056
2020-11-08,ES,Spain,EURO,133375.0,1431737,2304.0,42360
2020-11-15,ES,Spain,EURO,112091.0,1543828,2344.0,44704
2020-11-22,ES,Spain,EURO,81232.0,1625060,2183.0,46887
2020-11-29,ES,Spain,EURO,58537.0,1683597,1873.0,48760
2020-12-06,ES,Spain,EURO,50703.0,1734300,1526.0,50286
2020-12-13,ES,Spain,EURO,50685.0,1784985,1360.0,51646
2020-12-20,ES,Spain,EURO,68392.0,1853377,1146.0,52792
2020-12-27,ES,Spain,EURO,66172.0,1919549,1172.0,53964
2021-01-03,ES,Spain,EURO,98951.0,2018500,1287.0,55251
2021-01-10,ES,Spain,EURO,160591.0,2179091,1577.0,56828
2021-01-17,ES,Spain,EURO,234083.0,2413174,2325.0,59153
2021-01-24,ES,Spain,EURO,244667.0,2657841,3407.0,62560
2021-01-31,ES,Spain,EURO,202047.0,2859888,3819.0,66379
2021-02-07,ES,Spain,EURO,130543.0,2990431,3315.0,69694
2021-02-14,ES,Spain,EURO,75699.0,3066130,2459.0,72153
2021-02-21,ES,Spain,EURO,50400.0,3116530,1692.0,73845
2021-02-28,ES,Spain,EURO,38936.0,3155466,1315.0,75160
2021-03-07,ES,Spain,EURO,33692.0,3189158,927.0,76087
2021-03-14,ES,Spain,EURO,32524.0,3221682,717.0,76804
2021-03-21,ES,Spain,EURO,34096.0,3255778,592.0,77396
2021-03-28,ES,Spain,EURO,42834.0,3298612,533.0,77929
2021-04-04,ES,Spain,EURO,43342.0,3341954,538.0,78467
2021-04-11,ES,Spain,EURO,60150.0,3402104,563.0,79030
2021-04-18,ES,Spain,EURO,58926.0,3461030,570.0,79600
2021-04-25,ES,Spain,EURO,57972.0,3519002,528.0,80128
2021-05-02,ES,Spain,EURO,52880.0,3571882,453.0,80581
2021-05-09,ES,Spain,EURO,41911.0,3613793,458.0,81039
2021-05-16,ES,Spain,EURO,34703.0,3648496,363.0,81402
2021-05-23,ES,Spain,EURO,32321.0,3680817,253.0,81655
2021-05-30,ES,Spain,EURO,30781.0,3711598,191.0,81846
2021-06-06,ES,Spain,EURO,28289.0,3739887,209.0,82055
2021-06-13,ES,Spain,EURO,24345.0,3764232,145.0,82200
2021-06-20,ES,Spain,EURO,23600.0,3787832,130.0,82330
2021-06-27,ES,Spain,EURO,29773.0,3817605,113.0,82443
2021-07-04,ES,Spain,EURO,78950.0,3896555,89.0,82532
2021-07-11,ES,Spain,EURO,135337.0,4031892,89.0,82621
2021-07-18,ES,Spain,EURO,176564.0,4208456,162.0,82783
2021-07-25,ES,Spain,EURO,185713.0,4394169,397.0,83180
2021-08-01,ES,Spain,EURO,157658.0,4551827,556.0,83736
2021-08-08,ES,Spain,EURO,119244.0,4671071,710.0,84446
2021-08-15,ES,Spain,EURO,90657.0,4761728,803.0,85249
2021-08-22,ES,Spain,EURO,68431.0,4830159,713.0,85962
2021-08-29,ES,Spain,EURO,51814.0,4881973,641.0,86603
2021-09-05,ES,Spain,EURO,34174.0,4916147,562.0,87165
2021-09-12,ES,Spain,EURO,23147.0,4939294,442.0,87607
2021-09-19,ES,Spain,EURO,17787.0,4957081,373.0,87980
2021-09-26,ES,Spain,EURO,14420.0,4971501,253.0,88233
2021-10-03,ES,Spain,EURO,12085.0,4983586,192.0,88425
2021-10-10,ES,Spain,EURO,10316.0,4993902,151.0,88576
2021-10-17,ES,Spain,EURO,10582.0,5004484,129.0,88705
2021-10-24,ES,Spain,EURO,12402.0,5016886,123.0,88828
2021-10-31,ES,Spain,EURO,13400.0,5030286,106.0,88934
2021-11-07,ES,Spain,EURO,16049.0,5046335,96.0,89030
2021-11-14,ES,Spain,EURO,25438.0,5071773,161.0,89191
2021-11-21,ES,Spain,EURO,40613.0,5112386,155.0,89346
2021-11-28,ES,Spain,EURO,59198.0,5171584,194.0,89540
2021-12-05,ES,Spain,EURO,89893.0,5261477,295.0,89835
2021-12-12,ES,Spain,EURO,116016.0,5377493,355.0,90190
2021-12-19,ES,Spain,EURO,231599.0,5609092,501.0,90691
2021-12-26,ES,Spain,EURO,491046.0,6100138,584.0,91275
2022-01-02,ES,Spain,EURO,793378.0,6893516,731.0,92006
2022-01-09,ES,Spain,EURO,892500.0,7786016,1047.0,93053
2022-01-16,ES,Spain,EURO,956506.0,8742522,1387.0,94440
2022-01-23,ES,Spain,EURO,847389.0,9589911,1568.0,96008
2022-01-30,ES,Spain,EURO,625727.0,10215638,1769.0,97777
2022-02-06,ES,Spain,EURO,383768.0,10599406,1706.0,99483
2022-02-13,ES,Spain,EURO,244929.0,10844335,1400.0,100883
2022-02-20,ES,Spain,EURO,158925.0,11003260,943.0,101826
2022-02-27,ES,Spain,EURO,117945.0,11121205,662.0,102488
2022-03-06,ES,Spain,EURO,111287.0,11232492,528.0,103016
2022-03-13,ES,Spain,EURO,110619.0,11343111,444.0,103460
2022-03-20,ES,Spain,EURO,118670.0,11461781,373.0,103833
2022-03-27,ES,Spain,EURO,123403.0,11585184,311.0,104144
2022-04-03,ES,Spain,EURO,67059.0,11652243,313.0,104457
2022-04-10,ES,Spain,EURO,72198.0,11724441,336.0,104793
2022-04-17,ES,Spain,EURO,74154.0,11798595,385.0,105178
2022-04-24,ES,Spain,EURO,102380.0,11900975,419.0,105597
2022-05-01,ES,Spain,EURO,119043.0,12020018,417.0,106014
2022-05-08,ES,Spain,EURO,120608.0,12140626,494.0,106508
2022-05-15,ES,Spain,EURO,123129.0,12263755,552.0,107060
2022-05-22,ES,Spain,EURO,100265.0,12364020,532.0,107592
2022-05-29,ES,Spain,EURO,78838.0,12442858,454.0,108046
2022-06-05,ES,Spain,EURO,77617.0,12520475,442.0,108488
2022-06-12,ES,Spain,EURO,79575.0,12600050,427.0,108915
2022-06-19,ES,Spain,EURO,95721.0,12695771,497.0,109412
2022-06-26,ES,Spain,EURO,129495.0,12825266,525.0,109937
2022-07-03,ES,Spain,EURO,159628.0,12984894,643.0,110580
2022-07-10,ES,Spain,EURO,146154.0,13131048,853.0,111433
2022-07-17,ES,Spain,EURO,101461.0,13232509,1104.0,112537
2022-07-24,ES,Spain,EURO,68057.0,13300566,958.0,113495
2022-07-31,ES,Spain,EURO,45541.0,13346107,788.0,114283
2022-08-07,ES,Spain,EURO,32376.0,13378483,597.0,114880
2022-08-14,ES,Spain,EURO,23157.0,13401640,498.0,115378
2022-08-21,ES,Spain,EURO,17529.0,13419169,339.0,115717
2022-08-28,ES,Spain,EURO,17231.0,13436400,305.0,116022
2022-09-04,ES,Spain,EURO,15221.0,13451621,252.0,116274
2022-09-11,ES,Spain,EURO,13517.0,13465138,171.0,116445
2022-09-18,ES,Spain,EURO,15587.0,13480725,165.0,116610
2022-09-25,ES,Spain,EURO,16469.0,13497194,107.0,116717
2022-10-02,ES,Spain,EURO,17740.0,13514934,126.0,116843
2022-10-09,ES,Spain,EURO,22273.0,13537207,150.0,116993
2022-10-16,ES,Spain,EURO,21512.0,13558719,147.0,117140
2022-10-23,ES,Spain,EURO,22259.0,13580978,179.0,117319
2022-10-30,ES,Spain,EURO,20302.0,13601280,166.0,117485
2022-11-06,ES,Spain,EURO,18527.0,13619807,142.0,117627
2022-11-13,ES,Spain,EURO,20387.0,13640194,147.0,117774
2022-11-20,ES,Spain,EURO,21950.0,13662144,163.0,117937
2022-11-27,ES,Spain,EURO,19892.0,13682036,175.0,118112
2022-12-04,ES,Spain,EURO,19294.0,13701330,183.0,118295
2022-12-11,ES,Spain,EURO,16989.0,13718319,190.0,118485
2022-12-18,ES,Spain,EURO,19638.0,13737957,241.0,118726
2022-12-25,ES,Spain,EURO,17005.0,13754962,217.0,118943
2023-01-01,ES,Spain,EURO,14823.0,13769785,210.0,119153
2023-01-08,ES,Spain,EURO,12663.0,13782448,202.0,119355
2023-01-15,ES,Spain,EURO,11960.0,13794408,178.0,119533
2023-01-22,ES,Spain,EURO,7480.0,13801888,197.0,119730
2023-01-29,ES,Spain,EURO,5787.0,13807675,136.0,119866
2023-02-05,ES,Spain,EURO,5699.0,13813374,116.0,119982
2023-02-12,ES,Spain,EURO,6074.0,13819448,103.0,120085
2023-02-19,ES,Spain,EURO,6051.0,13825499,85.0,120170
2023-02-26,ES,Spain,EURO,6455.0,13831954,91.0,120261
2023-03-05,ES,Spain,EURO,6566.0,13838520,82.0,120343
2023-03-12,ES,Spain,EURO,8286.0,13846806,97.0,120440
2023-03-19,ES,Spain,EURO,7421.0,13854227,123.0,120563
2023-03-26,ES,Spain,EURO,7577.0,13861804,95.0,120658
2023-04-02,ES,Spain,EURO,7962.0,13869766,84.0,120742
2023-04-09,ES,Spain,EURO,6617.0,13876383,86.0,120828
2023-04-16,ES,Spain,EURO,10278.0,13886661,80.0,120908
2023-04-23,ES,Spain,EURO,10867.0,13897528,112.0,121020
2023-04-30,ES,Spain,EURO,11183.0,13908711,128.0,121148
2023-05-07,ES,Spain,EURO,10603.0,13919314,98.0,121246
2023-05-14,ES,Spain,EURO,11262.0,13930576,102.0,121348
2023-05-21,ES,Spain,EURO,11023.0,13941599,100.0,121448
2023-05-28,ES,Spain,EURO,11262.0,13952861,99.0,121547
2023-06-04,ES,Spain,EURO,8917.0,13961778,98.0,121645
2023-06-11,ES,Spain,EURO,6866.0,13968644,89.0,121734
2023-06-18,ES,Spain,EURO,5430.0,13974074,65.0,121799
2023-06-25,ES,Spain,EURO,4502.0,13978576,42.0,121841
2023-07-02,ES,Spain,EURO,1764.0,13980340,11.0,121852
2023-07-09,ES,Spain,EURO,0.0,13980340,0.0,121852
2023-07-16,ES,Spain,EURO,0.0,13980340,0.0,121852
2023-07-23,ES,Spain,EURO,0.0,13980340,0.0,121852
2023-07-30,ES,Spain,EURO,0.0,13980340,0.0,121852
2023-08-06,ES,Spain,EURO,0.0,13980340,0.0,121852
2023-08-13,ES,Spain,EURO,0.0,13980340,0.0,121852
2023-08-20,ES,Spain,EURO,0.0,13980340,0.0,121852
2023-08-27,ES,Spain,EURO,0.0,13980340,0.0,121852
2023-09-03,ES,Spain,EURO,0.0,13980340,0.0,121852
2023-09-10,ES,Spain,EURO,0.0,13980340,0.0,121852
2023-09-17,ES,Spain,EURO,0.0,13980340,0.0,121852
2023-09-24,ES,Spain,EURO,0.0,13980340,0.0,121852
2023-10-01,ES,Spain,EURO,0.0,13980340,0.0,121852
2023-10-08,ES,Spain,EURO,0.0,13980340,0.0,121852
2023-10-15,ES,Spain,EURO,0.0,13980340,0.0,121852
2023-10-22,ES,Spain,EURO,0.0,13980340,0.0,121852
2023-10-29,ES,Spain,EURO,0.0,13980340,0.0,121852
2023-11-05,ES,Spain,EURO,0.0,13980340,0.0,121852
2023-11-12,ES,Spain,EURO,0.0,13980340,0.0,121852
2023-11-19,ES,Spain,EURO,0.0,13980340,0.0,121852
2023-11-26,ES,Spain,EURO,0.0,13980340,0.0,121852
2023-12-03,ES,Spain,EURO,0.0,13980340,0.0,121852
2023-12-10,ES,Spain,EURO,0.0,13980340,0.0,121852
2023-12-17,ES,Spain,EURO,0.0,13980340,0.0,121852
2023-12-24,ES,Spain,EURO,0.0,13980340,0.0,121852
2023-12-31,ES,Spain,EURO,0.0,13980340,0.0,121852
2024-01-07,ES,Spain,EURO,0.0,13980340,0.0,121852
2024-01-14,ES,Spain,EURO,0.0,13980340,0.0,121852
2024-01-21,ES,Spain,EURO,0.0,13980340,0.0,121852
2024-01-28,ES,Spain,EURO,0.0,13980340,0.0,121852
2024-02-04,ES,Spain,EURO,0.0,13980340,0.0,121852
2024-02-11,ES,Spain,EURO,0.0,13980340,0.0,121852
2024-02-18,ES,Spain,EURO,0.0,13980340,0.0,121852
2024-02-25,ES,Spain,EURO,0.0,13980340,0.0,121852
2024-03-03,ES,Spain,EURO,0.0,13980340,0.0,121852
2024-03-10,ES,Spain,EURO,0.0,13980340,0.0,121852
2024-03-17,ES,Spain,EURO,0.0,13980340,0.0,121852
2024-03-24,ES,Spain,EURO,0.0,13980340,0.0,121852
2024-03-31,ES,Spain,EURO,0.0,13980340,0.0,121852
2024-04-07,ES,Spain,EURO,0.0,13980340,0.0,121852
2024-04-14,ES,Spain,EURO,0.0,13980340,0.0,121852
2024-04-21,ES,Spain,EURO,0.0,13980340,0.0,121852
2024-04-28,ES,Spain,EURO,0.0,13980340,0.0,121852
