Date_reported,Country_code,Country,WHO_region,New_cases,Cumulative_cases,New_deaths,Cumulative_deaths
2020-01-05,ET,Ethiopia,AFRO,0.0,0,0.0,0
2020-01-12,ET,Ethiopia,AFRO,0.0,0,0.0,0
2020-01-19,ET,Ethiopia,AFRO,0.0,0,0.0,0
2020-01-26,ET,Ethiopia,AFRO,0.0,0,0.0,0
2020-02-02,ET,Ethiopia,AFRO,0.0,0,0.0,0
2020-02-09,ET,Ethiopia,AFRO,0.0,0,0.0,0
2020-02-16,ET,Ethiopia,AFRO,0.0,0,0.0,0
2020-02-23,ET,Ethiopia,AFRO,0.0,0,0.0,0
2020-03-01,ET,Ethiopia,AFRO,0.0,0,0.0,0
2020-03-08,ET,Ethiopia,AFRO,0.0,0,0.0,0
2020-03-15,ET,Ethiopia,AFRO,1.0,1,0.0,0
2020-03-22,ET,Ethiopia,AFRO,8.0,9,0.0,0
2020-03-29,ET,Ethiopia,AFRO,7.0,16,0.0,0
2020-04-05,ET,Ethiopia,AFRO,22.0,38,0.0,0
2020-04-12,ET,Ethiopia,AFRO,31.0,69,23.0,23
2020-04-19,ET,Ethiopia,AFRO,36.0,105,0.0,23
2020-04-26,ET,Ethiopia,AFRO,17.0,122,1.0,24
2020-05-03,ET,Ethiopia,AFRO,11.0,133,0.0,24
2020-05-10,ET,Ethiopia,AFRO,77.0,210,1.0,25
2020-05-17,ET,Ethiopia,AFRO,96.0,306,0.0,25
2020-05-24,ET,Ethiopia,AFRO,188.0,494,0.0,25
2020-05-31,ET,Ethiopia,AFRO,569.0,1063,3.0,28
2020-06-07,ET,Ethiopia,AFRO,871.0,1934,9.0,37
2020-06-14,ET,Ethiopia,AFRO,1232.0,3166,35.0,72
2020-06-21,ET,Ethiopia,AFRO,1303.0,4469,17.0,89
2020-06-28,ET,Ethiopia,AFRO,1101.0,5570,22.0,111
2020-07-05,ET,Ethiopia,AFRO,816.0,6386,22.0,133
2020-07-12,ET,Ethiopia,AFRO,1174.0,7560,11.0,144
2020-07-19,ET,Ethiopia,AFRO,1943.0,9503,38.0,182
2020-07-26,ET,Ethiopia,AFRO,3745.0,13248,42.0,224
2020-08-02,ET,Ethiopia,AFRO,4751.0,17999,75.0,299
2020-08-09,ET,Ethiopia,AFRO,4254.0,22253,108.0,407
2020-08-16,ET,Ethiopia,AFRO,6641.0,28894,119.0,526
2020-08-23,ET,Ethiopia,AFRO,10139.0,39033,153.0,679
2020-08-30,ET,Ethiopia,AFRO,10621.0,49654,92.0,771
2020-09-06,ET,Ethiopia,AFRO,7812.0,57466,127.0,898
2020-09-13,ET,Ethiopia,AFRO,6422.0,63888,99.0,997
2020-09-20,ET,Ethiopia,AFRO,4243.0,68131,93.0,1090
2020-09-27,ET,Ethiopia,AFRO,4569.0,72700,76.0,1166
2020-10-04,ET,Ethiopia,AFRO,5160.0,77860,48.0,1214
2020-10-11,ET,Ethiopia,AFRO,5569.0,83429,63.0,1277
2020-10-18,ET,Ethiopia,AFRO,5005.0,88434,69.0,1346
2020-10-25,ET,Ethiopia,AFRO,4424.0,92858,73.0,1419
2020-11-01,ET,Ethiopia,AFRO,3311.0,96169,50.0,1469
2020-11-08,ET,Ethiopia,AFRO,3035.0,99204,49.0,1518
2020-11-15,ET,Ethiopia,AFRO,3117.0,102321,47.0,1565
2020-11-22,ET,Ethiopia,AFRO,3031.0,105352,71.0,1636
2020-11-29,ET,Ethiopia,AFRO,3578.0,108930,59.0,1695
2020-12-06,ET,Ethiopia,AFRO,3810.0,112740,50.0,1745
2020-12-13,ET,Ethiopia,AFRO,3557.0,116297,58.0,1803
2020-12-20,ET,Ethiopia,AFRO,3197.0,119494,43.0,1846
2020-12-27,ET,Ethiopia,AFRO,2919.0,122413,55.0,1901
2021-01-03,ET,Ethiopia,AFRO,2636.0,125049,43.0,1944
2021-01-10,ET,Ethiopia,AFRO,2743.0,127792,41.0,1985
2021-01-17,ET,Ethiopia,AFRO,2980.0,130772,44.0,2029
2021-01-24,ET,Ethiopia,AFRO,2526.0,133298,34.0,2063
2021-01-31,ET,Ethiopia,AFRO,3723.0,137021,28.0,2091
2021-02-07,ET,Ethiopia,AFRO,4432.0,141453,54.0,2145
2021-02-14,ET,Ethiopia,AFRO,4251.0,145704,36.0,2181
2021-02-21,ET,Ethiopia,AFRO,6153.0,151857,90.0,2271
2021-02-28,ET,Ethiopia,AFRO,6201.0,158058,83.0,2354
2021-03-07,ET,Ethiopia,AFRO,6971.0,165029,66.0,2420
2021-03-14,ET,Ethiopia,AFRO,9025.0,174054,120.0,2540
2021-03-21,ET,Ethiopia,AFRO,11587.0,185641,107.0,2647
2021-03-28,ET,Ethiopia,AFRO,13153.0,198794,137.0,2784
2021-04-04,ET,Ethiopia,AFRO,14517.0,213311,152.0,2936
2021-04-11,ET,Ethiopia,AFRO,13944.0,227255,210.0,3146
2021-04-18,ET,Ethiopia,AFRO,12981.0,240236,182.0,3328
2021-04-25,ET,Ethiopia,AFRO,10719.0,250955,203.0,3531
2021-05-02,ET,Ethiopia,AFRO,7107.0,258062,178.0,3709
2021-05-09,ET,Ethiopia,AFRO,4155.0,262217,162.0,3871
2021-05-16,ET,Ethiopia,AFRO,3615.0,265832,105.0,3976
2021-05-23,ET,Ethiopia,AFRO,3069.0,268901,92.0,4068
2021-05-30,ET,Ethiopia,AFRO,2299.0,271200,75.0,4143
2021-06-06,ET,Ethiopia,AFRO,1605.0,272805,58.0,4201
2021-06-13,ET,Ethiopia,AFRO,1223.0,274028,36.0,4237
2021-06-20,ET,Ethiopia,AFRO,1008.0,275036,43.0,4280
2021-06-27,ET,Ethiopia,AFRO,845.0,275881,29.0,4309
2021-07-04,ET,Ethiopia,AFRO,487.0,276368,21.0,4330
2021-07-11,ET,Ethiopia,AFRO,616.0,276984,13.0,4343
2021-07-18,ET,Ethiopia,AFRO,631.0,277615,11.0,4354
2021-07-25,ET,Ethiopia,AFRO,831.0,278446,13.0,4367
2021-08-01,ET,Ethiopia,AFRO,1919.0,280365,18.0,4385
2021-08-08,ET,Ethiopia,AFRO,3302.0,283667,36.0,4421
2021-08-15,ET,Ethiopia,AFRO,5121.0,288788,50.0,4471
2021-08-22,ET,Ethiopia,AFRO,6231.0,295019,82.0,4553
2021-08-29,ET,Ethiopia,AFRO,10058.0,305077,78.0,4631
2021-09-05,ET,Ethiopia,AFRO,8391.0,313468,118.0,4749
2021-09-12,ET,Ethiopia,AFRO,9269.0,322737,158.0,4907
2021-09-19,ET,Ethiopia,AFRO,9266.0,332003,208.0,5115
2021-09-26,ET,Ethiopia,AFRO,8842.0,340845,254.0,5369
2021-10-03,ET,Ethiopia,AFRO,7127.0,347972,306.0,5675
2021-10-10,ET,Ethiopia,AFRO,6061.0,354033,275.0,5950
2021-10-17,ET,Ethiopia,AFRO,4706.0,358739,247.0,6197
2021-10-24,ET,Ethiopia,AFRO,2908.0,361647,136.0,6333
2021-10-31,ET,Ethiopia,AFRO,3313.0,364960,118.0,6451
2021-11-07,ET,Ethiopia,AFRO,2102.0,367062,80.0,6531
2021-11-14,ET,Ethiopia,AFRO,1584.0,368646,82.0,6613
2021-11-21,ET,Ethiopia,AFRO,1408.0,370054,59.0,6672
2021-11-28,ET,Ethiopia,AFRO,1123.0,371177,64.0,6736
2021-12-05,ET,Ethiopia,AFRO,913.0,372090,58.0,6794
2021-12-12,ET,Ethiopia,AFRO,910.0,373000,35.0,6829
2021-12-19,ET,Ethiopia,AFRO,2810.0,375810,32.0,6861
2021-12-26,ET,Ethiopia,AFRO,19940.0,395750,33.0,6894
2022-01-02,ET,Ethiopia,AFRO,28590.0,424340,53.0,6947
2022-01-09,ET,Ethiopia,AFRO,18999.0,443339,73.0,7020
2022-01-16,ET,Ethiopia,AFRO,12940.0,456279,111.0,7131
2022-01-23,ET,Ethiopia,AFRO,5454.0,461733,105.0,7236
2022-01-30,ET,Ethiopia,AFRO,3021.0,464754,91.0,7327
2022-02-06,ET,Ethiopia,AFRO,1701.0,466455,29.0,7356
2022-02-13,ET,Ethiopia,AFRO,944.0,467399,65.0,7421
2022-02-20,ET,Ethiopia,AFRO,885.0,468284,17.0,7438
2022-02-27,ET,Ethiopia,AFRO,341.0,468625,20.0,7458
2022-03-06,ET,Ethiopia,AFRO,305.0,468930,18.0,7476
2022-03-13,ET,Ethiopia,AFRO,240.0,469170,9.0,7485
2022-03-20,ET,Ethiopia,AFRO,271.0,469441,4.0,7489
2022-03-27,ET,Ethiopia,AFRO,170.0,469611,3.0,7492
2022-04-03,ET,Ethiopia,AFRO,195.0,469806,12.0,7504
2022-04-10,ET,Ethiopia,AFRO,219.0,470025,5.0,7509
2022-04-17,ET,Ethiopia,AFRO,234.0,470259,0.0,7509
2022-04-24,ET,Ethiopia,AFRO,158.0,470417,1.0,7510
2022-05-01,ET,Ethiopia,AFRO,151.0,470568,0.0,7510
2022-05-08,ET,Ethiopia,AFRO,162.0,470730,0.0,7510
2022-05-15,ET,Ethiopia,AFRO,207.0,470937,0.0,7510
2022-05-22,ET,Ethiopia,AFRO,406.0,471343,2.0,7512
2022-05-29,ET,Ethiopia,AFRO,889.0,472232,1.0,7513
2022-06-05,ET,Ethiopia,AFRO,2483.0,474715,2.0,7515
2022-06-12,ET,Ethiopia,AFRO,3829.0,478544,1.0,7516
2022-06-19,ET,Ethiopia,AFRO,5195.0,483739,6.0,7522
2022-06-26,ET,Ethiopia,AFRO,3478.0,487217,8.0,7530
2022-07-03,ET,Ethiopia,AFRO,2038.0,489255,8.0,7538
2022-07-10,ET,Ethiopia,AFRO,1041.0,490296,13.0,7551
2022-07-17,ET,Ethiopia,AFRO,735.0,491031,10.0,7561
2022-07-24,ET,Ethiopia,AFRO,698.0,491729,5.0,7566
2022-07-31,ET,Ethiopia,AFRO,465.0,492194,2.0,7568
2022-08-07,ET,Ethiopia,AFRO,282.0,492476,1.0,7569
2022-08-14,ET,Ethiopia,AFRO,262.0,492738,0.0,7569
2022-08-21,ET,Ethiopia,AFRO,222.0,492960,2.0,7571
2022-08-28,ET,Ethiopia,AFRO,172.0,493132,0.0,7571
2022-09-04,ET,Ethiopia,AFRO,102.0,493234,1.0,7572
2022-09-11,ET,Ethiopia,AFRO,106.0,493340,0.0,7572
2022-09-18,ET,Ethiopia,AFRO,89.0,493429,0.0,7572
2022-09-25,ET,Ethiopia,AFRO,76.0,493505,0.0,7572
2022-10-02,ET,Ethiopia,AFRO,82.0,493587,0.0,7572
2022-10-09,ET,Ethiopia,AFRO,95.0,493682,0.0,7572
2022-10-16,ET,Ethiopia,AFRO,99.0,493781,0.0,7572
2022-10-23,ET,Ethiopia,AFRO,83.0,493864,0.0,7572
2022-10-30,ET,Ethiopia,AFRO,75.0,493939,0.0,7572
2022-11-06,ET,Ethiopia,AFRO,100.0,494039,0.0,7572
2022-11-13,ET,Ethiopia,AFRO,141.0,494180,0.0,7572
2022-11-20,ET,Ethiopia,AFRO,120.0,494300,0.0,7572
2022-11-27,ET,Ethiopia,AFRO,162.0,494462,0.0,7572
2022-12-04,ET,Ethiopia,AFRO,264.0,494726,0.0,7572
2022-12-11,ET,Ethiopia,AFRO,470.0,495196,0.0,7572
2022-12-18,ET,Ethiopia,AFRO,887.0,496083,0.0,7572
2022-12-25,ET,Ethiopia,AFRO,1013.0,497096,0.0,7572
2023-01-01,ET,Ethiopia,AFRO,905.0,498001,0.0,7572
2023-01-08,ET,Ethiopia,AFRO,659.0,498660,0.0,7572
2023-01-15,ET,Ethiopia,AFRO,422.0,499082,0.0,7572
2023-01-22,ET,Ethiopia,AFRO,213.0,499295,0.0,7572
2023-01-29,ET,Ethiopia,AFRO,171.0,499466,0.0,7572
2023-02-05,ET,Ethiopia,AFRO,177.0,499643,0.0,7572
2023-02-12,ET,Ethiopia,AFRO,118.0,499761,0.0,7572
2023-02-19,ET,Ethiopia,AFRO,98.0,499859,0.0,7572
2023-02-26,ET,Ethiopia,AFRO,100.0,499959,0.0,7572
2023-03-05,ET,Ethiopia,AFRO,80.0,500039,0.0,7572
2023-03-12,ET,Ethiopia,AFRO,111.0,500150,0.0,7572
2023-03-19,ET,Ethiopia,AFRO,109.0,500259,0.0,7572
2023-03-26,ET,Ethiopia,AFRO,177.0,500436,1.0,7573
2023-04-02,ET,Ethiopia,AFRO,128.0,500564,0.0,7573
2023-04-09,ET,Ethiopia,AFRO,143.0,500707,0.0,7573
2023-04-16,ET,Ethiopia,AFRO,67.0,500774,1.0,7574
2023-04-23,ET,Ethiopia,AFRO,40.0,500814,0.0,7574
2023-04-30,ET,Ethiopia,AFRO,17.0,500831,0.0,7574
2023-05-07,ET,Ethiopia,AFRO,22.0,500853,0.0,7574
2023-05-14,ET,Ethiopia,AFRO,15.0,500868,0.0,7574
2023-05-21,ET,Ethiopia,AFRO,9.0,500877,0.0,7574
2023-05-28,ET,Ethiopia,AFRO,13.0,500890,0.0,7574
2023-06-04,ET,Ethiopia,AFRO,18.0,500908,0.0,7574
2023-06-11,ET,Ethiopia,AFRO,8.0,500916,0.0,7574
2023-06-18,ET,Ethiopia,AFRO,4.0,500920,0.0,7574
2023-06-25,ET,Ethiopia,AFRO,0.0,500920,0.0,7574
2023-07-02,ET,Ethiopia,AFRO,0.0,500920,0.0,7574
2023-07-09,ET,Ethiopia,AFRO,23.0,500943,0.0,7574
2023-07-16,ET,Ethiopia,AFRO,3.0,500946,0.0,7574
2023-07-23,ET,Ethiopia,AFRO,0.0,500946,0.0,7574
2023-07-30,ET,Ethiopia,AFRO,0.0,500946,0.0,7574
2023-08-06,ET,Ethiopia,AFRO,45.0,500991,0.0,7574
2023-08-13,ET,Ethiopia,AFRO,0.0,500991,0.0,7574
2023-08-20,ET,Ethiopia,AFRO,0.0,500991,0.0,7574
2023-08-27,ET,Ethiopia,AFRO,0.0,500991,0.0,7574
2023-09-03,ET,Ethiopia,AFRO,46.0,501037,0.0,7574
2023-09-10,ET,Ethiopia,AFRO,12.0,501049,0.0,7574
2023-09-17,ET,Ethiopia,AFRO,11.0,501060,0.0,7574
2023-09-24,ET,Ethiopia,AFRO,0.0,501060,0.0,7574
2023-10-01,ET,Ethiopia,AFRO,0.0,501060,0.0,7574
2023-10-08,ET,Ethiopia,AFRO,4.0,501064,0.0,7574
2023-10-15,ET,Ethiopia,AFRO,1.0,501065,0.0,7574
2023-10-22,ET,Ethiopia,AFRO,7.0,501072,0.0,7574
2023-10-29,ET,Ethiopia,AFRO,5.0,501077,0.0,7574
2023-11-05,ET,Ethiopia,AFRO,10.0,501087,0.0,7574
2023-11-12,ET,Ethiopia,AFRO,5.0,501092,0.0,7574
2023-11-19,ET,Ethiopia,AFRO,1.0,501093,0.0,7574
2023-11-26,ET,Ethiopia,AFRO,11.0,501104,0.0,7574
2023-12-03,ET,Ethiopia,AFRO,13.0,501117,0.0,7574
2023-12-10,ET,Ethiopia,AFRO,0.0,501117,0.0,7574
2023-12-17,ET,Ethiopia,AFRO,0.0,501117,0.0,7574
2023-12-24,ET,Ethiopia,AFRO,0.0,501117,0.0,7574
2023-12-31,ET,Ethiopia,AFRO,0.0,501117,0.0,7574
2024-01-07,ET,Ethiopia,AFRO,0.0,501117,0.0,7574
2024-01-14,ET,Ethiopia,AFRO,0.0,501117,0.0,7574
2024-01-21,ET,Ethiopia,AFRO,0.0,501117,0.0,7574
2024-01-28,ET,Ethiopia,AFRO,0.0,501117,0.0,7574
2024-02-04,ET,Ethiopia,AFRO,0.0,501117,0.0,7574
2024-02-11,ET,Ethiopia,AFRO,40.0,501157,0.0,7574
2024-02-18,ET,Ethiopia,AFRO,0.0,501157,0.0,7574
2024-02-25,ET,Ethiopia,AFRO,0.0,501157,0.0,7574
2024-03-03,ET,Ethiopia,AFRO,0.0,501157,0.0,7574
2024-03-10,ET,Ethiopia,AFRO,0.0,501157,0.0,7574
2024-03-17,ET,Ethiopia,AFRO,0.0,501157,0.0,7574
2024-03-24,ET,Ethiopia,AFRO,0.0,501157,0.0,7574
2024-03-31,ET,Ethiopia,AFRO,1.0,501158,0.0,7574
2024-04-07,ET,Ethiopia,AFRO,4.0,501162,0.0,7574
2024-04-14,ET,Ethiopia,AFRO,1.0,501163,0.0,7574
2024-04-21,ET,Ethiopia,AFRO,2.0,501165,0.0,7574
2024-04-28,ET,Ethiopia,AFRO,0.0,501165,0.0,7574
