Date_reported,Country_code,Country,WHO_region,New_cases,Cumulative_cases,New_deaths,Cumulative_deaths
2020-01-05,GB,United Kingdom of Great Britain and Northern Ireland,EURO,0.0,0,0.0,0
2020-01-12,GB,United Kingdom of Great Britain and Northern Ireland,EURO,0.0,0,0.0,0
2020-01-19,GB,United Kingdom of Great Britain and Northern Ireland,EURO,0.0,0,0.0,0
2020-01-26,GB,United Kingdom of Great Britain and Northern Ireland,EURO,0.0,0,0.0,0
2020-02-02,GB,United Kingdom of Great Britain and Northern Ireland,EURO,1.0,1,1.0,1
2020-02-09,GB,United Kingdom of Great Britain and Northern Ireland,EURO,20.0,21,1.0,2
2020-02-16,GB,United Kingdom of Great Britain and Northern Ireland,EURO,11.0,32,0.0,2
2020-02-23,GB,United Kingdom of Great Britain and Northern Ireland,EURO,3.0,35,0.0,2
2020-03-01,GB,United Kingdom of Great Britain and Northern Ireland,EURO,33.0,68,1.0,3
2020-03-08,GB,United Kingdom of Great Britain and Northern Ireland,EURO,311.0,379,6.0,9
2020-03-15,GB,United Kingdom of Great Britain and Northern Ireland,EURO,1901.0,2280,46.0,55
2020-03-22,GB,United Kingdom of Great Britain and Northern Ireland,EURO,5455.0,7735,429.0,484
2020-03-29,GB,United Kingdom of Great Britain and Northern Ireland,EURO,16046.0,23781,2005.0,2489
2020-04-05,GB,United Kingdom of Great Britain and Northern Ireland,EURO,28818.0,52599,5622.0,8111
2020-04-12,GB,United Kingdom of Great Britain and Northern Ireland,EURO,32630.0,85229,8974.0,17085
2020-04-19,GB,United Kingdom of Great Britain and Northern Ireland,EURO,30969.0,116198,9082.0,26167
2020-04-26,GB,United Kingdom of Great Britain and Northern Ireland,EURO,33506.0,149704,7693.0,33860
2020-05-03,GB,United Kingdom of Great Britain and Northern Ireland,EURO,31851.0,181555,5860.0,39720
2020-05-10,GB,United Kingdom of Great Britain and Northern Ireland,EURO,24027.0,205582,4508.0,44228
2020-05-17,GB,United Kingdom of Great Britain and Northern Ireland,EURO,20019.0,225601,3240.0,47468
2020-05-24,GB,United Kingdom of Great Britain and Northern Ireland,EURO,16906.0,242507,2569.0,50037
2020-05-31,GB,United Kingdom of Great Britain and Northern Ireland,EURO,11713.0,254220,1966.0,52003
2020-06-07,GB,United Kingdom of Great Britain and Northern Ireland,EURO,8884.0,263104,1416.0,53419
2020-06-14,GB,United Kingdom of Great Britain and Northern Ireland,EURO,7052.0,270156,1034.0,54453
2020-06-21,GB,United Kingdom of Great Britain and Northern Ireland,EURO,6892.0,277048,746.0,55199
2020-06-28,GB,United Kingdom of Great Britain and Northern Ireland,EURO,5270.0,282318,635.0,55834
2020-07-05,GB,United Kingdom of Great Britain and Northern Ireland,EURO,4275.0,286593,456.0,56290
2020-07-12,GB,United Kingdom of Great Britain and Northern Ireland,EURO,4283.0,290876,353.0,56643
2020-07-19,GB,United Kingdom of Great Britain and Northern Ireland,EURO,4340.0,295216,253.0,56896
2020-07-26,GB,United Kingdom of Great Britain and Northern Ireland,EURO,4969.0,300185,206.0,57102
2020-08-02,GB,United Kingdom of Great Britain and Northern Ireland,EURO,5524.0,305709,175.0,57277
2020-08-09,GB,United Kingdom of Great Britain and Northern Ireland,EURO,6418.0,312127,145.0,57422
2020-08-16,GB,United Kingdom of Great Britain and Northern Ireland,EURO,7797.0,319924,151.0,57573
2020-08-23,GB,United Kingdom of Great Britain and Northern Ireland,EURO,7728.0,327652,113.0,57686
2020-08-30,GB,United Kingdom of Great Britain and Northern Ireland,EURO,8854.0,336506,100.0,57786
2020-09-06,GB,United Kingdom of Great Britain and Northern Ireland,EURO,15523.0,352029,87.0,57873
2020-09-13,GB,United Kingdom of Great Britain and Northern Ireland,EURO,22634.0,374663,116.0,57989
2020-09-20,GB,United Kingdom of Great Britain and Northern Ireland,EURO,25850.0,400513,189.0,58178
2020-09-27,GB,United Kingdom of Great Britain and Northern Ireland,EURO,44393.0,444906,266.0,58444
2020-10-04,GB,United Kingdom of Great Britain and Northern Ireland,EURO,74110.0,519016,412.0,58856
2020-10-11,GB,United Kingdom of Great Britain and Northern Ireland,EURO,110514.0,629530,588.0,59444
2020-10-18,GB,United Kingdom of Great Britain and Northern Ireland,EURO,120078.0,749608,910.0,60354
2020-10-25,GB,United Kingdom of Great Britain and Northern Ireland,EURO,151561.0,901169,1455.0,61809
2020-11-01,GB,United Kingdom of Great Britain and Northern Ireland,EURO,153892.0,1055061,1994.0,63803
2020-11-08,GB,United Kingdom of Great Britain and Northern Ireland,EURO,162260.0,1217321,2558.0,66361
2020-11-15,GB,United Kingdom of Great Britain and Northern Ireland,EURO,175280.0,1392601,3039.0,69400
2020-11-22,GB,United Kingdom of Great Britain and Northern Ireland,EURO,141113.0,1533714,3296.0,72696
2020-11-29,GB,United Kingdom of Great Britain and Northern Ireland,EURO,106260.0,1639974,3432.0,76128
2020-12-06,GB,United Kingdom of Great Britain and Northern Ireland,EURO,105190.0,1745164,3287.0,79415
2020-12-13,GB,United Kingdom of Great Britain and Northern Ireland,EURO,138488.0,1883652,3216.0,82631
2020-12-20,GB,United Kingdom of Great Britain and Northern Ireland,EURO,217712.0,2101364,3617.0,86248
2020-12-27,GB,United Kingdom of Great Britain and Northern Ireland,EURO,243069.0,2344433,4227.0,90475
2021-01-03,GB,United Kingdom of Great Britain and Northern Ireland,EURO,377718.0,2722151,5231.0,95706
2021-01-10,GB,United Kingdom of Great Britain and Northern Ireland,EURO,422675.0,3144826,6625.0,102331
2021-01-17,GB,United Kingdom of Great Britain and Northern Ireland,EURO,317881.0,3462707,8794.0,111125
2021-01-24,GB,United Kingdom of Great Britain and Northern Ireland,EURO,246142.0,3708849,9723.0,120848
2021-01-31,GB,United Kingdom of Great Britain and Northern Ireland,EURO,171875.0,3880724,8572.0,129420
2021-02-07,GB,United Kingdom of Great Britain and Northern Ireland,EURO,130901.0,4011625,6655.0,136075
2021-02-14,GB,United Kingdom of Great Britain and Northern Ireland,EURO,94014.0,4105639,5060.0,141135
2021-02-21,GB,United Kingdom of Great Britain and Northern Ireland,EURO,80167.0,4185806,3864.0,144999
2021-02-28,GB,United Kingdom of Great Britain and Northern Ireland,EURO,61484.0,4247290,2644.0,147643
2021-03-07,GB,United Kingdom of Great Britain and Northern Ireland,EURO,41508.0,4288798,1801.0,149444
2021-03-14,GB,United Kingdom of Great Britain and Northern Ireland,EURO,40316.0,4329114,1256.0,150700
2021-03-21,GB,United Kingdom of Great Britain and Northern Ireland,EURO,38162.0,4367276,857.0,151557
2021-03-28,GB,United Kingdom of Great Britain and Northern Ireland,EURO,37987.0,4405263,654.0,152211
2021-04-04,GB,United Kingdom of Great Britain and Northern Ireland,EURO,27123.0,4432386,428.0,152639
2021-04-11,GB,United Kingdom of Great Britain and Northern Ireland,EURO,20330.0,4452716,330.0,152969
2021-04-18,GB,United Kingdom of Great Britain and Northern Ireland,EURO,17336.0,4470052,279.0,153248
2021-04-25,GB,United Kingdom of Great Britain and Northern Ireland,EURO,16722.0,4486774,228.0,153476
2021-05-02,GB,United Kingdom of Great Britain and Northern Ireland,EURO,15041.0,4501815,151.0,153627
2021-05-09,GB,United Kingdom of Great Britain and Northern Ireland,EURO,14468.0,4516283,124.0,153751
2021-05-16,GB,United Kingdom of Great Britain and Northern Ireland,EURO,15509.0,4531792,104.0,153855
2021-05-23,GB,United Kingdom of Great Britain and Northern Ireland,EURO,16918.0,4548710,82.0,153937
2021-05-30,GB,United Kingdom of Great Britain and Northern Ireland,EURO,22380.0,4571090,83.0,154020
2021-06-06,GB,United Kingdom of Great Britain and Northern Ireland,EURO,33779.0,4604869,84.0,154104
2021-06-13,GB,United Kingdom of Great Britain and Northern Ireland,EURO,49979.0,4654848,87.0,154191
2021-06-20,GB,United Kingdom of Great Britain and Northern Ireland,EURO,67059.0,4721907,100.0,154291
2021-06-27,GB,United Kingdom of Great Britain and Northern Ireland,EURO,107478.0,4829385,133.0,154424
2021-07-04,GB,United Kingdom of Great Britain and Northern Ireland,EURO,175476.0,5004861,168.0,154592
2021-07-11,GB,United Kingdom of Great Britain and Northern Ireland,EURO,225580.0,5230441,253.0,154845
2021-07-18,GB,United Kingdom of Great Britain and Northern Ireland,EURO,323274.0,5553715,328.0,155173
2021-07-25,GB,United Kingdom of Great Britain and Northern Ireland,EURO,257101.0,5810816,515.0,155688
2021-08-01,GB,United Kingdom of Great Britain and Northern Ireland,EURO,188020.0,5998836,573.0,156261
2021-08-08,GB,United Kingdom of Great Britain and Northern Ireland,EURO,193901.0,6192737,651.0,156912
2021-08-15,GB,United Kingdom of Great Britain and Northern Ireland,EURO,203157.0,6395894,650.0,157562
2021-08-22,GB,United Kingdom of Great Britain and Northern Ireland,EURO,232682.0,6628576,738.0,158300
2021-08-29,GB,United Kingdom of Great Britain and Northern Ireland,EURO,244811.0,6873387,852.0,159152
2021-09-05,GB,United Kingdom of Great Britain and Northern Ireland,EURO,258216.0,7131603,921.0,160073
2021-09-12,GB,United Kingdom of Great Britain and Northern Ireland,EURO,246171.0,7377774,1103.0,161176
2021-09-19,GB,United Kingdom of Great Britain and Northern Ireland,EURO,203289.0,7581063,1088.0,162264
2021-09-26,GB,United Kingdom of Great Britain and Northern Ireland,EURO,242060.0,7823123,1018.0,163282
2021-10-03,GB,United Kingdom of Great Britain and Northern Ireland,EURO,235286.0,8058409,895.0,164177
2021-10-10,GB,United Kingdom of Great Britain and Northern Ireland,EURO,254728.0,8313137,840.0,165017
2021-10-17,GB,United Kingdom of Great Britain and Northern Ireland,EURO,305103.0,8618240,947.0,165964
2021-10-24,GB,United Kingdom of Great Britain and Northern Ireland,EURO,329421.0,8947661,1040.0,167004
2021-10-31,GB,United Kingdom of Great Britain and Northern Ireland,EURO,285143.0,9232804,1227.0,168231
2021-11-07,GB,United Kingdom of Great Britain and Northern Ireland,EURO,251477.0,9484281,1234.0,169465
2021-11-14,GB,United Kingdom of Great Britain and Northern Ireland,EURO,266098.0,9750379,1119.0,170584
2021-11-21,GB,United Kingdom of Great Britain and Northern Ireland,EURO,295358.0,10045737,1023.0,171607
2021-11-28,GB,United Kingdom of Great Britain and Northern Ireland,EURO,301042.0,10346779,940.0,172547
2021-12-05,GB,United Kingdom of Great Britain and Northern Ireland,EURO,335799.0,10682578,941.0,173488
2021-12-12,GB,United Kingdom of Great Britain and Northern Ireland,EURO,364101.0,11046679,940.0,174428
2021-12-19,GB,United Kingdom of Great Britain and Northern Ireland,EURO,606364.0,11653043,876.0,175304
2021-12-26,GB,United Kingdom of Great Britain and Northern Ireland,EURO,921736.0,12574779,855.0,176159
2022-01-02,GB,United Kingdom of Great Britain and Northern Ireland,EURO,1292071.0,13866850,985.0,177144
2022-01-09,GB,United Kingdom of Great Britain and Northern Ireland,EURO,1320332.0,15187182,1360.0,178504
2022-01-16,GB,United Kingdom of Great Britain and Northern Ireland,EURO,723565.0,15910747,1648.0,180152
2022-01-23,GB,United Kingdom of Great Britain and Northern Ireland,EURO,730232.0,16640979,1650.0,181802
2022-01-30,GB,United Kingdom of Great Britain and Northern Ireland,EURO,713559.0,17354538,1482.0,183284
2022-02-06,GB,United Kingdom of Great Britain and Northern Ireland,EURO,588540.0,17943078,1324.0,184608
2022-02-13,GB,United Kingdom of Great Britain and Northern Ireland,EURO,420192.0,18363270,1037.0,185645
2022-02-20,GB,United Kingdom of Great Britain and Northern Ireland,EURO,316060.0,18679330,947.0,186592
2022-02-27,GB,United Kingdom of Great Britain and Northern Ireland,EURO,251631.0,18930961,845.0,187437
2022-03-06,GB,United Kingdom of Great Britain and Northern Ireland,EURO,277241.0,19208202,796.0,188233
2022-03-13,GB,United Kingdom of Great Britain and Northern Ireland,EURO,437488.0,19645690,778.0,189011
2022-03-20,GB,United Kingdom of Great Britain and Northern Ireland,EURO,581248.0,20226938,951.0,189962
2022-03-27,GB,United Kingdom of Great Britain and Northern Ireland,EURO,606372.0,20833310,1176.0,191138
2022-04-03,GB,United Kingdom of Great Britain and Northern Ireland,EURO,478671.0,21311981,1272.0,192410
2022-04-10,GB,United Kingdom of Great Britain and Northern Ireland,EURO,299046.0,21611027,1426.0,193836
2022-04-17,GB,United Kingdom of Great Britain and Northern Ireland,EURO,209920.0,21820947,1340.0,195176
2022-04-24,GB,United Kingdom of Great Britain and Northern Ireland,EURO,146688.0,21967635,1137.0,196313
2022-05-01,GB,United Kingdom of Great Britain and Northern Ireland,EURO,94269.0,22061904,904.0,197217
2022-05-08,GB,United Kingdom of Great Britain and Northern Ireland,EURO,73460.0,22135364,712.0,197929
2022-05-15,GB,United Kingdom of Great Britain and Northern Ireland,EURO,60338.0,22195702,592.0,198521
2022-05-22,GB,United Kingdom of Great Britain and Northern Ireland,EURO,52075.0,22247777,441.0,198962
2022-05-29,GB,United Kingdom of Great Britain and Northern Ireland,EURO,42463.0,22290240,346.0,199308
2022-06-05,GB,United Kingdom of Great Britain and Northern Ireland,EURO,44731.0,22334971,266.0,199574
2022-06-12,GB,United Kingdom of Great Britain and Northern Ireland,EURO,74352.0,22409323,258.0,199832
2022-06-19,GB,United Kingdom of Great Britain and Northern Ireland,EURO,96164.0,22505487,299.0,200131
2022-06-26,GB,United Kingdom of Great Britain and Northern Ireland,EURO,130271.0,22635758,380.0,200511
2022-07-03,GB,United Kingdom of Great Britain and Northern Ireland,EURO,160214.0,22795972,513.0,201024
2022-07-10,GB,United Kingdom of Great Britain and Northern Ireland,EURO,195623.0,22991595,679.0,201703
2022-07-17,GB,United Kingdom of Great Britain and Northern Ireland,EURO,166429.0,23158024,873.0,202576
2022-07-24,GB,United Kingdom of Great Britain and Northern Ireland,EURO,110346.0,23268370,1067.0,203643
2022-07-31,GB,United Kingdom of Great Britain and Northern Ireland,EURO,74614.0,23342984,852.0,204495
2022-08-07,GB,United Kingdom of Great Britain and Northern Ireland,EURO,56953.0,23399937,649.0,205144
2022-08-14,GB,United Kingdom of Great Britain and Northern Ireland,EURO,45624.0,23445561,636.0,205780
2022-08-21,GB,United Kingdom of Great Britain and Northern Ireland,EURO,35449.0,23481010,530.0,206310
2022-08-28,GB,United Kingdom of Great Britain and Northern Ireland,EURO,29390.0,23510400,425.0,206735
2022-09-04,GB,United Kingdom of Great Britain and Northern Ireland,EURO,29213.0,23539613,383.0,207118
2022-09-11,GB,United Kingdom of Great Britain and Northern Ireland,EURO,28943.0,23568556,324.0,207442
2022-09-18,GB,United Kingdom of Great Britain and Northern Ireland,EURO,31812.0,23600368,305.0,207747
2022-09-25,GB,United Kingdom of Great Britain and Northern Ireland,EURO,42707.0,23643075,320.0,208067
2022-10-02,GB,United Kingdom of Great Britain and Northern Ireland,EURO,53755.0,23696830,417.0,208484
2022-10-09,GB,United Kingdom of Great Britain and Northern Ireland,EURO,67496.0,23764326,617.0,209101
2022-10-16,GB,United Kingdom of Great Britain and Northern Ireland,EURO,60442.0,23824768,751.0,209852
2022-10-23,GB,United Kingdom of Great Britain and Northern Ireland,EURO,52930.0,23877698,778.0,210630
2022-10-30,GB,United Kingdom of Great Britain and Northern Ireland,EURO,37668.0,23915366,725.0,211355
2022-11-06,GB,United Kingdom of Great Britain and Northern Ireland,EURO,28331.0,23943697,625.0,211980
2022-11-13,GB,United Kingdom of Great Britain and Northern Ireland,EURO,23756.0,23967453,471.0,212451
2022-11-20,GB,United Kingdom of Great Britain and Northern Ireland,EURO,21872.0,23989325,398.0,212849
2022-11-27,GB,United Kingdom of Great Britain and Northern Ireland,EURO,22911.0,24012236,387.0,213236
2022-12-04,GB,United Kingdom of Great Britain and Northern Ireland,EURO,26105.0,24038341,374.0,213610
2022-12-11,GB,United Kingdom of Great Britain and Northern Ireland,EURO,31048.0,24069389,450.0,214060
2022-12-18,GB,United Kingdom of Great Britain and Northern Ireland,EURO,41009.0,24110398,522.0,214582
2022-12-25,GB,United Kingdom of Great Britain and Northern Ireland,EURO,48639.0,24159037,763.0,215345
2023-01-01,GB,United Kingdom of Great Britain and Northern Ireland,EURO,41644.0,24200681,971.0,216316
2023-01-08,GB,United Kingdom of Great Britain and Northern Ireland,EURO,33390.0,24234071,951.0,217267
2023-01-15,GB,United Kingdom of Great Britain and Northern Ireland,EURO,19533.0,24253604,817.0,218084
2023-01-22,GB,United Kingdom of Great Britain and Northern Ireland,EURO,14136.0,24267740,679.0,218763
2023-01-29,GB,United Kingdom of Great Britain and Northern Ireland,EURO,16501.0,24284241,529.0,219292
2023-02-05,GB,United Kingdom of Great Britain and Northern Ireland,EURO,21190.0,24305431,493.0,219785
2023-02-12,GB,United Kingdom of Great Britain and Northern Ireland,EURO,23225.0,24328656,475.0,220260
2023-02-19,GB,United Kingdom of Great Britain and Northern Ireland,EURO,27956.0,24356612,495.0,220755
2023-02-26,GB,United Kingdom of Great Britain and Northern Ireland,EURO,27843.0,24384455,519.0,221274
2023-03-05,GB,United Kingdom of Great Britain and Northern Ireland,EURO,27238.0,24411693,582.0,221856
2023-03-12,GB,United Kingdom of Great Britain and Northern Ireland,EURO,29418.0,24441111,665.0,222521
2023-03-19,GB,United Kingdom of Great Britain and Northern Ireland,EURO,33341.0,24474452,713.0,223234
2023-03-26,GB,United Kingdom of Great Britain and Northern Ireland,EURO,31649.0,24506101,739.0,223973
2023-04-02,GB,United Kingdom of Great Britain and Northern Ireland,EURO,25172.0,24531273,691.0,224664
2023-04-09,GB,United Kingdom of Great Britain and Northern Ireland,EURO,16894.0,24548167,605.0,225269
2023-04-16,GB,United Kingdom of Great Britain and Northern Ireland,EURO,14917.0,24563084,550.0,225819
2023-04-23,GB,United Kingdom of Great Britain and Northern Ireland,EURO,12823.0,24575907,520.0,226339
2023-04-30,GB,United Kingdom of Great Britain and Northern Ireland,EURO,11492.0,24587399,406.0,226745
2023-05-07,GB,United Kingdom of Great Britain and Northern Ireland,EURO,11103.0,24598502,354.0,227099
2023-05-14,GB,United Kingdom of Great Britain and Northern Ireland,EURO,8978.0,24607480,320.0,227419
2023-05-21,GB,United Kingdom of Great Britain and Northern Ireland,EURO,7493.0,24614973,277.0,227696
2023-05-28,GB,United Kingdom of Great Britain and Northern Ireland,EURO,6759.0,24621732,236.0,227932
2023-06-04,GB,United Kingdom of Great Britain and Northern Ireland,EURO,5261.0,24626993,199.0,228131
2023-06-11,GB,United Kingdom of Great Britain and Northern Ireland,EURO,4895.0,24631888,171.0,228302
2023-06-18,GB,United Kingdom of Great Britain and Northern Ireland,EURO,3620.0,24635508,187.0,228489
2023-06-25,GB,United Kingdom of Great Britain and Northern Ireland,EURO,2804.0,24638312,115.0,228604
2023-07-02,GB,United Kingdom of Great Britain and Northern Ireland,EURO,2194.0,24640506,103.0,228707
2023-07-09,GB,United Kingdom of Great Britain and Northern Ireland,EURO,2455.0,24642961,75.0,228782
2023-07-16,GB,United Kingdom of Great Britain and Northern Ireland,EURO,3114.0,24646075,65.0,228847
2023-07-23,GB,United Kingdom of Great Britain and Northern Ireland,EURO,3618.0,24649693,65.0,228912
2023-07-30,GB,United Kingdom of Great Britain and Northern Ireland,EURO,4677.0,24654370,84.0,228996
2023-08-06,GB,United Kingdom of Great Britain and Northern Ireland,EURO,6313.0,24660683,103.0,229099
2023-08-13,GB,United Kingdom of Great Britain and Northern Ireland,EURO,7777.0,24668460,141.0,229240
2023-08-20,GB,United Kingdom of Great Britain and Northern Ireland,EURO,8546.0,24677006,206.0,229446
2023-08-27,GB,United Kingdom of Great Britain and Northern Ireland,EURO,8988.0,24685994,228.0,229674
2023-09-03,GB,United Kingdom of Great Britain and Northern Ireland,EURO,10471.0,24696465,197.0,229871
2023-09-10,GB,United Kingdom of Great Britain and Northern Ireland,EURO,13933.0,24710398,287.0,230158
2023-09-17,GB,United Kingdom of Great Britain and Northern Ireland,EURO,12273.0,24722671,303.0,230461
2023-09-24,GB,United Kingdom of Great Britain and Northern Ireland,EURO,13562.0,24736233,266.0,230727
2023-10-01,GB,United Kingdom of Great Britain and Northern Ireland,EURO,17422.0,24753655,289.0,231016
2023-10-08,GB,United Kingdom of Great Britain and Northern Ireland,EURO,17083.0,24770738,344.0,231360
2023-10-15,GB,United Kingdom of Great Britain and Northern Ireland,EURO,13260.0,24783998,364.0,231724
2023-10-22,GB,United Kingdom of Great Britain and Northern Ireland,EURO,9271.0,24793269,388.0,232112
2023-10-29,GB,United Kingdom of Great Britain and Northern Ireland,EURO,7325.0,24800594,0.0,232112
2023-11-05,GB,United Kingdom of Great Britain and Northern Ireland,EURO,6596.0,24807190,0.0,232112
2023-11-12,GB,United Kingdom of Great Britain and Northern Ireland,EURO,4868.0,24812058,0.0,232112
2023-11-19,GB,United Kingdom of Great Britain and Northern Ireland,EURO,5226.0,24817284,0.0,232112
2023-11-26,GB,United Kingdom of Great Britain and Northern Ireland,EURO,4730.0,24822014,0.0,232112
2023-12-03,GB,United Kingdom of Great Britain and Northern Ireland,EURO,5388.0,24827402,0.0,232112
2023-12-10,GB,United Kingdom of Great Britain and Northern Ireland,EURO,7530.0,24834932,0.0,232112
2023-12-17,GB,United Kingdom of Great Britain and Northern Ireland,EURO,9455.0,24844387,0.0,232112
2023-12-24,GB,United Kingdom of Great Britain and Northern Ireland,EURO,10691.0,24855078,0.0,232112
2023-12-31,GB,United Kingdom of Great Britain and Northern Ireland,EURO,10103.0,24865181,0.0,232112
2024-01-07,GB,United Kingdom of Great Britain and Northern Ireland,EURO,8830.0,24874011,0.0,232112
2024-01-14,GB,United Kingdom of Great Britain and Northern Ireland,EURO,6747.0,24880758,0.0,232112
2024-01-21,GB,United Kingdom of Great Britain and Northern Ireland,EURO,6529.0,24887287,0.0,232112
2024-01-28,GB,United Kingdom of Great Britain and Northern Ireland,EURO,6571.0,24893858,0.0,232112
2024-02-04,GB,United Kingdom of Great Britain and Northern Ireland,EURO,5147.0,24899005,0.0,232112
2024-02-11,GB,United Kingdom of Great Britain and Northern Ireland,EURO,4058.0,24903063,0.0,232112
2024-02-18,GB,United Kingdom of Great Britain and Northern Ireland,EURO,2863.0,24905926,0.0,232112
2024-02-25,GB,United Kingdom of Great Britain and Northern Ireland,EURO,1975.0,24907901,0.0,232112
2024-03-03,GB,United Kingdom of Great Britain and Northern Ireland,EURO,1563.0,24909464,0.0,232112
2024-03-10,GB,United Kingdom of Great Britain and Northern Ireland,EURO,1596.0,24911060,0.0,232112
2024-03-17,GB,United Kingdom of Great Britain and Northern Ireland,EURO,1702.0,24912762,0.0,232112
2024-03-24,GB,United Kingdom of Great Britain and Northern Ireland,EURO,1476.0,24914238,0.0,232112
2024-03-31,GB,United Kingdom of Great Britain and Northern Ireland,EURO,1418.0,24915656,0.0,232112
2024-04-07,GB,United Kingdom of Great Britain and Northern Ireland,EURO,1539.0,24917195,0.0,232112
2024-04-14,GB,United Kingdom of Great Britain and Northern Ireland,EURO,1432.0,24918627,0.0,232112
2024-04-21,GB,United Kingdom of Great Britain and Northern Ireland,EURO,1410.0,24920037,0.0,232112
2024-04-28,GB,United Kingdom of Great Britain and Northern Ireland,EURO,269.0,24920306,0.0,232112
