Date_reported,Country_code,Country,WHO_region,New_cases,Cumulative_cases,New_deaths,Cumulative_deaths
2020-01-05,GD,Grenada,AMRO,0.0,0,0.0,0
2020-01-12,GD,Grenada,AMRO,0.0,0,0.0,0
2020-01-19,GD,Grenada,AMRO,0.0,0,0.0,0
2020-01-26,GD,Grenada,AMRO,0.0,0,0.0,0
2020-02-02,GD,Grenada,AMRO,0.0,0,0.0,0
2020-02-09,GD,Grenada,AMRO,0.0,0,0.0,0
2020-02-16,GD,Grenada,AMRO,0.0,0,0.0,0
2020-02-23,GD,Grenada,AMRO,0.0,0,0.0,0
2020-03-01,GD,Grenada,AMRO,0.0,0,0.0,0
2020-03-08,GD,Grenada,AMRO,0.0,0,0.0,0
2020-03-15,GD,Grenada,AMRO,0.0,0,0.0,0
2020-03-22,GD,Grenada,AMRO,0.0,0,0.0,0
2020-03-29,GD,Grenada,AMRO,7.0,7,0.0,0
2020-04-05,GD,Grenada,AMRO,5.0,12,0.0,0
2020-04-12,GD,Grenada,AMRO,1.0,13,0.0,0
2020-04-19,GD,Grenada,AMRO,0.0,13,0.0,0
2020-04-26,GD,Grenada,AMRO,2.0,15,0.0,0
2020-05-03,GD,Grenada,AMRO,5.0,20,0.0,0
2020-05-10,GD,Grenada,AMRO,1.0,21,0.0,0
2020-05-17,GD,Grenada,AMRO,1.0,22,0.0,0
2020-05-24,GD,Grenada,AMRO,0.0,22,0.0,0
2020-05-31,GD,Grenada,AMRO,1.0,23,0.0,0
2020-06-07,GD,Grenada,AMRO,0.0,23,0.0,0
2020-06-14,GD,Grenada,AMRO,0.0,23,0.0,0
2020-06-21,GD,Grenada,AMRO,0.0,23,0.0,0
2020-06-28,GD,Grenada,AMRO,0.0,23,0.0,0
2020-07-05,GD,Grenada,AMRO,0.0,23,0.0,0
2020-07-12,GD,Grenada,AMRO,0.0,23,0.0,0
2020-07-19,GD,Grenada,AMRO,0.0,23,0.0,0
2020-07-26,GD,Grenada,AMRO,0.0,23,0.0,0
2020-08-02,GD,Grenada,AMRO,1.0,24,0.0,0
2020-08-09,GD,Grenada,AMRO,0.0,24,0.0,0
2020-08-16,GD,Grenada,AMRO,0.0,24,0.0,0
2020-08-23,GD,Grenada,AMRO,0.0,24,0.0,0
2020-08-30,GD,Grenada,AMRO,0.0,24,0.0,0
2020-09-06,GD,Grenada,AMRO,0.0,24,0.0,0
2020-09-13,GD,Grenada,AMRO,0.0,24,0.0,0
2020-09-20,GD,Grenada,AMRO,0.0,24,0.0,0
2020-09-27,GD,Grenada,AMRO,0.0,24,0.0,0
2020-10-04,GD,Grenada,AMRO,0.0,24,0.0,0
2020-10-11,GD,Grenada,AMRO,0.0,24,0.0,0
2020-10-18,GD,Grenada,AMRO,3.0,27,0.0,0
2020-10-25,GD,Grenada,AMRO,1.0,28,0.0,0
2020-11-01,GD,Grenada,AMRO,0.0,28,0.0,0
2020-11-08,GD,Grenada,AMRO,2.0,30,0.0,0
2020-11-15,GD,Grenada,AMRO,2.0,32,0.0,0
2020-11-22,GD,Grenada,AMRO,9.0,41,0.0,0
2020-11-29,GD,Grenada,AMRO,0.0,41,0.0,0
2020-12-06,GD,Grenada,AMRO,0.0,41,0.0,0
2020-12-13,GD,Grenada,AMRO,2.0,43,0.0,0
2020-12-20,GD,Grenada,AMRO,51.0,94,0.0,0
2020-12-27,GD,Grenada,AMRO,22.0,116,0.0,0
2021-01-03,GD,Grenada,AMRO,13.0,129,0.0,0
2021-01-10,GD,Grenada,AMRO,6.0,135,1.0,1
2021-01-17,GD,Grenada,AMRO,4.0,139,0.0,1
2021-01-24,GD,Grenada,AMRO,8.0,147,0.0,1
2021-01-31,GD,Grenada,AMRO,1.0,148,0.0,1
2021-02-07,GD,Grenada,AMRO,0.0,148,0.0,1
2021-02-14,GD,Grenada,AMRO,0.0,148,0.0,1
2021-02-21,GD,Grenada,AMRO,0.0,148,0.0,1
2021-02-28,GD,Grenada,AMRO,0.0,148,0.0,1
2021-03-07,GD,Grenada,AMRO,3.0,151,0.0,1
2021-03-14,GD,Grenada,AMRO,0.0,151,0.0,1
2021-03-21,GD,Grenada,AMRO,3.0,154,0.0,1
2021-03-28,GD,Grenada,AMRO,1.0,155,0.0,1
2021-04-04,GD,Grenada,AMRO,0.0,155,0.0,1
2021-04-11,GD,Grenada,AMRO,2.0,157,0.0,1
2021-04-18,GD,Grenada,AMRO,2.0,159,0.0,1
2021-04-25,GD,Grenada,AMRO,0.0,159,0.0,1
2021-05-02,GD,Grenada,AMRO,2.0,161,0.0,1
2021-05-09,GD,Grenada,AMRO,0.0,161,0.0,1
2021-05-16,GD,Grenada,AMRO,0.0,161,0.0,1
2021-05-23,GD,Grenada,AMRO,0.0,161,0.0,1
2021-05-30,GD,Grenada,AMRO,0.0,161,0.0,1
2021-06-06,GD,Grenada,AMRO,0.0,161,0.0,1
2021-06-13,GD,Grenada,AMRO,0.0,161,0.0,1
2021-06-20,GD,Grenada,AMRO,0.0,161,0.0,1
2021-06-27,GD,Grenada,AMRO,1.0,162,0.0,1
2021-07-04,GD,Grenada,AMRO,0.0,162,0.0,1
2021-07-11,GD,Grenada,AMRO,0.0,162,0.0,1
2021-07-18,GD,Grenada,AMRO,1.0,163,0.0,1
2021-07-25,GD,Grenada,AMRO,2.0,165,0.0,1
2021-08-01,GD,Grenada,AMRO,4.0,169,0.0,1
2021-08-08,GD,Grenada,AMRO,3.0,172,0.0,1
2021-08-15,GD,Grenada,AMRO,13.0,185,0.0,1
2021-08-22,GD,Grenada,AMRO,27.0,212,0.0,1
2021-08-29,GD,Grenada,AMRO,84.0,296,0.0,1
2021-09-05,GD,Grenada,AMRO,802.0,1098,4.0,5
2021-09-12,GD,Grenada,AMRO,1065.0,2163,17.0,22
2021-09-19,GD,Grenada,AMRO,1327.0,3490,26.0,48
2021-09-26,GD,Grenada,AMRO,1276.0,4766,57.0,105
2021-10-03,GD,Grenada,AMRO,470.0,5236,45.0,150
2021-10-10,GD,Grenada,AMRO,355.0,5591,23.0,173
2021-10-17,GD,Grenada,AMRO,130.0,5721,19.0,192
2021-10-24,GD,Grenada,AMRO,88.0,5809,4.0,196
2021-10-31,GD,Grenada,AMRO,30.0,5839,2.0,198
2021-11-07,GD,Grenada,AMRO,18.0,5857,0.0,198
2021-11-14,GD,Grenada,AMRO,6.0,5863,2.0,200
2021-11-21,GD,Grenada,AMRO,3.0,5866,0.0,200
2021-11-28,GD,Grenada,AMRO,22.0,5888,0.0,200
2021-12-05,GD,Grenada,AMRO,19.0,5907,0.0,200
2021-12-12,GD,Grenada,AMRO,6.0,5913,0.0,200
2021-12-19,GD,Grenada,AMRO,6.0,5919,0.0,200
2021-12-26,GD,Grenada,AMRO,37.0,5956,0.0,200
2022-01-02,GD,Grenada,AMRO,343.0,6299,0.0,200
2022-01-09,GD,Grenada,AMRO,1370.0,7669,0.0,200
2022-01-16,GD,Grenada,AMRO,1866.0,9535,3.0,203
2022-01-23,GD,Grenada,AMRO,1655.0,11190,2.0,205
2022-01-30,GD,Grenada,AMRO,1056.0,12246,5.0,210
2022-02-06,GD,Grenada,AMRO,588.0,12834,1.0,211
2022-02-13,GD,Grenada,AMRO,408.0,13242,2.0,213
2022-02-20,GD,Grenada,AMRO,283.0,13525,1.0,214
2022-02-27,GD,Grenada,AMRO,154.0,13679,2.0,216
2022-03-06,GD,Grenada,AMRO,11.0,13690,0.0,216
2022-03-13,GD,Grenada,AMRO,0.0,13690,0.0,216
2022-03-20,GD,Grenada,AMRO,246.0,13936,1.0,217
2022-03-27,GD,Grenada,AMRO,46.0,13982,1.0,218
2022-04-03,GD,Grenada,AMRO,42.0,14024,0.0,218
2022-04-10,GD,Grenada,AMRO,0.0,14024,0.0,218
2022-04-17,GD,Grenada,AMRO,141.0,14165,1.0,219
2022-04-24,GD,Grenada,AMRO,263.0,14428,1.0,220
2022-05-01,GD,Grenada,AMRO,315.0,14743,0.0,220
2022-05-08,GD,Grenada,AMRO,740.0,15483,0.0,220
2022-05-15,GD,Grenada,AMRO,1029.0,16512,1.0,221
2022-05-22,GD,Grenada,AMRO,722.0,17234,2.0,223
2022-05-29,GD,Grenada,AMRO,428.0,17662,3.0,226
2022-06-05,GD,Grenada,AMRO,204.0,17866,4.0,230
2022-06-12,GD,Grenada,AMRO,169.0,18035,1.0,231
2022-06-19,GD,Grenada,AMRO,80.0,18115,0.0,231
2022-06-26,GD,Grenada,AMRO,155.0,18270,1.0,232
2022-07-03,GD,Grenada,AMRO,106.0,18376,0.0,232
2022-07-10,GD,Grenada,AMRO,184.0,18560,1.0,233
2022-07-17,GD,Grenada,AMRO,95.0,18655,0.0,233
2022-07-24,GD,Grenada,AMRO,65.0,18720,0.0,233
2022-07-31,GD,Grenada,AMRO,66.0,18786,1.0,234
2022-08-07,GD,Grenada,AMRO,36.0,18822,0.0,234
2022-08-14,GD,Grenada,AMRO,73.0,18895,0.0,234
2022-08-21,GD,Grenada,AMRO,266.0,19161,0.0,234
2022-08-28,GD,Grenada,AMRO,128.0,19289,2.0,236
2022-09-04,GD,Grenada,AMRO,57.0,19346,0.0,236
2022-09-11,GD,Grenada,AMRO,57.0,19403,0.0,236
2022-09-18,GD,Grenada,AMRO,70.0,19473,0.0,236
2022-09-25,GD,Grenada,AMRO,63.0,19536,1.0,237
2022-10-02,GD,Grenada,AMRO,0.0,19536,0.0,237
2022-10-09,GD,Grenada,AMRO,0.0,19536,0.0,237
2022-10-16,GD,Grenada,AMRO,38.0,19574,0.0,237
2022-10-23,GD,Grenada,AMRO,17.0,19591,0.0,237
2022-10-30,GD,Grenada,AMRO,0.0,19591,0.0,237
2022-11-06,GD,Grenada,AMRO,13.0,19604,0.0,237
2022-11-13,GD,Grenada,AMRO,9.0,19613,0.0,237
2022-11-20,GD,Grenada,AMRO,3.0,19616,0.0,237
2022-11-27,GD,Grenada,AMRO,0.0,19616,0.0,237
2022-12-04,GD,Grenada,AMRO,20.0,19636,0.0,237
2022-12-11,GD,Grenada,AMRO,8.0,19644,1.0,238
2022-12-18,GD,Grenada,AMRO,0.0,19644,0.0,238
2022-12-25,GD,Grenada,AMRO,16.0,19660,0.0,238
2023-01-01,GD,Grenada,AMRO,11.0,19671,0.0,238
2023-01-08,GD,Grenada,AMRO,9.0,19680,0.0,238
2023-01-15,GD,Grenada,AMRO,0.0,19680,0.0,238
2023-01-22,GD,Grenada,AMRO,0.0,19680,0.0,238
2023-01-29,GD,Grenada,AMRO,0.0,19680,0.0,238
2023-02-05,GD,Grenada,AMRO,0.0,19680,0.0,238
2023-02-12,GD,Grenada,AMRO,0.0,19680,0.0,238
2023-02-19,GD,Grenada,AMRO,0.0,19680,0.0,238
2023-02-26,GD,Grenada,AMRO,0.0,19680,0.0,238
2023-03-05,GD,Grenada,AMRO,0.0,19680,0.0,238
2023-03-12,GD,Grenada,AMRO,0.0,19680,0.0,238
2023-03-19,GD,Grenada,AMRO,0.0,19680,0.0,238
2023-03-26,GD,Grenada,AMRO,0.0,19680,0.0,238
2023-04-02,GD,Grenada,AMRO,3.0,19683,0.0,238
2023-04-09,GD,Grenada,AMRO,0.0,19683,0.0,238
2023-04-16,GD,Grenada,AMRO,0.0,19683,0.0,238
2023-04-23,GD,Grenada,AMRO,10.0,19693,0.0,238
2023-04-30,GD,Grenada,AMRO,0.0,19693,0.0,238
2023-05-07,GD,Grenada,AMRO,0.0,19693,0.0,238
2023-05-14,GD,Grenada,AMRO,0.0,19693,0.0,238
2023-05-21,GD,Grenada,AMRO,0.0,19693,0.0,238
2023-05-28,GD,Grenada,AMRO,0.0,19693,0.0,238
2023-06-04,GD,Grenada,AMRO,0.0,19693,0.0,238
2023-06-11,GD,Grenada,AMRO,0.0,19693,0.0,238
2023-06-18,GD,Grenada,AMRO,0.0,19693,0.0,238
2023-06-25,GD,Grenada,AMRO,0.0,19693,0.0,238
2023-07-02,GD,Grenada,AMRO,0.0,19693,0.0,238
2023-07-09,GD,Grenada,AMRO,0.0,19693,0.0,238
2023-07-16,GD,Grenada,AMRO,0.0,19693,0.0,238
2023-07-23,GD,Grenada,AMRO,0.0,19693,0.0,238
2023-07-30,GD,Grenada,AMRO,0.0,19693,0.0,238
2023-08-06,GD,Grenada,AMRO,0.0,19693,0.0,238
2023-08-13,GD,Grenada,AMRO,0.0,19693,0.0,238
2023-08-20,GD,Grenada,AMRO,0.0,19693,0.0,238
2023-08-27,GD,Grenada,AMRO,0.0,19693,0.0,238
2023-09-03,GD,Grenada,AMRO,0.0,19693,0.0,238
2023-09-10,GD,Grenada,AMRO,0.0,19693,0.0,238
2023-09-17,GD,Grenada,AMRO,0.0,19693,0.0,238
2023-09-24,GD,Grenada,AMRO,0.0,19693,0.0,238
2023-10-01,GD,Grenada,AMRO,0.0,19693,0.0,238
2023-10-08,GD,Grenada,AMRO,0.0,19693,0.0,238
2023-10-15,GD,Grenada,AMRO,0.0,19693,0.0,238
2023-10-22,GD,Grenada,AMRO,0.0,19693,0.0,238
2023-10-29,GD,Grenada,AMRO,0.0,19693,0.0,238
2023-11-05,GD,Grenada,AMRO,0.0,19693,0.0,238
2023-11-12,GD,Grenada,AMRO,0.0,19693,0.0,238
2023-11-19,GD,Grenada,AMRO,0.0,19693,0.0,238
2023-11-26,GD,Grenada,AMRO,0.0,19693,0.0,238
2023-12-03,GD,Grenada,AMRO,0.0,19693,0.0,238
2023-12-10,GD,Grenada,AMRO,0.0,19693,0.0,238
2023-12-17,GD,Grenada,AMRO,0.0,19693,0.0,238
2023-12-24,GD,Grenada,AMRO,0.0,19693,0.0,238
2023-12-31,GD,Grenada,AMRO,0.0,19693,0.0,238
2024-01-07,GD,Grenada,AMRO,0.0,19693,0.0,238
2024-01-14,GD,Grenada,AMRO,0.0,19693,0.0,238
2024-01-21,GD,Grenada,AMRO,0.0,19693,0.0,238
2024-01-28,GD,Grenada,AMRO,0.0,19693,0.0,238
2024-02-04,GD,Grenada,AMRO,0.0,19693,0.0,238
2024-02-11,GD,Grenada,AMRO,0.0,19693,0.0,238
2024-02-18,GD,Grenada,AMRO,0.0,19693,0.0,238
2024-02-25,GD,Grenada,AMRO,0.0,19693,0.0,238
2024-03-03,GD,Grenada,AMRO,0.0,19693,0.0,238
2024-03-10,GD,Grenada,AMRO,0.0,19693,0.0,238
2024-03-17,GD,Grenada,AMRO,0.0,19693,0.0,238
2024-03-24,GD,Grenada,AMRO,0.0,19693,0.0,238
2024-03-31,GD,Grenada,AMRO,0.0,19693,0.0,238
2024-04-07,GD,Grenada,AMRO,0.0,19693,0.0,238
2024-04-14,GD,Grenada,AMRO,0.0,19693,0.0,238
2024-04-21,GD,Grenada,AMRO,0.0,19693,0.0,238
2024-04-28,GD,Grenada,AMRO,0.0,19693,0.0,238
