Date_reported,Country_code,Country,WHO_region,New_cases,Cumulative_cases,New_deaths,Cumulative_deaths
2020-01-05,GL,Greenland,EURO,0.0,0,0.0,0
2020-01-12,GL,Greenland,EURO,0.0,0,0.0,0
2020-01-19,GL,Greenland,EURO,0.0,0,0.0,0
2020-01-26,GL,Greenland,EURO,0.0,0,0.0,0
2020-02-02,GL,Greenland,EURO,0.0,0,0.0,0
2020-02-09,GL,Greenland,EURO,0.0,0,0.0,0
2020-02-16,GL,Greenland,EURO,0.0,0,0.0,0
2020-02-23,GL,Greenland,EURO,0.0,0,0.0,0
2020-03-01,GL,Greenland,EURO,0.0,0,0.0,0
2020-03-08,GL,Greenland,EURO,0.0,0,0.0,0
2020-03-15,GL,Greenland,EURO,0.0,0,0.0,0
2020-03-22,GL,Greenland,EURO,2.0,2,0.0,0
2020-03-29,GL,Greenland,EURO,8.0,10,0.0,0
2020-04-05,GL,Greenland,EURO,0.0,10,0.0,0
2020-04-12,GL,Greenland,EURO,1.0,11,0.0,0
2020-04-19,GL,Greenland,EURO,0.0,11,0.0,0
2020-04-26,GL,Greenland,EURO,0.0,11,0.0,0
2020-05-03,GL,Greenland,EURO,0.0,11,0.0,0
2020-05-10,GL,Greenland,EURO,0.0,11,0.0,0
2020-05-17,GL,Greenland,EURO,0.0,11,0.0,0
2020-05-24,GL,Greenland,EURO,0.0,11,0.0,0
2020-05-31,GL,Greenland,EURO,2.0,13,0.0,0
2020-06-07,GL,Greenland,EURO,0.0,13,0.0,0
2020-06-14,GL,Greenland,EURO,0.0,13,0.0,0
2020-06-21,GL,Greenland,EURO,0.0,13,0.0,0
2020-06-28,GL,Greenland,EURO,0.0,13,0.0,0
2020-07-05,GL,Greenland,EURO,0.0,13,0.0,0
2020-07-12,GL,Greenland,EURO,0.0,13,0.0,0
2020-07-19,GL,Greenland,EURO,0.0,13,0.0,0
2020-07-26,GL,Greenland,EURO,0.0,13,0.0,0
2020-08-02,GL,Greenland,EURO,1.0,14,0.0,0
2020-08-09,GL,Greenland,EURO,0.0,14,0.0,0
2020-08-16,GL,Greenland,EURO,0.0,14,0.0,0
2020-08-23,GL,Greenland,EURO,0.0,14,0.0,0
2020-08-30,GL,Greenland,EURO,0.0,14,0.0,0
2020-09-06,GL,Greenland,EURO,0.0,14,0.0,0
2020-09-13,GL,Greenland,EURO,0.0,14,0.0,0
2020-09-20,GL,Greenland,EURO,0.0,14,0.0,0
2020-09-27,GL,Greenland,EURO,0.0,14,0.0,0
2020-10-04,GL,Greenland,EURO,0.0,14,0.0,0
2020-10-11,GL,Greenland,EURO,2.0,16,0.0,0
2020-10-18,GL,Greenland,EURO,0.0,16,0.0,0
2020-10-25,GL,Greenland,EURO,1.0,17,0.0,0
2020-11-01,GL,Greenland,EURO,0.0,17,0.0,0
2020-11-08,GL,Greenland,EURO,0.0,17,0.0,0
2020-11-15,GL,Greenland,EURO,0.0,17,0.0,0
2020-11-22,GL,Greenland,EURO,1.0,18,0.0,0
2020-11-29,GL,Greenland,EURO,0.0,18,0.0,0
2020-12-06,GL,Greenland,EURO,0.0,18,0.0,0
2020-12-13,GL,Greenland,EURO,1.0,19,0.0,0
2020-12-20,GL,Greenland,EURO,0.0,19,0.0,0
2020-12-27,GL,Greenland,EURO,7.0,26,0.0,0
2021-01-03,GL,Greenland,EURO,1.0,27,0.0,0
2021-01-10,GL,Greenland,EURO,2.0,29,0.0,0
2021-01-17,GL,Greenland,EURO,1.0,30,0.0,0
2021-01-24,GL,Greenland,EURO,0.0,30,0.0,0
2021-01-31,GL,Greenland,EURO,0.0,30,0.0,0
2021-02-07,GL,Greenland,EURO,0.0,30,0.0,0
2021-02-14,GL,Greenland,EURO,0.0,30,0.0,0
2021-02-21,GL,Greenland,EURO,0.0,30,0.0,0
2021-02-28,GL,Greenland,EURO,0.0,30,0.0,0
2021-03-07,GL,Greenland,EURO,1.0,31,0.0,0
2021-03-14,GL,Greenland,EURO,0.0,31,0.0,0
2021-03-21,GL,Greenland,EURO,0.0,31,0.0,0
2021-03-28,GL,Greenland,EURO,0.0,31,0.0,0
2021-04-04,GL,Greenland,EURO,0.0,31,0.0,0
2021-04-11,GL,Greenland,EURO,0.0,31,0.0,0
2021-04-18,GL,Greenland,EURO,0.0,31,0.0,0
2021-04-25,GL,Greenland,EURO,0.0,31,0.0,0
2021-05-02,GL,Greenland,EURO,0.0,31,0.0,0
2021-05-09,GL,Greenland,EURO,0.0,31,0.0,0
2021-05-16,GL,Greenland,EURO,0.0,31,0.0,0
2021-05-23,GL,Greenland,EURO,3.0,34,0.0,0
2021-05-30,GL,Greenland,EURO,6.0,40,0.0,0
2021-06-06,GL,Greenland,EURO,3.0,43,0.0,0
2021-06-13,GL,Greenland,EURO,1.0,44,0.0,0
2021-06-20,GL,Greenland,EURO,5.0,49,0.0,0
2021-06-27,GL,Greenland,EURO,1.0,50,0.0,0
2021-07-04,GL,Greenland,EURO,0.0,50,0.0,0
2021-07-11,GL,Greenland,EURO,2.0,52,0.0,0
2021-07-18,GL,Greenland,EURO,20.0,72,0.0,0
2021-07-25,GL,Greenland,EURO,20.0,92,0.0,0
2021-08-01,GL,Greenland,EURO,27.0,119,0.0,0
2021-08-08,GL,Greenland,EURO,49.0,168,0.0,0
2021-08-15,GL,Greenland,EURO,77.0,245,0.0,0
2021-08-22,GL,Greenland,EURO,53.0,298,0.0,0
2021-08-29,GL,Greenland,EURO,31.0,329,0.0,0
2021-09-05,GL,Greenland,EURO,20.0,349,0.0,0
2021-09-12,GL,Greenland,EURO,41.0,390,0.0,0
2021-09-19,GL,Greenland,EURO,74.0,464,0.0,0
2021-09-26,GL,Greenland,EURO,89.0,553,0.0,0
2021-10-03,GL,Greenland,EURO,31.0,584,0.0,0
2021-10-10,GL,Greenland,EURO,39.0,623,0.0,0
2021-10-17,GL,Greenland,EURO,31.0,654,0.0,0
2021-10-24,GL,Greenland,EURO,77.0,731,0.0,0
2021-10-31,GL,Greenland,EURO,68.0,799,0.0,0
2021-11-07,GL,Greenland,EURO,60.0,859,0.0,0
2021-11-14,GL,Greenland,EURO,131.0,990,0.0,0
2021-11-21,GL,Greenland,EURO,139.0,1129,0.0,0
2021-11-28,GL,Greenland,EURO,129.0,1258,0.0,0
2021-12-05,GL,Greenland,EURO,250.0,1508,0.0,0
2021-12-12,GL,Greenland,EURO,233.0,1741,0.0,0
2021-12-19,GL,Greenland,EURO,170.0,1911,0.0,0
2021-12-26,GL,Greenland,EURO,230.0,2141,1.0,1
2022-01-02,GL,Greenland,EURO,475.0,2616,0.0,1
2022-01-09,GL,Greenland,EURO,1883.0,4499,0.0,1
2022-01-16,GL,Greenland,EURO,3047.0,7546,1.0,2
2022-01-23,GL,Greenland,EURO,1939.0,9485,2.0,4
2022-01-30,GL,Greenland,EURO,1142.0,10627,1.0,5
2022-02-06,GL,Greenland,EURO,450.0,11077,1.0,6
2022-02-13,GL,Greenland,EURO,352.0,11429,1.0,7
2022-02-20,GL,Greenland,EURO,186.0,11615,5.0,12
2022-02-27,GL,Greenland,EURO,110.0,11725,6.0,18
2022-03-06,GL,Greenland,EURO,85.0,11810,2.0,20
2022-03-13,GL,Greenland,EURO,69.0,11879,0.0,20
2022-03-20,GL,Greenland,EURO,57.0,11936,0.0,20
2022-03-27,GL,Greenland,EURO,35.0,11971,1.0,21
2022-04-03,GL,Greenland,EURO,0.0,11971,0.0,21
2022-04-10,GL,Greenland,EURO,0.0,11971,0.0,21
2022-04-17,GL,Greenland,EURO,0.0,11971,0.0,21
2022-04-24,GL,Greenland,EURO,0.0,11971,0.0,21
2022-05-01,GL,Greenland,EURO,0.0,11971,0.0,21
2022-05-08,GL,Greenland,EURO,0.0,11971,0.0,21
2022-05-15,GL,Greenland,EURO,0.0,11971,0.0,21
2022-05-22,GL,Greenland,EURO,0.0,11971,0.0,21
2022-05-29,GL,Greenland,EURO,0.0,11971,0.0,21
2022-06-05,GL,Greenland,EURO,0.0,11971,0.0,21
2022-06-12,GL,Greenland,EURO,0.0,11971,0.0,21
2022-06-19,GL,Greenland,EURO,0.0,11971,0.0,21
2022-06-26,GL,Greenland,EURO,0.0,11971,0.0,21
2022-07-03,GL,Greenland,EURO,0.0,11971,0.0,21
2022-07-10,GL,Greenland,EURO,0.0,11971,0.0,21
2022-07-17,GL,Greenland,EURO,0.0,11971,0.0,21
2022-07-24,GL,Greenland,EURO,0.0,11971,0.0,21
2022-07-31,GL,Greenland,EURO,0.0,11971,0.0,21
2022-08-07,GL,Greenland,EURO,0.0,11971,0.0,21
2022-08-14,GL,Greenland,EURO,0.0,11971,0.0,21
2022-08-21,GL,Greenland,EURO,0.0,11971,0.0,21
2022-08-28,GL,Greenland,EURO,0.0,11971,0.0,21
2022-09-04,GL,Greenland,EURO,0.0,11971,0.0,21
2022-09-11,GL,Greenland,EURO,0.0,11971,0.0,21
2022-09-18,GL,Greenland,EURO,0.0,11971,0.0,21
2022-09-25,GL,Greenland,EURO,0.0,11971,0.0,21
2022-10-02,GL,Greenland,EURO,0.0,11971,0.0,21
2022-10-09,GL,Greenland,EURO,0.0,11971,0.0,21
2022-10-16,GL,Greenland,EURO,0.0,11971,0.0,21
2022-10-23,GL,Greenland,EURO,0.0,11971,0.0,21
2022-10-30,GL,Greenland,EURO,0.0,11971,0.0,21
2022-11-06,GL,Greenland,EURO,0.0,11971,0.0,21
2022-11-13,GL,Greenland,EURO,0.0,11971,0.0,21
2022-11-20,GL,Greenland,EURO,0.0,11971,0.0,21
2022-11-27,GL,Greenland,EURO,0.0,11971,0.0,21
2022-12-04,GL,Greenland,EURO,0.0,11971,0.0,21
2022-12-11,GL,Greenland,EURO,0.0,11971,0.0,21
2022-12-18,GL,Greenland,EURO,0.0,11971,0.0,21
2022-12-25,GL,Greenland,EURO,0.0,11971,0.0,21
2023-01-01,GL,Greenland,EURO,0.0,11971,0.0,21
2023-01-08,GL,Greenland,EURO,0.0,11971,0.0,21
2023-01-15,GL,Greenland,EURO,0.0,11971,0.0,21
2023-01-22,GL,Greenland,EURO,0.0,11971,0.0,21
2023-01-29,GL,Greenland,EURO,0.0,11971,0.0,21
2023-02-05,GL,Greenland,EURO,0.0,11971,0.0,21
2023-02-12,GL,Greenland,EURO,0.0,11971,0.0,21
2023-02-19,GL,Greenland,EURO,0.0,11971,0.0,21
2023-02-26,GL,Greenland,EURO,0.0,11971,0.0,21
2023-03-05,GL,Greenland,EURO,0.0,11971,0.0,21
2023-03-12,GL,Greenland,EURO,0.0,11971,0.0,21
2023-03-19,GL,Greenland,EURO,0.0,11971,0.0,21
2023-03-26,GL,Greenland,EURO,0.0,11971,0.0,21
2023-04-02,GL,Greenland,EURO,0.0,11971,0.0,21
2023-04-09,GL,Greenland,EURO,0.0,11971,0.0,21
2023-04-16,GL,Greenland,EURO,0.0,11971,0.0,21
2023-04-23,GL,Greenland,EURO,0.0,11971,0.0,21
2023-04-30,GL,Greenland,EURO,0.0,11971,0.0,21
2023-05-07,GL,Greenland,EURO,0.0,11971,0.0,21
2023-05-14,GL,Greenland,EURO,0.0,11971,0.0,21
2023-05-21,GL,Greenland,EURO,0.0,11971,0.0,21
2023-05-28,GL,Greenland,EURO,0.0,11971,0.0,21
2023-06-04,GL,Greenland,EURO,0.0,11971,0.0,21
2023-06-11,GL,Greenland,EURO,0.0,11971,0.0,21
2023-06-18,GL,Greenland,EURO,0.0,11971,0.0,21
2023-06-25,GL,Greenland,EURO,0.0,11971,0.0,21
2023-07-02,GL,Greenland,EURO,0.0,11971,0.0,21
2023-07-09,GL,Greenland,EURO,0.0,11971,0.0,21
2023-07-16,GL,Greenland,EURO,0.0,11971,0.0,21
2023-07-23,GL,Greenland,EURO,0.0,11971,0.0,21
2023-07-30,GL,Greenland,EURO,0.0,11971,0.0,21
2023-08-06,GL,Greenland,EURO,0.0,11971,0.0,21
2023-08-13,GL,Greenland,EURO,0.0,11971,0.0,21
2023-08-20,GL,Greenland,EURO,0.0,11971,0.0,21
2023-08-27,GL,Greenland,EURO,0.0,11971,0.0,21
2023-09-03,GL,Greenland,EURO,0.0,11971,0.0,21
2023-09-10,GL,Greenland,EURO,0.0,11971,0.0,21
2023-09-17,GL,Greenland,EURO,0.0,11971,0.0,21
2023-09-24,GL,Greenland,EURO,0.0,11971,0.0,21
2023-10-01,GL,Greenland,EURO,0.0,11971,0.0,21
2023-10-08,GL,Greenland,EURO,0.0,11971,0.0,21
2023-10-15,GL,Greenland,EURO,0.0,11971,0.0,21
2023-10-22,GL,Greenland,EURO,0.0,11971,0.0,21
2023-10-29,GL,Greenland,EURO,0.0,11971,0.0,21
2023-11-05,GL,Greenland,EURO,0.0,11971,0.0,21
2023-11-12,GL,Greenland,EURO,0.0,11971,0.0,21
2023-11-19,GL,Greenland,EURO,0.0,11971,0.0,21
2023-11-26,GL,Greenland,EURO,0.0,11971,0.0,21
2023-12-03,GL,Greenland,EURO,0.0,11971,0.0,21
2023-12-10,GL,Greenland,EURO,0.0,11971,0.0,21
2023-12-17,GL,Greenland,EURO,0.0,11971,0.0,21
2023-12-24,GL,Greenland,EURO,0.0,11971,0.0,21
2023-12-31,GL,Greenland,EURO,0.0,11971,0.0,21
2024-01-07,GL,Greenland,EURO,0.0,11971,0.0,21
2024-01-14,GL,Greenland,EURO,0.0,11971,0.0,21
2024-01-21,GL,Greenland,EURO,0.0,11971,0.0,21
2024-01-28,GL,Greenland,EURO,0.0,11971,0.0,21
2024-02-04,GL,Greenland,EURO,0.0,11971,0.0,21
2024-02-11,GL,Greenland,EURO,0.0,11971,0.0,21
2024-02-18,GL,Greenland,EURO,0.0,11971,0.0,21
2024-02-25,GL,Greenland,EURO,0.0,11971,0.0,21
2024-03-03,GL,Greenland,EURO,0.0,11971,0.0,21
2024-03-10,GL,Greenland,EURO,0.0,11971,0.0,21
2024-03-17,GL,Greenland,EURO,0.0,11971,0.0,21
2024-03-24,GL,Greenland,EURO,0.0,11971,0.0,21
2024-03-31,GL,Greenland,EURO,0.0,11971,0.0,21
2024-04-07,GL,Greenland,EURO,0.0,11971,0.0,21
2024-04-14,GL,Greenland,EURO,0.0,11971,0.0,21
2024-04-21,GL,Greenland,EURO,0.0,11971,0.0,21
2024-04-28,GL,Greenland,EURO,0.0,11971,0.0,21
