Date_reported,Country_code,Country,WHO_region,New_cases,Cumulative_cases,New_deaths,Cumulative_deaths
2020-01-05,GQ,Equatorial Guinea,AFRO,0.0,0,0.0,0
2020-01-12,GQ,Equatorial Guinea,AFRO,0.0,0,0.0,0
2020-01-19,GQ,Equatorial Guinea,AFRO,0.0,0,0.0,0
2020-01-26,GQ,Equatorial Guinea,AFRO,0.0,0,0.0,0
2020-02-02,GQ,Equatorial Guinea,AFRO,0.0,0,0.0,0
2020-02-09,GQ,Equatorial Guinea,AFRO,0.0,0,0.0,0
2020-02-16,GQ,Equatorial Guinea,AFRO,0.0,0,0.0,0
2020-02-23,GQ,Equatorial Guinea,AFRO,0.0,0,0.0,0
2020-03-01,GQ,Equatorial Guinea,AFRO,0.0,0,0.0,0
2020-03-08,GQ,Equatorial Guinea,AFRO,0.0,0,0.0,0
2020-03-15,GQ,Equatorial Guinea,AFRO,1.0,1,0.0,0
2020-03-22,GQ,Equatorial Guinea,AFRO,5.0,6,0.0,0
2020-03-29,GQ,Equatorial Guinea,AFRO,7.0,13,0.0,0
2020-04-05,GQ,Equatorial Guinea,AFRO,3.0,16,0.0,0
2020-04-12,GQ,Equatorial Guinea,AFRO,5.0,21,0.0,0
2020-04-19,GQ,Equatorial Guinea,AFRO,58.0,79,0.0,0
2020-04-26,GQ,Equatorial Guinea,AFRO,206.0,285,1.0,1
2020-05-03,GQ,Equatorial Guinea,AFRO,220.0,505,3.0,4
2020-05-10,GQ,Equatorial Guinea,AFRO,183.0,688,3.0,7
2020-05-17,GQ,Equatorial Guinea,AFRO,239.0,927,0.0,7
2020-05-24,GQ,Equatorial Guinea,AFRO,386.0,1313,5.0,12
2020-05-31,GQ,Equatorial Guinea,AFRO,415.0,1728,0.0,12
2020-06-07,GQ,Equatorial Guinea,AFRO,460.0,2188,0.0,12
2020-06-14,GQ,Equatorial Guinea,AFRO,306.0,2494,0.0,12
2020-06-21,GQ,Equatorial Guinea,AFRO,298.0,2792,29.0,41
2020-06-28,GQ,Equatorial Guinea,AFRO,683.0,3475,0.0,41
2020-07-05,GQ,Equatorial Guinea,AFRO,446.0,3921,0.0,41
2020-07-12,GQ,Equatorial Guinea,AFRO,316.0,4237,0.0,41
2020-07-19,GQ,Equatorial Guinea,AFRO,398.0,4635,0.0,41
2020-07-26,GQ,Equatorial Guinea,AFRO,143.0,4778,0.0,41
2020-08-02,GQ,Equatorial Guinea,AFRO,43.0,4821,42.0,83
2020-08-09,GQ,Equatorial Guinea,AFRO,0.0,4821,0.0,83
2020-08-16,GQ,Equatorial Guinea,AFRO,0.0,4821,0.0,83
2020-08-23,GQ,Equatorial Guinea,AFRO,105.0,4926,0.0,83
2020-08-30,GQ,Equatorial Guinea,AFRO,15.0,4941,0.0,83
2020-09-06,GQ,Equatorial Guinea,AFRO,31.0,4972,0.0,83
2020-09-13,GQ,Equatorial Guinea,AFRO,24.0,4996,0.0,83
2020-09-20,GQ,Equatorial Guinea,AFRO,6.0,5002,0.0,83
2020-09-27,GQ,Equatorial Guinea,AFRO,26.0,5028,0.0,83
2020-10-04,GQ,Equatorial Guinea,AFRO,17.0,5045,0.0,83
2020-10-11,GQ,Equatorial Guinea,AFRO,21.0,5066,0.0,83
2020-10-18,GQ,Equatorial Guinea,AFRO,4.0,5070,0.0,83
2020-10-25,GQ,Equatorial Guinea,AFRO,9.0,5079,0.0,83
2020-11-01,GQ,Equatorial Guinea,AFRO,9.0,5088,0.0,83
2020-11-08,GQ,Equatorial Guinea,AFRO,4.0,5092,2.0,85
2020-11-15,GQ,Equatorial Guinea,AFRO,12.0,5104,0.0,85
2020-11-22,GQ,Equatorial Guinea,AFRO,26.0,5130,0.0,85
2020-11-29,GQ,Equatorial Guinea,AFRO,23.0,5153,0.0,85
2020-12-06,GQ,Equatorial Guinea,AFRO,13.0,5166,0.0,85
2020-12-13,GQ,Equatorial Guinea,AFRO,19.0,5185,0.0,85
2020-12-20,GQ,Equatorial Guinea,AFRO,29.0,5214,0.0,85
2020-12-27,GQ,Equatorial Guinea,AFRO,22.0,5236,1.0,86
2021-01-03,GQ,Equatorial Guinea,AFRO,43.0,5279,0.0,86
2021-01-10,GQ,Equatorial Guinea,AFRO,17.0,5296,0.0,86
2021-01-17,GQ,Equatorial Guinea,AFRO,69.0,5365,0.0,86
2021-01-24,GQ,Equatorial Guinea,AFRO,89.0,5454,0.0,86
2021-01-31,GQ,Equatorial Guinea,AFRO,80.0,5534,0.0,86
2021-02-07,GQ,Equatorial Guinea,AFRO,80.0,5614,1.0,87
2021-02-14,GQ,Equatorial Guinea,AFRO,80.0,5694,0.0,87
2021-02-21,GQ,Equatorial Guinea,AFRO,104.0,5798,2.0,89
2021-02-28,GQ,Equatorial Guinea,AFRO,297.0,6095,3.0,92
2021-03-07,GQ,Equatorial Guinea,AFRO,276.0,6371,4.0,96
2021-03-14,GQ,Equatorial Guinea,AFRO,191.0,6562,2.0,98
2021-03-21,GQ,Equatorial Guinea,AFRO,174.0,6736,3.0,101
2021-03-28,GQ,Equatorial Guinea,AFRO,178.0,6914,1.0,102
2021-04-04,GQ,Equatorial Guinea,AFRO,145.0,7059,2.0,104
2021-04-11,GQ,Equatorial Guinea,AFRO,160.0,7219,2.0,106
2021-04-18,GQ,Equatorial Guinea,AFRO,40.0,7259,0.0,106
2021-04-25,GQ,Equatorial Guinea,AFRO,300.0,7559,1.0,107
2021-05-02,GQ,Equatorial Guinea,AFRO,135.0,7694,5.0,112
2021-05-09,GQ,Equatorial Guinea,AFRO,0.0,7694,0.0,112
2021-05-16,GQ,Equatorial Guinea,AFRO,0.0,7694,0.0,112
2021-05-23,GQ,Equatorial Guinea,AFRO,782.0,8476,1.0,113
2021-05-30,GQ,Equatorial Guinea,AFRO,53.0,8529,5.0,118
2021-06-06,GQ,Equatorial Guinea,AFRO,97.0,8626,0.0,118
2021-06-13,GQ,Equatorial Guinea,AFRO,36.0,8662,2.0,120
2021-06-20,GQ,Equatorial Guinea,AFRO,46.0,8708,0.0,120
2021-06-27,GQ,Equatorial Guinea,AFRO,15.0,8723,1.0,121
2021-07-04,GQ,Equatorial Guinea,AFRO,36.0,8759,1.0,122
2021-07-11,GQ,Equatorial Guinea,AFRO,56.0,8815,0.0,122
2021-07-18,GQ,Equatorial Guinea,AFRO,33.0,8848,1.0,123
2021-07-25,GQ,Equatorial Guinea,AFRO,32.0,8880,0.0,123
2021-08-01,GQ,Equatorial Guinea,AFRO,31.0,8911,0.0,123
2021-08-08,GQ,Equatorial Guinea,AFRO,40.0,8951,0.0,123
2021-08-15,GQ,Equatorial Guinea,AFRO,21.0,8972,0.0,123
2021-08-22,GQ,Equatorial Guinea,AFRO,124.0,9096,0.0,123
2021-08-29,GQ,Equatorial Guinea,AFRO,230.0,9326,1.0,124
2021-09-05,GQ,Equatorial Guinea,AFRO,613.0,9939,5.0,129
2021-09-12,GQ,Equatorial Guinea,AFRO,559.0,10498,2.0,131
2021-09-19,GQ,Equatorial Guinea,AFRO,565.0,11063,6.0,137
2021-09-26,GQ,Equatorial Guinea,AFRO,743.0,11806,5.0,142
2021-10-03,GQ,Equatorial Guinea,AFRO,726.0,12532,8.0,150
2021-10-10,GQ,Equatorial Guinea,AFRO,254.0,12786,5.0,155
2021-10-17,GQ,Equatorial Guinea,AFRO,234.0,13020,6.0,161
2021-10-24,GQ,Equatorial Guinea,AFRO,146.0,13166,2.0,163
2021-10-31,GQ,Equatorial Guinea,AFRO,211.0,13377,4.0,167
2021-11-07,GQ,Equatorial Guinea,AFRO,30.0,13407,1.0,168
2021-11-14,GQ,Equatorial Guinea,AFRO,52.0,13459,0.0,168
2021-11-21,GQ,Equatorial Guinea,AFRO,79.0,13538,2.0,170
2021-11-28,GQ,Equatorial Guinea,AFRO,41.0,13579,3.0,173
2021-12-05,GQ,Equatorial Guinea,AFRO,20.0,13599,2.0,175
2021-12-12,GQ,Equatorial Guinea,AFRO,13.0,13612,0.0,175
2021-12-19,GQ,Equatorial Guinea,AFRO,6.0,13618,0.0,175
2021-12-26,GQ,Equatorial Guinea,AFRO,12.0,13630,0.0,175
2022-01-02,GQ,Equatorial Guinea,AFRO,80.0,13710,0.0,175
2022-01-09,GQ,Equatorial Guinea,AFRO,1161.0,14871,2.0,177
2022-01-16,GQ,Equatorial Guinea,AFRO,621.0,15492,1.0,178
2022-01-23,GQ,Equatorial Guinea,AFRO,240.0,15732,3.0,181
2022-01-30,GQ,Equatorial Guinea,AFRO,70.0,15802,1.0,182
2022-02-06,GQ,Equatorial Guinea,AFRO,43.0,15845,0.0,182
2022-02-13,GQ,Equatorial Guinea,AFRO,8.0,15853,0.0,182
2022-02-20,GQ,Equatorial Guinea,AFRO,21.0,15874,0.0,182
2022-02-27,GQ,Equatorial Guinea,AFRO,10.0,15884,0.0,182
2022-03-06,GQ,Equatorial Guinea,AFRO,10.0,15894,1.0,183
2022-03-13,GQ,Equatorial Guinea,AFRO,4.0,15898,0.0,183
2022-03-20,GQ,Equatorial Guinea,AFRO,-98.0,15800,0.0,183
2022-03-27,GQ,Equatorial Guinea,AFRO,103.0,15903,0.0,183
2022-04-03,GQ,Equatorial Guinea,AFRO,1.0,15904,0.0,183
2022-04-10,GQ,Equatorial Guinea,AFRO,0.0,15904,0.0,183
2022-04-17,GQ,Equatorial Guinea,AFRO,3.0,15907,0.0,183
2022-04-24,GQ,Equatorial Guinea,AFRO,0.0,15907,0.0,183
2022-05-01,GQ,Equatorial Guinea,AFRO,0.0,15907,0.0,183
2022-05-08,GQ,Equatorial Guinea,AFRO,3.0,15910,0.0,183
2022-05-15,GQ,Equatorial Guinea,AFRO,0.0,15910,0.0,183
2022-05-22,GQ,Equatorial Guinea,AFRO,0.0,15910,0.0,183
2022-05-29,GQ,Equatorial Guinea,AFRO,11.0,15921,0.0,183
2022-06-05,GQ,Equatorial Guinea,AFRO,3.0,15924,0.0,183
2022-06-12,GQ,Equatorial Guinea,AFRO,21.0,15945,0.0,183
2022-06-19,GQ,Equatorial Guinea,AFRO,6.0,15951,0.0,183
2022-06-26,GQ,Equatorial Guinea,AFRO,44.0,15995,0.0,183
2022-07-03,GQ,Equatorial Guinea,AFRO,119.0,16114,0.0,183
2022-07-10,GQ,Equatorial Guinea,AFRO,353.0,16467,0.0,183
2022-07-17,GQ,Equatorial Guinea,AFRO,154.0,16621,0.0,183
2022-07-24,GQ,Equatorial Guinea,AFRO,33.0,16654,0.0,183
2022-07-31,GQ,Equatorial Guinea,AFRO,87.0,16741,0.0,183
2022-08-07,GQ,Equatorial Guinea,AFRO,44.0,16785,0.0,183
2022-08-14,GQ,Equatorial Guinea,AFRO,16.0,16801,0.0,183
2022-08-21,GQ,Equatorial Guinea,AFRO,39.0,16840,0.0,183
2022-08-28,GQ,Equatorial Guinea,AFRO,13.0,16853,0.0,183
2022-09-04,GQ,Equatorial Guinea,AFRO,7.0,16860,0.0,183
2022-09-11,GQ,Equatorial Guinea,AFRO,13.0,16873,0.0,183
2022-09-18,GQ,Equatorial Guinea,AFRO,24.0,16897,0.0,183
2022-09-25,GQ,Equatorial Guinea,AFRO,16.0,16913,0.0,183
2022-10-02,GQ,Equatorial Guinea,AFRO,6.0,16919,0.0,183
2022-10-09,GQ,Equatorial Guinea,AFRO,30.0,16949,0.0,183
2022-10-16,GQ,Equatorial Guinea,AFRO,71.0,17020,0.0,183
2022-10-23,GQ,Equatorial Guinea,AFRO,36.0,17056,0.0,183
2022-10-30,GQ,Equatorial Guinea,AFRO,20.0,17076,0.0,183
2022-11-06,GQ,Equatorial Guinea,AFRO,5.0,17081,0.0,183
2022-11-13,GQ,Equatorial Guinea,AFRO,4.0,17085,0.0,183
2022-11-20,GQ,Equatorial Guinea,AFRO,0.0,17085,0.0,183
2022-11-27,GQ,Equatorial Guinea,AFRO,1.0,17086,0.0,183
2022-12-04,GQ,Equatorial Guinea,AFRO,1.0,17087,0.0,183
2022-12-11,GQ,Equatorial Guinea,AFRO,1.0,17088,0.0,183
2022-12-18,GQ,Equatorial Guinea,AFRO,1.0,17089,0.0,183
2022-12-25,GQ,Equatorial Guinea,AFRO,0.0,17089,0.0,183
2023-01-01,GQ,Equatorial Guinea,AFRO,0.0,17089,0.0,183
2023-01-08,GQ,Equatorial Guinea,AFRO,0.0,17089,0.0,183
2023-01-15,GQ,Equatorial Guinea,AFRO,0.0,17089,0.0,183
2023-01-22,GQ,Equatorial Guinea,AFRO,0.0,17089,0.0,183
2023-01-29,GQ,Equatorial Guinea,AFRO,4.0,17093,0.0,183
2023-02-05,GQ,Equatorial Guinea,AFRO,20.0,17113,0.0,183
2023-02-12,GQ,Equatorial Guinea,AFRO,2.0,17115,0.0,183
2023-02-19,GQ,Equatorial Guinea,AFRO,15.0,17130,0.0,183
2023-02-26,GQ,Equatorial Guinea,AFRO,0.0,17130,0.0,183
2023-03-05,GQ,Equatorial Guinea,AFRO,0.0,17130,0.0,183
2023-03-12,GQ,Equatorial Guinea,AFRO,0.0,17130,0.0,183
2023-03-19,GQ,Equatorial Guinea,AFRO,0.0,17130,0.0,183
2023-03-26,GQ,Equatorial Guinea,AFRO,0.0,17130,0.0,183
2023-04-02,GQ,Equatorial Guinea,AFRO,0.0,17130,0.0,183
2023-04-09,GQ,Equatorial Guinea,AFRO,0.0,17130,0.0,183
2023-04-16,GQ,Equatorial Guinea,AFRO,0.0,17130,0.0,183
2023-04-23,GQ,Equatorial Guinea,AFRO,0.0,17130,0.0,183
2023-04-30,GQ,Equatorial Guinea,AFRO,0.0,17130,0.0,183
2023-05-07,GQ,Equatorial Guinea,AFRO,0.0,17130,0.0,183
2023-05-14,GQ,Equatorial Guinea,AFRO,0.0,17130,0.0,183
2023-05-21,GQ,Equatorial Guinea,AFRO,0.0,17130,0.0,183
2023-05-28,GQ,Equatorial Guinea,AFRO,0.0,17130,0.0,183
2023-06-04,GQ,Equatorial Guinea,AFRO,0.0,17130,0.0,183
2023-06-11,GQ,Equatorial Guinea,AFRO,0.0,17130,0.0,183
2023-06-18,GQ,Equatorial Guinea,AFRO,0.0,17130,0.0,183
2023-06-25,GQ,Equatorial Guinea,AFRO,0.0,17130,0.0,183
2023-07-02,GQ,Equatorial Guinea,AFRO,0.0,17130,0.0,183
2023-07-09,GQ,Equatorial Guinea,AFRO,0.0,17130,0.0,183
2023-07-16,GQ,Equatorial Guinea,AFRO,0.0,17130,0.0,183
2023-07-23,GQ,Equatorial Guinea,AFRO,0.0,17130,0.0,183
2023-07-30,GQ,Equatorial Guinea,AFRO,0.0,17130,0.0,183
2023-08-06,GQ,Equatorial Guinea,AFRO,0.0,17130,0.0,183
2023-08-13,GQ,Equatorial Guinea,AFRO,0.0,17130,0.0,183
2023-08-20,GQ,Equatorial Guinea,AFRO,0.0,17130,0.0,183
2023-08-27,GQ,Equatorial Guinea,AFRO,0.0,17130,0.0,183
2023-09-03,GQ,Equatorial Guinea,AFRO,0.0,17130,0.0,183
2023-09-10,GQ,Equatorial Guinea,AFRO,0.0,17130,0.0,183
2023-09-17,GQ,Equatorial Guinea,AFRO,0.0,17130,0.0,183
2023-09-24,GQ,Equatorial Guinea,AFRO,0.0,17130,0.0,183
2023-10-01,GQ,Equatorial Guinea,AFRO,0.0,17130,0.0,183
2023-10-08,GQ,Equatorial Guinea,AFRO,0.0,17130,0.0,183
2023-10-15,GQ,Equatorial Guinea,AFRO,0.0,17130,0.0,183
2023-10-22,GQ,Equatorial Guinea,AFRO,0.0,17130,0.0,183
2023-10-29,GQ,Equatorial Guinea,AFRO,0.0,17130,0.0,183
2023-11-05,GQ,Equatorial Guinea,AFRO,0.0,17130,0.0,183
2023-11-12,GQ,Equatorial Guinea,AFRO,0.0,17130,0.0,183
2023-11-19,GQ,Equatorial Guinea,AFRO,0.0,17130,0.0,183
2023-11-26,GQ,Equatorial Guinea,AFRO,0.0,17130,0.0,183
2023-12-03,GQ,Equatorial Guinea,AFRO,0.0,17130,0.0,183
2023-12-10,GQ,Equatorial Guinea,AFRO,0.0,17130,0.0,183
2023-12-17,GQ,Equatorial Guinea,AFRO,0.0,17130,0.0,183
2023-12-24,GQ,Equatorial Guinea,AFRO,0.0,17130,0.0,183
2023-12-31,GQ,Equatorial Guinea,AFRO,0.0,17130,0.0,183
2024-01-07,GQ,Equatorial Guinea,AFRO,0.0,17130,0.0,183
2024-01-14,GQ,Equatorial Guinea,AFRO,0.0,17130,0.0,183
2024-01-21,GQ,Equatorial Guinea,AFRO,0.0,17130,0.0,183
2024-01-28,GQ,Equatorial Guinea,AFRO,0.0,17130,0.0,183
2024-02-04,GQ,Equatorial Guinea,AFRO,0.0,17130,0.0,183
2024-02-11,GQ,Equatorial Guinea,AFRO,0.0,17130,0.0,183
2024-02-18,GQ,Equatorial Guinea,AFRO,0.0,17130,0.0,183
2024-02-25,GQ,Equatorial Guinea,AFRO,0.0,17130,0.0,183
2024-03-03,GQ,Equatorial Guinea,AFRO,0.0,17130,0.0,183
2024-03-10,GQ,Equatorial Guinea,AFRO,0.0,17130,0.0,183
2024-03-17,GQ,Equatorial Guinea,AFRO,0.0,17130,0.0,183
2024-03-24,GQ,Equatorial Guinea,AFRO,0.0,17130,0.0,183
2024-03-31,GQ,Equatorial Guinea,AFRO,0.0,17130,0.0,183
2024-04-07,GQ,Equatorial Guinea,AFRO,0.0,17130,0.0,183
2024-04-14,GQ,Equatorial Guinea,AFRO,0.0,17130,0.0,183
2024-04-21,GQ,Equatorial Guinea,AFRO,0.0,17130,0.0,183
2024-04-28,GQ,Equatorial Guinea,AFRO,0.0,17130,0.0,183
