Date_reported,Country_code,Country,WHO_region,New_cases,Cumulative_cases,New_deaths,Cumulative_deaths
2020-01-05,GY,Guyana,AMRO,0.0,0,0.0,0
2020-01-12,GY,Guyana,AMRO,0.0,0,0.0,0
2020-01-19,GY,Guyana,AMRO,0.0,0,0.0,0
2020-01-26,GY,Guyana,AMRO,0.0,0,0.0,0
2020-02-02,GY,Guyana,AMRO,0.0,0,0.0,0
2020-02-09,GY,Guyana,AMRO,0.0,0,0.0,0
2020-02-16,GY,Guyana,AMRO,0.0,0,0.0,0
2020-02-23,GY,Guyana,AMRO,0.0,0,0.0,0
2020-03-01,GY,Guyana,AMRO,0.0,0,0.0,0
2020-03-08,GY,Guyana,AMRO,0.0,0,0.0,0
2020-03-15,GY,Guyana,AMRO,1.0,1,1.0,1
2020-03-22,GY,Guyana,AMRO,4.0,5,0.0,1
2020-03-29,GY,Guyana,AMRO,0.0,5,0.0,1
2020-04-05,GY,Guyana,AMRO,18.0,23,3.0,4
2020-04-12,GY,Guyana,AMRO,14.0,37,2.0,6
2020-04-19,GY,Guyana,AMRO,26.0,63,0.0,6
2020-04-26,GY,Guyana,AMRO,10.0,73,1.0,7
2020-05-03,GY,Guyana,AMRO,9.0,82,2.0,9
2020-05-10,GY,Guyana,AMRO,11.0,93,1.0,10
2020-05-17,GY,Guyana,AMRO,23.0,116,0.0,10
2020-05-24,GY,Guyana,AMRO,11.0,127,0.0,10
2020-05-31,GY,Guyana,AMRO,23.0,150,1.0,11
2020-06-07,GY,Guyana,AMRO,3.0,153,1.0,12
2020-06-14,GY,Guyana,AMRO,6.0,159,0.0,12
2020-06-21,GY,Guyana,AMRO,24.0,183,0.0,12
2020-06-28,GY,Guyana,AMRO,47.0,230,0.0,12
2020-07-05,GY,Guyana,AMRO,26.0,256,2.0,14
2020-07-12,GY,Guyana,AMRO,34.0,290,2.0,16
2020-07-19,GY,Guyana,AMRO,30.0,320,3.0,19
2020-07-26,GY,Guyana,AMRO,32.0,352,1.0,20
2020-08-02,GY,Guyana,AMRO,61.0,413,0.0,20
2020-08-09,GY,Guyana,AMRO,125.0,538,2.0,22
2020-08-16,GY,Guyana,AMRO,111.0,649,0.0,22
2020-08-23,GY,Guyana,AMRO,232.0,881,8.0,30
2020-08-30,GY,Guyana,AMRO,299.0,1180,5.0,35
2020-09-06,GY,Guyana,AMRO,236.0,1416,9.0,44
2020-09-13,GY,Guyana,AMRO,347.0,1763,8.0,52
2020-09-20,GY,Guyana,AMRO,339.0,2102,10.0,62
2020-09-27,GY,Guyana,AMRO,607.0,2709,11.0,73
2020-10-04,GY,Guyana,AMRO,259.0,2968,12.0,85
2020-10-11,GY,Guyana,AMRO,390.0,3358,15.0,100
2020-10-18,GY,Guyana,AMRO,314.0,3672,7.0,107
2020-10-25,GY,Guyana,AMRO,288.0,3960,10.0,117
2020-11-01,GY,Guyana,AMRO,183.0,4143,7.0,124
2020-11-08,GY,Guyana,AMRO,314.0,4457,9.0,133
2020-11-15,GY,Guyana,AMRO,267.0,4724,5.0,138
2020-11-22,GY,Guyana,AMRO,281.0,5005,5.0,143
2020-11-29,GY,Guyana,AMRO,305.0,5310,6.0,149
2020-12-06,GY,Guyana,AMRO,291.0,5601,2.0,151
2020-12-13,GY,Guyana,AMRO,238.0,5839,3.0,154
2020-12-20,GY,Guyana,AMRO,237.0,6076,5.0,159
2020-12-27,GY,Guyana,AMRO,213.0,6289,3.0,162
2021-01-03,GY,Guyana,AMRO,62.0,6351,2.0,164
2021-01-10,GY,Guyana,AMRO,118.0,6469,3.0,167
2021-01-17,GY,Guyana,AMRO,336.0,6805,3.0,170
2021-01-24,GY,Guyana,AMRO,338.0,7143,0.0,170
2021-01-31,GY,Guyana,AMRO,385.0,7528,5.0,175
2021-02-07,GY,Guyana,AMRO,359.0,7887,4.0,179
2021-02-14,GY,Guyana,AMRO,294.0,8181,7.0,186
2021-02-21,GY,Guyana,AMRO,176.0,8357,3.0,189
2021-02-28,GY,Guyana,AMRO,156.0,8513,6.0,195
2021-03-07,GY,Guyana,AMRO,216.0,8729,5.0,200
2021-03-14,GY,Guyana,AMRO,340.0,9069,6.0,206
2021-03-21,GY,Guyana,AMRO,417.0,9486,6.0,212
2021-03-28,GY,Guyana,AMRO,521.0,10007,13.0,225
2021-04-04,GY,Guyana,AMRO,439.0,10446,10.0,235
2021-04-11,GY,Guyana,AMRO,512.0,10958,17.0,252
2021-04-18,GY,Guyana,AMRO,684.0,11642,15.0,267
2021-04-25,GY,Guyana,AMRO,806.0,12448,10.0,277
2021-05-02,GY,Guyana,AMRO,835.0,13283,19.0,296
2021-05-09,GY,Guyana,AMRO,754.0,14037,18.0,314
2021-05-16,GY,Guyana,AMRO,951.0,14988,21.0,335
2021-05-23,GY,Guyana,AMRO,755.0,15743,14.0,349
2021-05-30,GY,Guyana,AMRO,981.0,16724,31.0,380
2021-06-06,GY,Guyana,AMRO,735.0,17459,23.0,403
2021-06-13,GY,Guyana,AMRO,629.0,18088,16.0,419
2021-06-20,GY,Guyana,AMRO,749.0,18837,23.0,442
2021-06-27,GY,Guyana,AMRO,837.0,19674,17.0,459
2021-07-04,GY,Guyana,AMRO,631.0,20305,19.0,478
2021-07-11,GY,Guyana,AMRO,529.0,20834,11.0,489
2021-07-18,GY,Guyana,AMRO,517.0,21351,18.0,507
2021-07-25,GY,Guyana,AMRO,499.0,21850,11.0,518
2021-08-01,GY,Guyana,AMRO,608.0,22458,17.0,535
2021-08-08,GY,Guyana,AMRO,385.0,22843,19.0,554
2021-08-15,GY,Guyana,AMRO,501.0,23344,16.0,570
2021-08-22,GY,Guyana,AMRO,703.0,24047,21.0,591
2021-08-29,GY,Guyana,AMRO,920.0,24967,18.0,609
2021-09-05,GY,Guyana,AMRO,1145.0,26112,27.0,636
2021-09-12,GY,Guyana,AMRO,1407.0,27519,33.0,669
2021-09-19,GY,Guyana,AMRO,1553.0,29072,37.0,706
2021-09-26,GY,Guyana,AMRO,1624.0,30696,43.0,749
2021-10-03,GY,Guyana,AMRO,1359.0,32055,43.0,792
2021-10-10,GY,Guyana,AMRO,1511.0,33566,43.0,835
2021-10-17,GY,Guyana,AMRO,674.0,34240,27.0,862
2021-10-24,GY,Guyana,AMRO,637.0,34877,31.0,893
2021-10-31,GY,Guyana,AMRO,567.0,35444,17.0,910
2021-11-07,GY,Guyana,AMRO,485.0,35929,20.0,930
2021-11-14,GY,Guyana,AMRO,723.0,36652,25.0,955
2021-11-21,GY,Guyana,AMRO,532.0,37184,16.0,971
2021-11-28,GY,Guyana,AMRO,479.0,37663,14.0,985
2021-12-05,GY,Guyana,AMRO,405.0,38068,16.0,1001
2021-12-12,GY,Guyana,AMRO,385.0,38453,15.0,1016
2021-12-19,GY,Guyana,AMRO,298.0,38751,12.0,1028
2021-12-26,GY,Guyana,AMRO,291.0,39042,14.0,1042
2022-01-02,GY,Guyana,AMRO,531.0,39573,12.0,1054
2022-01-09,GY,Guyana,AMRO,3656.0,43229,12.0,1066
2022-01-16,GY,Guyana,AMRO,5827.0,49056,15.0,1081
2022-01-23,GY,Guyana,AMRO,6572.0,55628,41.0,1122
2022-01-30,GY,Guyana,AMRO,3351.0,58979,38.0,1160
2022-02-06,GY,Guyana,AMRO,2129.0,61108,19.0,1179
2022-02-13,GY,Guyana,AMRO,1048.0,62156,11.0,1190
2022-02-20,GY,Guyana,AMRO,429.0,62585,18.0,1208
2022-02-27,GY,Guyana,AMRO,271.0,62856,8.0,1216
2022-03-06,GY,Guyana,AMRO,168.0,63024,7.0,1223
2022-03-13,GY,Guyana,AMRO,103.0,63127,1.0,1224
2022-03-20,GY,Guyana,AMRO,54.0,63181,2.0,1226
2022-03-27,GY,Guyana,AMRO,42.0,63223,0.0,1226
2022-04-03,GY,Guyana,AMRO,35.0,63258,0.0,1226
2022-04-10,GY,Guyana,AMRO,52.0,63310,0.0,1226
2022-04-17,GY,Guyana,AMRO,54.0,63364,2.0,1228
2022-04-24,GY,Guyana,AMRO,43.0,63407,0.0,1228
2022-05-01,GY,Guyana,AMRO,50.0,63457,0.0,1228
2022-05-08,GY,Guyana,AMRO,82.0,63539,0.0,1228
2022-05-15,GY,Guyana,AMRO,233.0,63772,0.0,1228
2022-05-22,GY,Guyana,AMRO,402.0,64174,3.0,1231
2022-05-29,GY,Guyana,AMRO,347.0,64521,1.0,1232
2022-06-05,GY,Guyana,AMRO,627.0,65148,5.0,1237
2022-06-12,GY,Guyana,AMRO,651.0,65799,2.0,1239
2022-06-19,GY,Guyana,AMRO,586.0,66385,6.0,1245
2022-06-26,GY,Guyana,AMRO,562.0,66947,4.0,1249
2022-07-03,GY,Guyana,AMRO,525.0,67472,6.0,1255
2022-07-10,GY,Guyana,AMRO,548.0,68020,4.0,1259
2022-07-17,GY,Guyana,AMRO,710.0,68730,5.0,1264
2022-07-24,GY,Guyana,AMRO,602.0,69332,4.0,1268
2022-07-31,GY,Guyana,AMRO,413.0,69745,3.0,1271
2022-08-07,GY,Guyana,AMRO,338.0,70083,0.0,1271
2022-08-14,GY,Guyana,AMRO,315.0,70398,4.0,1275
2022-08-21,GY,Guyana,AMRO,390.0,70788,3.0,1278
2022-08-28,GY,Guyana,AMRO,155.0,70943,0.0,1278
2022-09-04,GY,Guyana,AMRO,133.0,71076,1.0,1279
2022-09-11,GY,Guyana,AMRO,110.0,71186,0.0,1279
2022-09-18,GY,Guyana,AMRO,57.0,71243,2.0,1281
2022-09-25,GY,Guyana,AMRO,68.0,71311,0.0,1281
2022-10-02,GY,Guyana,AMRO,29.0,71340,0.0,1281
2022-10-09,GY,Guyana,AMRO,21.0,71361,0.0,1281
2022-10-16,GY,Guyana,AMRO,38.0,71399,0.0,1281
2022-10-23,GY,Guyana,AMRO,20.0,71419,0.0,1281
2022-10-30,GY,Guyana,AMRO,17.0,71436,0.0,1281
2022-11-06,GY,Guyana,AMRO,6.0,71442,0.0,1281
2022-11-13,GY,Guyana,AMRO,19.0,71461,0.0,1281
2022-11-20,GY,Guyana,AMRO,61.0,71522,0.0,1281
2022-11-27,GY,Guyana,AMRO,43.0,71565,3.0,1284
2022-12-04,GY,Guyana,AMRO,62.0,71627,1.0,1285
2022-12-11,GY,Guyana,AMRO,101.0,71728,0.0,1285
2022-12-18,GY,Guyana,AMRO,29.0,71757,0.0,1285
2022-12-25,GY,Guyana,AMRO,247.0,72004,1.0,1286
2023-01-01,GY,Guyana,AMRO,159.0,72163,0.0,1286
2023-01-08,GY,Guyana,AMRO,234.0,72397,4.0,1290
2023-01-15,GY,Guyana,AMRO,241.0,72638,3.0,1293
2023-01-22,GY,Guyana,AMRO,177.0,72815,0.0,1293
2023-01-29,GY,Guyana,AMRO,107.0,72922,1.0,1294
2023-02-05,GY,Guyana,AMRO,62.0,72984,1.0,1295
2023-02-12,GY,Guyana,AMRO,48.0,73032,2.0,1297
2023-02-19,GY,Guyana,AMRO,25.0,73057,1.0,1298
2023-02-26,GY,Guyana,AMRO,9.0,73066,0.0,1298
2023-03-05,GY,Guyana,AMRO,9.0,73075,0.0,1298
2023-03-12,GY,Guyana,AMRO,6.0,73081,0.0,1298
2023-03-19,GY,Guyana,AMRO,24.0,73105,0.0,1298
2023-03-26,GY,Guyana,AMRO,9.0,73114,0.0,1298
2023-04-02,GY,Guyana,AMRO,5.0,73119,0.0,1298
2023-04-09,GY,Guyana,AMRO,0.0,73119,0.0,1298
2023-04-16,GY,Guyana,AMRO,2.0,73121,0.0,1298
2023-04-23,GY,Guyana,AMRO,12.0,73133,0.0,1298
2023-04-30,GY,Guyana,AMRO,29.0,73162,0.0,1298
2023-05-07,GY,Guyana,AMRO,6.0,73168,0.0,1298
2023-05-14,GY,Guyana,AMRO,39.0,73207,0.0,1298
2023-05-21,GY,Guyana,AMRO,19.0,73226,0.0,1298
2023-05-28,GY,Guyana,AMRO,9.0,73235,0.0,1298
2023-06-04,GY,Guyana,AMRO,15.0,73250,0.0,1298
2023-06-11,GY,Guyana,AMRO,28.0,73278,0.0,1298
2023-06-18,GY,Guyana,AMRO,32.0,73310,0.0,1298
2023-06-25,GY,Guyana,AMRO,44.0,73354,0.0,1298
2023-07-02,GY,Guyana,AMRO,44.0,73398,1.0,1299
2023-07-09,GY,Guyana,AMRO,62.0,73460,0.0,1299
2023-07-16,GY,Guyana,AMRO,41.0,73501,0.0,1299
2023-07-23,GY,Guyana,AMRO,37.0,73538,0.0,1299
2023-07-30,GY,Guyana,AMRO,30.0,73568,0.0,1299
2023-08-06,GY,Guyana,AMRO,13.0,73581,0.0,1299
2023-08-13,GY,Guyana,AMRO,15.0,73596,0.0,1299
2023-08-20,GY,Guyana,AMRO,16.0,73612,0.0,1299
2023-08-27,GY,Guyana,AMRO,10.0,73622,0.0,1299
2023-09-03,GY,Guyana,AMRO,2.0,73624,0.0,1299
2023-09-10,GY,Guyana,AMRO,8.0,73632,0.0,1299
2023-09-17,GY,Guyana,AMRO,14.0,73646,0.0,1299
2023-09-24,GY,Guyana,AMRO,7.0,73653,0.0,1299
2023-10-01,GY,Guyana,AMRO,7.0,73660,0.0,1299
2023-10-08,GY,Guyana,AMRO,5.0,73665,0.0,1299
2023-10-15,GY,Guyana,AMRO,4.0,73669,0.0,1299
2023-10-22,GY,Guyana,AMRO,1.0,73670,0.0,1299
2023-10-29,GY,Guyana,AMRO,0.0,73670,0.0,1299
2023-11-05,GY,Guyana,AMRO,2.0,73672,0.0,1299
2023-11-12,GY,Guyana,AMRO,1.0,73673,0.0,1299
2023-11-19,GY,Guyana,AMRO,1.0,73674,0.0,1299
2023-11-26,GY,Guyana,AMRO,0.0,73674,0.0,1299
2023-12-03,GY,Guyana,AMRO,2.0,73676,0.0,1299
2023-12-10,GY,Guyana,AMRO,0.0,73676,0.0,1299
2023-12-17,GY,Guyana,AMRO,2.0,73678,0.0,1299
2023-12-24,GY,Guyana,AMRO,3.0,73681,0.0,1299
2023-12-31,GY,Guyana,AMRO,2.0,73683,0.0,1299
2024-01-07,GY,Guyana,AMRO,2.0,73685,0.0,1299
2024-01-14,GY,Guyana,AMRO,6.0,73691,0.0,1299
2024-01-21,GY,Guyana,AMRO,9.0,73700,0.0,1299
2024-01-28,GY,Guyana,AMRO,18.0,73718,0.0,1299
2024-02-04,GY,Guyana,AMRO,53.0,73771,0.0,1299
2024-02-11,GY,Guyana,AMRO,60.0,73831,1.0,1300
2024-02-18,GY,Guyana,AMRO,88.0,73919,0.0,1300
2024-02-25,GY,Guyana,AMRO,44.0,73963,0.0,1300
2024-03-03,GY,Guyana,AMRO,56.0,74019,0.0,1300
2024-03-10,GY,Guyana,AMRO,32.0,74051,1.0,1301
2024-03-17,GY,Guyana,AMRO,37.0,74088,0.0,1301
2024-03-24,GY,Guyana,AMRO,13.0,74101,0.0,1301
2024-03-31,GY,Guyana,AMRO,4.0,74105,0.0,1301
2024-04-07,GY,Guyana,AMRO,4.0,74109,0.0,1301
2024-04-14,GY,Guyana,AMRO,0.0,74109,0.0,1301
2024-04-21,GY,Guyana,AMRO,0.0,74109,0.0,1301
2024-04-28,GY,Guyana,AMRO,0.0,74109,0.0,1301
