Date_reported,Country_code,Country,WHO_region,New_cases,Cumulative_cases,New_deaths,Cumulative_deaths
2020-01-05,HN,Honduras,AMRO,0.0,0,0.0,0
2020-01-12,HN,Honduras,AMRO,0.0,0,0.0,0
2020-01-19,HN,Honduras,AMRO,0.0,0,0.0,0
2020-01-26,HN,Honduras,AMRO,0.0,0,0.0,0
2020-02-02,HN,Honduras,AMRO,0.0,0,0.0,0
2020-02-09,HN,Honduras,AMRO,0.0,0,0.0,0
2020-02-16,HN,Honduras,AMRO,0.0,0,0.0,0
2020-02-23,HN,Honduras,AMRO,0.0,0,0.0,0
2020-03-01,HN,Honduras,AMRO,0.0,0,0.0,0
2020-03-08,HN,Honduras,AMRO,0.0,0,0.0,0
2020-03-15,HN,Honduras,AMRO,3.0,3,0.0,0
2020-03-22,HN,Honduras,AMRO,21.0,24,0.0,0
2020-03-29,HN,Honduras,AMRO,43.0,67,1.0,1
2020-04-05,HN,Honduras,AMRO,197.0,264,14.0,15
2020-04-12,HN,Honduras,AMRO,128.0,392,9.0,24
2020-04-19,HN,Honduras,AMRO,65.0,457,22.0,46
2020-04-26,HN,Honduras,AMRO,134.0,591,9.0,55
2020-05-03,HN,Honduras,AMRO,308.0,899,20.0,75
2020-05-10,HN,Honduras,AMRO,872.0,1771,32.0,107
2020-05-17,HN,Honduras,AMRO,689.0,2460,27.0,134
2020-05-24,HN,Honduras,AMRO,1017.0,3477,33.0,167
2020-05-31,HN,Honduras,AMRO,1409.0,4886,32.0,199
2020-06-07,HN,Honduras,AMRO,1085.0,5971,49.0,248
2020-06-14,HN,Honduras,AMRO,2161.0,8132,58.0,306
2020-06-21,HN,Honduras,AMRO,3126.0,11258,43.0,349
2020-06-28,HN,Honduras,AMRO,4736.0,15994,122.0,471
2020-07-05,HN,Honduras,AMRO,6122.0,22116,134.0,605
2020-07-12,HN,Honduras,AMRO,4937.0,27053,145.0,750
2020-07-19,HN,Honduras,AMRO,4692.0,31745,107.0,857
2020-07-26,HN,Honduras,AMRO,5814.0,37559,204.0,1061
2020-08-02,HN,Honduras,AMRO,4455.0,42014,276.0,1337
2020-08-09,HN,Honduras,AMRO,4621.0,46635,128.0,1465
2020-08-16,HN,Honduras,AMRO,2832.0,49467,83.0,1548
2020-08-23,HN,Honduras,AMRO,3914.0,53381,84.0,1632
2020-08-30,HN,Honduras,AMRO,5429.0,58810,195.0,1827
2020-09-06,HN,Honduras,AMRO,4988.0,63798,157.0,1984
2020-09-13,HN,Honduras,AMRO,2251.0,66049,74.0,2058
2020-09-20,HN,Honduras,AMRO,4562.0,70611,88.0,2146
2020-09-27,HN,Honduras,AMRO,3229.0,73840,125.0,2271
2020-10-04,HN,Honduras,AMRO,4429.0,78269,115.0,2386
2020-10-11,HN,Honduras,AMRO,4283.0,82552,106.0,2492
2020-10-18,HN,Honduras,AMRO,4139.0,86691,64.0,2556
2020-10-25,HN,Honduras,AMRO,5191.0,91882,56.0,2612
2020-11-01,HN,Honduras,AMRO,5006.0,96888,57.0,2669
2020-11-08,HN,Honduras,AMRO,2688.0,99576,72.0,2741
2020-11-15,HN,Honduras,AMRO,2503.0,102079,79.0,2820
2020-11-22,HN,Honduras,AMRO,2100.0,104179,35.0,2855
2020-11-29,HN,Honduras,AMRO,2955.0,107134,44.0,2899
2020-12-06,HN,Honduras,AMRO,2826.0,109960,42.0,2941
2020-12-13,HN,Honduras,AMRO,3748.0,113708,30.0,2971
2020-12-20,HN,Honduras,AMRO,2504.0,116212,52.0,3023
2020-12-27,HN,Honduras,AMRO,2447.0,118659,38.0,3061
2021-01-03,HN,Honduras,AMRO,4315.0,122974,99.0,3160
2021-01-10,HN,Honduras,AMRO,3422.0,126396,106.0,3266
2021-01-17,HN,Honduras,AMRO,6016.0,132412,78.0,3344
2021-01-24,HN,Honduras,AMRO,6770.0,139182,95.0,3439
2021-01-31,HN,Honduras,AMRO,6928.0,146110,136.0,3575
2021-02-07,HN,Honduras,AMRO,7143.0,153253,119.0,3694
2021-02-14,HN,Honduras,AMRO,5771.0,159024,154.0,3848
2021-02-21,HN,Honduras,AMRO,5053.0,164077,127.0,3975
2021-02-28,HN,Honduras,AMRO,4834.0,168911,142.0,4117
2021-03-07,HN,Honduras,AMRO,4109.0,173020,130.0,4247
2021-03-14,HN,Honduras,AMRO,4148.0,177168,78.0,4325
2021-03-21,HN,Honduras,AMRO,4189.0,181357,97.0,4422
2021-03-28,HN,Honduras,AMRO,4980.0,186337,114.0,4536
2021-04-04,HN,Honduras,AMRO,3389.0,189726,86.0,4622
2021-04-11,HN,Honduras,AMRO,4822.0,194548,144.0,4766
2021-04-18,HN,Honduras,AMRO,5134.0,199682,168.0,4934
2021-04-25,HN,Honduras,AMRO,6014.0,205696,161.0,5095
2021-05-02,HN,Honduras,AMRO,6637.0,212333,186.0,5281
2021-05-09,HN,Honduras,AMRO,5997.0,218330,304.0,5585
2021-05-16,HN,Honduras,AMRO,6926.0,225256,352.0,5937
2021-05-23,HN,Honduras,AMRO,6304.0,231560,196.0,6133
2021-05-30,HN,Honduras,AMRO,4891.0,236451,151.0,6284
2021-06-06,HN,Honduras,AMRO,4588.0,241039,170.0,6454
2021-06-13,HN,Honduras,AMRO,4656.0,245695,145.0,6599
2021-06-20,HN,Honduras,AMRO,6271.0,251966,149.0,6748
2021-06-27,HN,Honduras,AMRO,6383.0,258349,154.0,6902
2021-07-04,HN,Honduras,AMRO,6825.0,265174,157.0,7059
2021-07-11,HN,Honduras,AMRO,7556.0,272730,162.0,7221
2021-07-18,HN,Honduras,AMRO,6527.0,279257,206.0,7427
2021-07-25,HN,Honduras,AMRO,7378.0,286635,167.0,7594
2021-08-01,HN,Honduras,AMRO,10476.0,297111,240.0,7834
2021-08-08,HN,Honduras,AMRO,8825.0,305936,286.0,8120
2021-08-15,HN,Honduras,AMRO,10299.0,316235,253.0,8373
2021-08-22,HN,Honduras,AMRO,10595.0,326830,221.0,8594
2021-08-29,HN,Honduras,AMRO,8568.0,335398,238.0,8832
2021-09-05,HN,Honduras,AMRO,8409.0,343807,191.0,9023
2021-09-12,HN,Honduras,AMRO,7072.0,350879,296.0,9319
2021-09-19,HN,Honduras,AMRO,6775.0,357654,172.0,9491
2021-09-26,HN,Honduras,AMRO,5363.0,363017,188.0,9679
2021-10-03,HN,Honduras,AMRO,4258.0,367275,176.0,9855
2021-10-10,HN,Honduras,AMRO,1755.0,369030,94.0,9949
2021-10-17,HN,Honduras,AMRO,3149.0,372179,148.0,10097
2021-10-24,HN,Honduras,AMRO,1969.0,374148,95.0,10192
2021-10-31,HN,Honduras,AMRO,1233.0,375381,48.0,10240
2021-11-07,HN,Honduras,AMRO,900.0,376281,69.0,10309
2021-11-14,HN,Honduras,AMRO,686.0,376967,44.0,10353
2021-11-21,HN,Honduras,AMRO,453.0,377420,35.0,10388
2021-11-28,HN,Honduras,AMRO,468.0,377888,15.0,10403
2021-12-05,HN,Honduras,AMRO,225.0,378113,10.0,10413
2021-12-12,HN,Honduras,AMRO,448.0,378561,8.0,10421
2021-12-19,HN,Honduras,AMRO,243.0,378804,7.0,10428
2021-12-26,HN,Honduras,AMRO,269.0,379073,1.0,10429
2022-01-02,HN,Honduras,AMRO,469.0,379542,5.0,10434
2022-01-09,HN,Honduras,AMRO,1712.0,381254,10.0,10444
2022-01-16,HN,Honduras,AMRO,2823.0,384077,10.0,10454
2022-01-23,HN,Honduras,AMRO,4359.0,388436,15.0,10469
2022-01-30,HN,Honduras,AMRO,3438.0,391874,35.0,10504
2022-02-06,HN,Honduras,AMRO,7026.0,398900,47.0,10551
2022-02-13,HN,Honduras,AMRO,5864.0,404764,57.0,10608
2022-02-20,HN,Honduras,AMRO,3692.0,408456,63.0,10671
2022-02-27,HN,Honduras,AMRO,3717.0,412173,104.0,10775
2022-03-06,HN,Honduras,AMRO,2138.0,414311,24.0,10799
2022-03-13,HN,Honduras,AMRO,2418.0,416729,35.0,10834
2022-03-20,HN,Honduras,AMRO,1571.0,418300,23.0,10857
2022-03-27,HN,Honduras,AMRO,2321.0,420621,14.0,10871
2022-04-03,HN,Honduras,AMRO,549.0,421170,14.0,10885
2022-04-10,HN,Honduras,AMRO,489.0,421659,6.0,10891
2022-04-17,HN,Honduras,AMRO,0.0,421659,0.0,10891
2022-04-24,HN,Honduras,AMRO,886.0,422545,2.0,10893
2022-05-01,HN,Honduras,AMRO,634.0,423179,0.0,10893
2022-05-08,HN,Honduras,AMRO,700.0,423879,2.0,10895
2022-05-15,HN,Honduras,AMRO,568.0,424447,1.0,10896
2022-05-22,HN,Honduras,AMRO,412.0,424859,0.0,10896
2022-05-29,HN,Honduras,AMRO,254.0,425113,3.0,10899
2022-06-05,HN,Honduras,AMRO,358.0,425471,1.0,10900
2022-06-12,HN,Honduras,AMRO,184.0,425655,2.0,10902
2022-06-19,HN,Honduras,AMRO,275.0,425930,1.0,10903
2022-06-26,HN,Honduras,AMRO,949.0,426879,2.0,10905
2022-07-03,HN,Honduras,AMRO,839.0,427718,1.0,10906
2022-07-10,HN,Honduras,AMRO,2130.0,429848,6.0,10912
2022-07-17,HN,Honduras,AMRO,2291.0,432139,7.0,10919
2022-07-24,HN,Honduras,AMRO,2657.0,434796,11.0,10930
2022-07-31,HN,Honduras,AMRO,5105.0,439901,2.0,10932
2022-08-07,HN,Honduras,AMRO,5370.0,445271,13.0,10945
2022-08-14,HN,Honduras,AMRO,2094.0,447365,9.0,10954
2022-08-21,HN,Honduras,AMRO,3028.0,450393,11.0,10965
2022-08-28,HN,Honduras,AMRO,3600.0,453993,8.0,10973
2022-09-04,HN,Honduras,AMRO,786.0,454779,16.0,10989
2022-09-11,HN,Honduras,AMRO,232.0,455011,0.0,10989
2022-09-18,HN,Honduras,AMRO,825.0,455836,3.0,10992
2022-09-25,HN,Honduras,AMRO,500.0,456336,0.0,10992
2022-10-02,HN,Honduras,AMRO,55.0,456391,1.0,10993
2022-10-09,HN,Honduras,AMRO,273.0,456664,3.0,10996
2022-10-16,HN,Honduras,AMRO,222.0,456886,11.0,11007
2022-10-23,HN,Honduras,AMRO,138.0,457024,30.0,11037
2022-10-30,HN,Honduras,AMRO,110.0,457134,2.0,11039
2022-11-06,HN,Honduras,AMRO,128.0,457262,1.0,11040
2022-11-13,HN,Honduras,AMRO,144.0,457406,1.0,11041
2022-11-20,HN,Honduras,AMRO,102.0,457508,2.0,11043
2022-11-27,HN,Honduras,AMRO,515.0,458023,0.0,11043
2022-12-04,HN,Honduras,AMRO,898.0,458921,8.0,11051
2022-12-11,HN,Honduras,AMRO,1793.0,460714,3.0,11054
2022-12-18,HN,Honduras,AMRO,2028.0,462742,6.0,11060
2022-12-25,HN,Honduras,AMRO,943.0,463685,3.0,11063
2023-01-01,HN,Honduras,AMRO,2230.0,465915,8.0,11071
2023-01-08,HN,Honduras,AMRO,2429.0,468344,23.0,11094
2023-01-15,HN,Honduras,AMRO,886.0,469230,1.0,11095
2023-01-22,HN,Honduras,AMRO,960.0,470190,7.0,11102
2023-01-29,HN,Honduras,AMRO,366.0,470556,2.0,11104
2023-02-05,HN,Honduras,AMRO,384.0,470940,0.0,11104
2023-02-12,HN,Honduras,AMRO,477.0,471417,5.0,11109
2023-02-19,HN,Honduras,AMRO,347.0,471764,0.0,11109
2023-02-26,HN,Honduras,AMRO,352.0,472116,2.0,11111
2023-03-05,HN,Honduras,AMRO,134.0,472250,0.0,11111
2023-03-12,HN,Honduras,AMRO,58.0,472308,0.0,11111
2023-03-19,HN,Honduras,AMRO,32.0,472340,0.0,11111
2023-03-26,HN,Honduras,AMRO,103.0,472443,0.0,11111
2023-04-02,HN,Honduras,AMRO,24.0,472467,0.0,11111
2023-04-09,HN,Honduras,AMRO,0.0,472467,0.0,11111
2023-04-16,HN,Honduras,AMRO,18.0,472485,0.0,11111
2023-04-23,HN,Honduras,AMRO,48.0,472533,1.0,11112
2023-04-30,HN,Honduras,AMRO,0.0,472533,0.0,11112
2023-05-07,HN,Honduras,AMRO,0.0,472533,0.0,11112
2023-05-14,HN,Honduras,AMRO,61.0,472594,2.0,11114
2023-05-21,HN,Honduras,AMRO,0.0,472594,0.0,11114
2023-05-28,HN,Honduras,AMRO,0.0,472594,0.0,11114
2023-06-04,HN,Honduras,AMRO,4.0,472598,0.0,11114
2023-06-11,HN,Honduras,AMRO,2.0,472600,0.0,11114
2023-06-18,HN,Honduras,AMRO,2.0,472602,0.0,11114
2023-06-25,HN,Honduras,AMRO,3.0,472605,0.0,11114
2023-07-02,HN,Honduras,AMRO,15.0,472620,0.0,11114
2023-07-09,HN,Honduras,AMRO,8.0,472628,0.0,11114
2023-07-16,HN,Honduras,AMRO,29.0,472657,0.0,11114
2023-07-23,HN,Honduras,AMRO,28.0,472685,0.0,11114
2023-07-30,HN,Honduras,AMRO,31.0,472716,0.0,11114
2023-08-06,HN,Honduras,AMRO,3.0,472719,0.0,11114
2023-08-13,HN,Honduras,AMRO,9.0,472728,0.0,11114
2023-08-20,HN,Honduras,AMRO,5.0,472733,0.0,11114
2023-08-27,HN,Honduras,AMRO,1.0,472734,0.0,11114
2023-09-03,HN,Honduras,AMRO,3.0,472737,0.0,11114
2023-09-10,HN,Honduras,AMRO,2.0,472739,0.0,11114
2023-09-17,HN,Honduras,AMRO,0.0,472739,0.0,11114
2023-09-24,HN,Honduras,AMRO,1.0,472740,0.0,11114
2023-10-01,HN,Honduras,AMRO,2.0,472742,0.0,11114
2023-10-08,HN,Honduras,AMRO,0.0,472742,0.0,11114
2023-10-15,HN,Honduras,AMRO,0.0,472742,0.0,11114
2023-10-22,HN,Honduras,AMRO,0.0,472742,0.0,11114
2023-10-29,HN,Honduras,AMRO,1.0,472743,0.0,11114
2023-11-05,HN,Honduras,AMRO,0.0,472743,0.0,11114
2023-11-12,HN,Honduras,AMRO,0.0,472743,0.0,11114
2023-11-19,HN,Honduras,AMRO,0.0,472743,0.0,11114
2023-11-26,HN,Honduras,AMRO,0.0,472743,0.0,11114
2023-12-03,HN,Honduras,AMRO,0.0,472743,0.0,11114
2023-12-10,HN,Honduras,AMRO,0.0,472743,0.0,11114
2023-12-17,HN,Honduras,AMRO,1.0,472744,0.0,11114
2023-12-24,HN,Honduras,AMRO,0.0,472744,0.0,11114
2023-12-31,HN,Honduras,AMRO,3.0,472747,0.0,11114
2024-01-07,HN,Honduras,AMRO,8.0,472755,0.0,11114
2024-01-14,HN,Honduras,AMRO,6.0,472761,0.0,11114
2024-01-21,HN,Honduras,AMRO,9.0,472770,0.0,11114
2024-01-28,HN,Honduras,AMRO,7.0,472777,0.0,11114
2024-02-04,HN,Honduras,AMRO,3.0,472780,0.0,11114
2024-02-11,HN,Honduras,AMRO,0.0,472780,0.0,11114
2024-02-18,HN,Honduras,AMRO,2.0,472782,0.0,11114
2024-02-25,HN,Honduras,AMRO,1.0,472783,0.0,11114
2024-03-03,HN,Honduras,AMRO,0.0,472783,0.0,11114
2024-03-10,HN,Honduras,AMRO,2.0,472785,0.0,11114
2024-03-17,HN,Honduras,AMRO,1.0,472786,0.0,11114
2024-03-24,HN,Honduras,AMRO,0.0,472786,0.0,11114
2024-03-31,HN,Honduras,AMRO,0.0,472786,0.0,11114
2024-04-07,HN,Honduras,AMRO,1.0,472787,0.0,11114
2024-04-14,HN,Honduras,AMRO,0.0,472787,0.0,11114
2024-04-21,HN,Honduras,AMRO,0.0,472787,0.0,11114
2024-04-28,HN,Honduras,AMRO,0.0,472787,0.0,11114
