Date_reported,Country_code,Country,WHO_region,New_cases,Cumulative_cases,New_deaths,Cumulative_deaths
2020-01-05,HR,Croatia,EURO,0.0,0,0.0,0
2020-01-12,HR,Croatia,EURO,0.0,0,0.0,0
2020-01-19,HR,Croatia,EURO,0.0,0,0.0,0
2020-01-26,HR,Croatia,EURO,0.0,0,0.0,0
2020-02-02,HR,Croatia,EURO,0.0,0,0.0,0
2020-02-09,HR,Croatia,EURO,0.0,0,0.0,0
2020-02-16,HR,Croatia,EURO,0.0,0,0.0,0
2020-02-23,HR,Croatia,EURO,0.0,0,0.0,0
2020-03-01,HR,Croatia,EURO,6.0,6,0.0,0
2020-03-08,HR,Croatia,EURO,6.0,12,0.0,0
2020-03-15,HR,Croatia,EURO,26.0,38,0.0,0
2020-03-22,HR,Croatia,EURO,168.0,206,1.0,1
2020-03-29,HR,Croatia,EURO,451.0,657,4.0,5
2020-04-05,HR,Croatia,EURO,469.0,1126,7.0,12
2020-04-12,HR,Croatia,EURO,408.0,1534,9.0,21
2020-04-19,HR,Croatia,EURO,298.0,1832,18.0,39
2020-04-26,HR,Croatia,EURO,184.0,2016,15.0,54
2020-05-03,HR,Croatia,EURO,72.0,2088,23.0,77
2020-05-10,HR,Croatia,EURO,88.0,2176,10.0,87
2020-05-17,HR,Croatia,EURO,48.0,2224,8.0,95
2020-05-24,HR,Croatia,EURO,19.0,2243,4.0,99
2020-05-31,HR,Croatia,EURO,3.0,2246,4.0,103
2020-06-07,HR,Croatia,EURO,1.0,2247,1.0,104
2020-06-14,HR,Croatia,EURO,4.0,2251,3.0,107
2020-06-21,HR,Croatia,EURO,48.0,2299,0.0,107
2020-06-28,HR,Croatia,EURO,325.0,2624,0.0,107
2020-07-05,HR,Croatia,EURO,470.0,3094,6.0,113
2020-07-12,HR,Croatia,EURO,578.0,3672,5.0,118
2020-07-19,HR,Croatia,EURO,581.0,4253,2.0,120
2020-07-26,HR,Croatia,EURO,539.0,4792,13.0,133
2020-08-02,HR,Croatia,EURO,432.0,5224,12.0,145
2020-08-09,HR,Croatia,EURO,319.0,5543,12.0,157
2020-08-16,HR,Croatia,EURO,877.0,6420,8.0,165
2020-08-23,HR,Croatia,EURO,1480.0,7900,5.0,170
2020-08-30,HR,Croatia,EURO,1961.0,9861,13.0,183
2020-09-06,HR,Croatia,EURO,1878.0,11739,14.0,197
2020-09-13,HR,Croatia,EURO,1629.0,13368,21.0,218
2020-09-20,HR,Croatia,EURO,1357.0,14725,26.0,244
2020-09-27,HR,Croatia,EURO,1282.0,16007,25.0,269
2020-10-04,HR,Croatia,EURO,1394.0,17401,24.0,293
2020-10-11,HR,Croatia,EURO,2531.0,19932,24.0,317
2020-10-18,HR,Croatia,EURO,4829.0,24761,38.0,355
2020-10-25,HR,Croatia,EURO,9198.0,33959,74.0,429
2020-11-01,HR,Croatia,EURO,15357.0,49316,117.0,546
2020-11-08,HR,Croatia,EURO,15388.0,64704,206.0,752
2020-11-15,HR,Croatia,EURO,17140.0,81844,254.0,1006
2020-11-22,HR,Croatia,EURO,18566.0,100410,298.0,1304
2020-11-29,HR,Croatia,EURO,23283.0,123693,351.0,1655
2020-12-06,HR,Croatia,EURO,23761.0,147454,447.0,2102
2020-12-13,HR,Croatia,EURO,25069.0,172523,460.0,2562
2020-12-20,HR,Croatia,EURO,20464.0,192987,539.0,3101
2020-12-27,HR,Croatia,EURO,11325.0,204312,512.0,3613
2021-01-03,HR,Croatia,EURO,7950.0,212262,403.0,4016
2021-01-10,HR,Croatia,EURO,7085.0,219347,326.0,4342
2021-01-17,HR,Croatia,EURO,5228.0,224575,246.0,4588
2021-01-24,HR,Croatia,EURO,3993.0,228568,211.0,4799
2021-01-31,HR,Croatia,EURO,3522.0,232090,199.0,4998
2021-02-07,HR,Croatia,EURO,3036.0,235126,146.0,5144
2021-02-14,HR,Croatia,EURO,2333.0,237459,155.0,5299
2021-02-21,HR,Croatia,EURO,2226.0,239685,121.0,5420
2021-02-28,HR,Croatia,EURO,2932.0,242617,91.0,5511
2021-03-07,HR,Croatia,EURO,3503.0,246120,74.0,5585
2021-03-14,HR,Croatia,EURO,4364.0,250484,85.0,5670
2021-03-21,HR,Croatia,EURO,6321.0,256805,83.0,5753
2021-03-28,HR,Croatia,EURO,9096.0,265901,119.0,5872
2021-04-04,HR,Croatia,EURO,12749.0,278650,153.0,6025
2021-04-11,HR,Croatia,EURO,12249.0,290899,244.0,6269
2021-04-18,HR,Croatia,EURO,15326.0,306225,254.0,6523
2021-04-25,HR,Croatia,EURO,15147.0,321372,292.0,6815
2021-05-02,HR,Croatia,EURO,12857.0,334229,315.0,7130
2021-05-09,HR,Croatia,EURO,9600.0,343829,294.0,7424
2021-05-16,HR,Croatia,EURO,6081.0,349910,263.0,7687
2021-05-23,HR,Croatia,EURO,3825.0,353735,196.0,7883
2021-05-30,HR,Croatia,EURO,2220.0,355955,119.0,8002
2021-06-06,HR,Croatia,EURO,1453.0,357408,78.0,8080
2021-06-13,HR,Croatia,EURO,1096.0,358504,52.0,8132
2021-06-20,HR,Croatia,EURO,611.0,359115,37.0,8169
2021-06-27,HR,Croatia,EURO,492.0,359607,28.0,8197
2021-07-04,HR,Croatia,EURO,574.0,360181,18.0,8215
2021-07-11,HR,Croatia,EURO,587.0,360768,12.0,8227
2021-07-18,HR,Croatia,EURO,720.0,361488,9.0,8236
2021-07-25,HR,Croatia,EURO,1008.0,362496,9.0,8245
2021-08-01,HR,Croatia,EURO,1119.0,363615,14.0,8259
2021-08-08,HR,Croatia,EURO,1217.0,364832,12.0,8271
2021-08-15,HR,Croatia,EURO,1892.0,366724,11.0,8282
2021-08-22,HR,Croatia,EURO,2668.0,369392,16.0,8298
2021-08-29,HR,Croatia,EURO,3422.0,372814,26.0,8324
2021-09-05,HR,Croatia,EURO,4485.0,377299,38.0,8362
2021-09-12,HR,Croatia,EURO,5809.0,383108,65.0,8427
2021-09-19,HR,Croatia,EURO,8001.0,391109,66.0,8493
2021-09-26,HR,Croatia,EURO,7945.0,399054,87.0,8580
2021-10-03,HR,Croatia,EURO,8701.0,407755,84.0,8664
2021-10-10,HR,Croatia,EURO,9195.0,416950,99.0,8763
2021-10-17,HR,Croatia,EURO,9663.0,426613,114.0,8877
2021-10-24,HR,Croatia,EURO,16419.0,443032,133.0,9010
2021-10-31,HR,Croatia,EURO,23997.0,467029,188.0,9198
2021-11-07,HR,Croatia,EURO,30139.0,497168,252.0,9450
2021-11-14,HR,Croatia,EURO,37433.0,534601,390.0,9840
2021-11-21,HR,Croatia,EURO,31517.0,566118,403.0,10243
2021-11-28,HR,Croatia,EURO,33859.0,599977,452.0,10695
2021-12-05,HR,Croatia,EURO,28264.0,628241,455.0,11150
2021-12-12,HR,Croatia,EURO,23622.0,651863,424.0,11574
2021-12-19,HR,Croatia,EURO,21564.0,673427,356.0,11930
2021-12-26,HR,Croatia,EURO,19675.0,693102,349.0,12279
2022-01-02,HR,Croatia,EURO,27436.0,720538,292.0,12571
2022-01-09,HR,Croatia,EURO,37734.0,758272,270.0,12841
2022-01-16,HR,Croatia,EURO,53431.0,811703,232.0,13073
2022-01-23,HR,Croatia,EURO,58262.0,869965,298.0,13371
2022-01-30,HR,Croatia,EURO,59537.0,929502,360.0,13731
2022-02-06,HR,Croatia,EURO,49498.0,979000,347.0,14078
2022-02-13,HR,Croatia,EURO,33703.0,1012703,346.0,14424
2022-02-20,HR,Croatia,EURO,26454.0,1039157,349.0,14773
2022-02-27,HR,Croatia,EURO,14411.0,1053568,239.0,15012
2022-03-06,HR,Croatia,EURO,9385.0,1062953,182.0,15194
2022-03-13,HR,Croatia,EURO,9477.0,1072430,127.0,15321
2022-03-20,HR,Croatia,EURO,10681.0,1083111,104.0,15425
2022-03-27,HR,Croatia,EURO,9987.0,1093098,84.0,15509
2022-04-03,HR,Croatia,EURO,8823.0,1101921,83.0,15592
2022-04-10,HR,Croatia,EURO,6630.0,1108551,83.0,15675
2022-04-17,HR,Croatia,EURO,4584.0,1113135,50.0,15725
2022-04-24,HR,Croatia,EURO,4040.0,1117175,53.0,15778
2022-05-01,HR,Croatia,EURO,5284.0,1122459,50.0,15828
2022-05-08,HR,Croatia,EURO,4877.0,1127336,53.0,15881
2022-05-15,HR,Croatia,EURO,3769.0,1131105,44.0,15925
2022-05-22,HR,Croatia,EURO,2922.0,1134027,36.0,15961
2022-05-29,HR,Croatia,EURO,2202.0,1136229,18.0,15979
2022-06-05,HR,Croatia,EURO,1635.0,1137864,19.0,15998
2022-06-12,HR,Croatia,EURO,1799.0,1139663,18.0,16016
2022-06-19,HR,Croatia,EURO,1913.0,1141576,11.0,16027
2022-06-26,HR,Croatia,EURO,3477.0,1145053,21.0,16048
2022-07-03,HR,Croatia,EURO,5600.0,1150653,25.0,16073
2022-07-10,HR,Croatia,EURO,7767.0,1158420,30.0,16103
2022-07-17,HR,Croatia,EURO,8712.0,1167132,44.0,16147
2022-07-24,HR,Croatia,EURO,9387.0,1176519,59.0,16206
2022-07-31,HR,Croatia,EURO,9280.0,1185799,94.0,16300
2022-08-07,HR,Croatia,EURO,6756.0,1192555,89.0,16389
2022-08-14,HR,Croatia,EURO,7558.0,1200113,95.0,16484
2022-08-21,HR,Croatia,EURO,5835.0,1205948,75.0,16559
2022-08-28,HR,Croatia,EURO,5471.0,1211419,87.0,16646
2022-09-04,HR,Croatia,EURO,4580.0,1215999,86.0,16732
2022-09-11,HR,Croatia,EURO,4016.0,1220015,60.0,16792
2022-09-18,HR,Croatia,EURO,4351.0,1224366,45.0,16837
2022-09-25,HR,Croatia,EURO,4208.0,1228574,38.0,16875
2022-10-02,HR,Croatia,EURO,4686.0,1233260,37.0,16912
2022-10-09,HR,Croatia,EURO,4427.0,1237687,47.0,16959
2022-10-16,HR,Croatia,EURO,3696.0,1241383,53.0,17012
2022-10-23,HR,Croatia,EURO,2982.0,1244365,58.0,17070
2022-10-30,HR,Croatia,EURO,2366.0,1246731,58.0,17128
2022-11-06,HR,Croatia,EURO,1719.0,1248450,57.0,17185
2022-11-13,HR,Croatia,EURO,1493.0,1249943,33.0,17218
2022-11-20,HR,Croatia,EURO,1282.0,1251225,42.0,17260
2022-11-27,HR,Croatia,EURO,1661.0,1252886,32.0,17292
2022-12-04,HR,Croatia,EURO,1758.0,1254644,47.0,17339
2022-12-11,HR,Croatia,EURO,2174.0,1256818,57.0,17396
2022-12-18,HR,Croatia,EURO,2295.0,1259113,51.0,17447
2022-12-25,HR,Croatia,EURO,2653.0,1261766,68.0,17515
2023-01-01,HR,Croatia,EURO,2135.0,1263901,81.0,17596
2023-01-08,HR,Croatia,EURO,1432.0,1265333,73.0,17669
2023-01-15,HR,Croatia,EURO,1072.0,1266405,90.0,17759
2023-01-22,HR,Croatia,EURO,616.0,1267021,50.0,17809
2023-01-29,HR,Croatia,EURO,446.0,1267467,49.0,17858
2023-02-05,HR,Croatia,EURO,383.0,1267850,33.0,17891
2023-02-12,HR,Croatia,EURO,335.0,1268185,30.0,17921
2023-02-19,HR,Croatia,EURO,376.0,1268561,21.0,17942
2023-02-26,HR,Croatia,EURO,105.0,1268666,8.0,17950
2023-03-05,HR,Croatia,EURO,326.0,1268992,21.0,17971
2023-03-12,HR,Croatia,EURO,334.0,1269326,16.0,17987
2023-03-19,HR,Croatia,EURO,361.0,1269687,19.0,18006
2023-03-26,HR,Croatia,EURO,388.0,1270075,19.0,18025
2023-04-02,HR,Croatia,EURO,438.0,1270513,19.0,18044
2023-04-09,HR,Croatia,EURO,378.0,1270891,25.0,18069
2023-04-16,HR,Croatia,EURO,385.0,1271276,22.0,18091
2023-04-23,HR,Croatia,EURO,542.0,1271818,38.0,18129
2023-04-30,HR,Croatia,EURO,559.0,1272377,26.0,18155
2023-05-07,HR,Croatia,EURO,509.0,1272886,25.0,18180
2023-05-14,HR,Croatia,EURO,370.0,1273256,33.0,18213
2023-05-21,HR,Croatia,EURO,252.0,1273508,17.0,18230
2023-05-28,HR,Croatia,EURO,163.0,1273671,16.0,18246
2023-06-04,HR,Croatia,EURO,124.0,1273795,9.0,18255
2023-06-11,HR,Croatia,EURO,76.0,1273871,11.0,18266
2023-06-18,HR,Croatia,EURO,36.0,1273907,1.0,18267
2023-06-25,HR,Croatia,EURO,52.0,1273959,2.0,18269
2023-07-02,HR,Croatia,EURO,32.0,1273991,4.0,18273
2023-07-09,HR,Croatia,EURO,23.0,1274014,2.0,18275
2023-07-16,HR,Croatia,EURO,26.0,1274040,1.0,18276
2023-07-23,HR,Croatia,EURO,28.0,1274068,5.0,18281
2023-07-30,HR,Croatia,EURO,22.0,1274090,1.0,18282
2023-08-06,HR,Croatia,EURO,33.0,1274123,4.0,18286
2023-08-13,HR,Croatia,EURO,31.0,1274154,2.0,18288
2023-08-20,HR,Croatia,EURO,44.0,1274198,2.0,18290
2023-08-27,HR,Croatia,EURO,83.0,1274281,2.0,18292
2023-09-03,HR,Croatia,EURO,153.0,1274434,5.0,18297
2023-09-10,HR,Croatia,EURO,169.0,1274603,9.0,18306
2023-09-17,HR,Croatia,EURO,231.0,1274834,12.0,18318
2023-09-24,HR,Croatia,EURO,237.0,1275071,14.0,18332
2023-10-01,HR,Croatia,EURO,266.0,1275337,19.0,18351
2023-10-08,HR,Croatia,EURO,222.0,1275559,7.0,18358
2023-10-15,HR,Croatia,EURO,203.0,1275762,16.0,18374
2023-10-22,HR,Croatia,EURO,239.0,1276001,23.0,18397
2023-10-29,HR,Croatia,EURO,215.0,1276216,17.0,18414
2023-11-05,HR,Croatia,EURO,1692.0,1277908,19.0,18433
2023-11-12,HR,Croatia,EURO,1982.0,1279890,13.0,18446
2023-11-19,HR,Croatia,EURO,2535.0,1282425,24.0,18470
2023-11-26,HR,Croatia,EURO,3035.0,1285460,17.0,18487
2023-12-03,HR,Croatia,EURO,4369.0,1289829,42.0,18529
2023-12-10,HR,Croatia,EURO,5294.0,1295123,43.0,18572
2023-12-17,HR,Croatia,EURO,6422.0,1301545,55.0,18627
2023-12-24,HR,Croatia,EURO,5383.0,1306928,37.0,18664
2023-12-31,HR,Croatia,EURO,2800.0,1309728,23.0,18687
2024-01-07,HR,Croatia,EURO,2365.0,1312093,38.0,18725
2024-01-14,HR,Croatia,EURO,1598.0,1313691,7.0,18732
2024-01-21,HR,Croatia,EURO,1012.0,1314703,4.0,18736
2024-01-28,HR,Croatia,EURO,682.0,1315385,8.0,18744
2024-02-04,HR,Croatia,EURO,435.0,1315820,4.0,18748
2024-02-11,HR,Croatia,EURO,300.0,1316120,0.0,18748
2024-02-18,HR,Croatia,EURO,183.0,1316303,0.0,18748
2024-02-25,HR,Croatia,EURO,158.0,1316461,1.0,18749
2024-03-03,HR,Croatia,EURO,108.0,1316569,1.0,18750
2024-03-10,HR,Croatia,EURO,72.0,1316641,0.0,18750
2024-03-17,HR,Croatia,EURO,64.0,1316705,1.0,18751
2024-03-24,HR,Croatia,EURO,53.0,1316758,0.0,18751
2024-03-31,HR,Croatia,EURO,33.0,1316791,0.0,18751
2024-04-07,HR,Croatia,EURO,32.0,1316823,0.0,18751
2024-04-14,HR,Croatia,EURO,21.0,1316844,1.0,18752
2024-04-21,HR,Croatia,EURO,34.0,1316878,0.0,18752
2024-04-28,HR,Croatia,EURO,34.0,1316912,0.0,18752
