Date_reported,Country_code,Country,WHO_region,New_cases,Cumulative_cases,New_deaths,Cumulative_deaths
2020-01-05,IL,Israel,EURO,0.0,0,0.0,0
2020-01-12,IL,Israel,EURO,0.0,0,0.0,0
2020-01-19,IL,Israel,EURO,0.0,0,0.0,0
2020-01-26,IL,Israel,EURO,0.0,0,0.0,0
2020-02-02,IL,Israel,EURO,0.0,0,0.0,0
2020-02-09,IL,Israel,EURO,0.0,0,0.0,0
2020-02-16,IL,Israel,EURO,9.0,9,0.0,0
2020-02-23,IL,Israel,EURO,1.0,10,0.0,0
2020-03-01,IL,Israel,EURO,5.0,15,0.0,0
2020-03-08,IL,Israel,EURO,26.0,41,0.0,0
2020-03-15,IL,Israel,EURO,151.0,192,0.0,0
2020-03-22,IL,Israel,EURO,844.0,1036,1.0,1
2020-03-29,IL,Israel,EURO,2868.0,3904,12.0,13
2020-04-05,IL,Israel,EURO,4259.0,8163,36.0,49
2020-04-12,IL,Israel,EURO,2786.0,10949,54.0,103
2020-04-19,IL,Israel,EURO,2567.0,13516,63.0,166
2020-04-26,IL,Israel,EURO,1759.0,15275,37.0,203
2020-05-03,IL,Israel,EURO,768.0,16043,30.0,233
2020-05-10,IL,Israel,EURO,293.0,16336,19.0,252
2020-05-17,IL,Israel,EURO,169.0,16505,21.0,273
2020-05-24,IL,Israel,EURO,121.0,16626,10.0,283
2020-05-31,IL,Israel,EURO,344.0,16970,6.0,289
2020-06-07,IL,Israel,EURO,752.0,17722,11.0,300
2020-06-14,IL,Israel,EURO,1260.0,18982,5.0,305
2020-06-21,IL,Israel,EURO,1676.0,20658,5.0,310
2020-06-28,IL,Israel,EURO,2831.0,23489,16.0,326
2020-07-05,IL,Israel,EURO,5810.0,29299,15.0,341
2020-07-12,IL,Israel,EURO,8756.0,38055,34.0,375
2020-07-19,IL,Israel,EURO,11408.0,49463,53.0,428
2020-07-26,IL,Israel,EURO,11867.0,61330,68.0,496
2020-08-02,IL,Israel,EURO,10932.0,72262,83.0,579
2020-08-09,IL,Israel,EURO,10106.0,82368,82.0,661
2020-08-16,IL,Israel,EURO,9839.0,92207,88.0,749
2020-08-23,IL,Israel,EURO,9687.0,101894,87.0,836
2020-08-30,IL,Israel,EURO,11652.0,113546,88.0,924
2020-09-06,IL,Israel,EURO,15508.0,129054,108.0,1032
2020-09-13,IL,Israel,EURO,23881.0,152935,113.0,1145
2020-09-20,IL,Israel,EURO,32590.0,185525,145.0,1290
2020-09-27,IL,Israel,EURO,43128.0,228653,190.0,1480
2020-10-04,IL,Israel,EURO,35988.0,264641,241.0,1721
2020-10-11,IL,Israel,EURO,25121.0,289762,257.0,1978
2020-10-18,IL,Israel,EURO,12757.0,302519,245.0,2223
2020-10-25,IL,Israel,EURO,6926.0,309445,190.0,2413
2020-11-01,IL,Israel,EURO,4652.0,314097,156.0,2569
2020-11-08,IL,Israel,EURO,4530.0,318627,113.0,2682
2020-11-15,IL,Israel,EURO,4585.0,323212,60.0,2742
2020-11-22,IL,Israel,EURO,5091.0,328303,68.0,2810
2020-11-29,IL,Israel,EURO,6362.0,334665,58.0,2868
2020-12-06,IL,Israel,EURO,9033.0,343698,60.0,2928
2020-12-13,IL,Israel,EURO,11998.0,355696,80.0,3008
2020-12-20,IL,Israel,EURO,17326.0,373022,103.0,3111
2020-12-27,IL,Israel,EURO,26083.0,399105,131.0,3242
2021-01-03,IL,Israel,EURO,36643.0,435748,191.0,3433
2021-01-10,IL,Israel,EURO,50749.0,486497,244.0,3677
2021-01-17,IL,Israel,EURO,58256.0,544753,341.0,4018
2021-01-24,IL,Israel,EURO,49873.0,594626,366.0,4384
2021-01-31,IL,Israel,EURO,45816.0,640442,381.0,4765
2021-02-07,IL,Israel,EURO,46171.0,686613,348.0,5113
2021-02-14,IL,Israel,EURO,35955.0,722568,248.0,5361
2021-02-21,IL,Israel,EURO,25826.0,748394,205.0,5566
2021-02-28,IL,Israel,EURO,25825.0,774219,177.0,5743
2021-03-07,IL,Israel,EURO,26152.0,800371,132.0,5875
2021-03-14,IL,Israel,EURO,17889.0,818260,115.0,5990
2021-03-21,IL,Israel,EURO,9371.0,827631,101.0,6091
2021-03-28,IL,Israel,EURO,4543.0,832174,77.0,6168
2021-04-04,IL,Israel,EURO,2360.0,834534,81.0,6249
2021-04-11,IL,Israel,EURO,1684.0,836218,59.0,6308
2021-04-18,IL,Israel,EURO,1052.0,837270,43.0,6351
2021-04-25,IL,Israel,EURO,984.0,838254,24.0,6375
2021-05-02,IL,Israel,EURO,624.0,838878,16.0,6391
2021-05-09,IL,Israel,EURO,404.0,839282,13.0,6404
2021-05-16,IL,Israel,EURO,261.0,839543,8.0,6412
2021-05-23,IL,Israel,EURO,209.0,839752,7.0,6419
2021-05-30,IL,Israel,EURO,150.0,839902,6.0,6425
2021-06-06,IL,Israel,EURO,115.0,840017,4.0,6429
2021-06-13,IL,Israel,EURO,92.0,840109,3.0,6432
2021-06-20,IL,Israel,EURO,184.0,840293,3.0,6435
2021-06-27,IL,Israel,EURO,1095.0,841388,1.0,6436
2021-07-04,IL,Israel,EURO,2005.0,843393,0.0,6436
2021-07-11,IL,Israel,EURO,3244.0,846637,5.0,6441
2021-07-18,IL,Israel,EURO,5222.0,851859,12.0,6453
2021-07-25,IL,Israel,EURO,8764.0,860623,14.0,6467
2021-08-01,IL,Israel,EURO,14859.0,875482,26.0,6493
2021-08-08,IL,Israel,EURO,23515.0,898997,75.0,6568
2021-08-15,IL,Israel,EURO,38065.0,937062,124.0,6692
2021-08-22,IL,Israel,EURO,51170.0,988232,163.0,6855
2021-08-29,IL,Israel,EURO,61130.0,1049362,193.0,7048
2021-09-05,IL,Israel,EURO,66012.0,1115374,208.0,7256
2021-09-12,IL,Israel,EURO,55065.0,1170439,171.0,7427
2021-09-19,IL,Israel,EURO,54413.0,1224852,146.0,7573
2021-09-26,IL,Israel,EURO,40329.0,1265181,143.0,7716
2021-10-03,IL,Israel,EURO,24955.0,1290136,129.0,7845
2021-10-10,IL,Israel,EURO,16145.0,1306281,101.0,7946
2021-10-17,IL,Israel,EURO,11082.0,1317363,82.0,8028
2021-10-24,IL,Israel,EURO,7222.0,1324585,45.0,8073
2021-10-31,IL,Israel,EURO,4653.0,1329238,47.0,8120
2021-11-07,IL,Israel,EURO,3775.0,1333013,22.0,8142
2021-11-14,IL,Israel,EURO,3104.0,1336117,25.0,8167
2021-11-21,IL,Israel,EURO,3191.0,1339308,22.0,8189
2021-11-28,IL,Israel,EURO,3564.0,1342872,12.0,8201
2021-12-05,IL,Israel,EURO,3636.0,1346508,15.0,8216
2021-12-12,IL,Israel,EURO,4294.0,1350802,16.0,8232
2021-12-19,IL,Israel,EURO,4887.0,1355689,13.0,8245
2021-12-26,IL,Israel,EURO,9079.0,1364768,6.0,8251
2022-01-02,IL,Israel,EURO,26891.0,1391659,11.0,8262
2022-01-09,IL,Israel,EURO,112884.0,1504543,24.0,8286
2022-01-16,IL,Israel,EURO,308975.0,1813518,74.0,8360
2022-01-23,IL,Israel,EURO,494733.0,2308251,193.0,8553
2022-01-30,IL,Israel,EURO,474410.0,2782661,336.0,8889
2022-02-06,IL,Israel,EURO,382736.0,3165397,434.0,9323
2022-02-13,IL,Israel,EURO,241078.0,3406475,439.0,9762
2022-02-20,IL,Israel,EURO,135580.0,3542055,262.0,10024
2022-02-27,IL,Israel,EURO,77870.0,3619925,192.0,10216
2022-03-06,IL,Israel,EURO,53061.0,3672986,134.0,10350
2022-03-13,IL,Israel,EURO,43758.0,3716744,71.0,10421
2022-03-20,IL,Israel,EURO,47811.0,3764555,58.0,10479
2022-03-27,IL,Israel,EURO,88966.0,3853521,50.0,10529
2022-04-03,IL,Israel,EURO,86177.0,3939698,63.0,10592
2022-04-10,IL,Israel,EURO,57296.0,3996994,60.0,10652
2022-04-17,IL,Israel,EURO,34453.0,4031447,48.0,10700
2022-04-24,IL,Israel,EURO,25894.0,4057341,46.0,10746
2022-05-01,IL,Israel,EURO,21226.0,4078567,36.0,10782
2022-05-08,IL,Israel,EURO,14419.0,4092986,30.0,10812
2022-05-15,IL,Israel,EURO,15310.0,4108296,20.0,10832
2022-05-22,IL,Israel,EURO,14797.0,4123093,23.0,10855
2022-05-29,IL,Israel,EURO,13249.0,4136342,11.0,10866
2022-06-05,IL,Israel,EURO,16478.0,4152820,14.0,10880
2022-06-12,IL,Israel,EURO,29452.0,4182272,13.0,10893
2022-06-19,IL,Israel,EURO,47448.0,4229720,18.0,10911
2022-06-26,IL,Israel,EURO,67821.0,4297541,49.0,10960
2022-07-03,IL,Israel,EURO,74269.0,4371810,89.0,11049
2022-07-10,IL,Israel,EURO,73628.0,4445438,96.0,11145
2022-07-17,IL,Israel,EURO,60205.0,4505643,103.0,11248
2022-07-24,IL,Israel,EURO,43530.0,4549173,99.0,11347
2022-07-31,IL,Israel,EURO,30706.0,4579879,82.0,11429
2022-08-07,IL,Israel,EURO,21063.0,4600942,70.0,11499
2022-08-14,IL,Israel,EURO,13168.0,4614110,52.0,11551
2022-08-21,IL,Israel,EURO,9188.0,4623298,43.0,11594
2022-08-28,IL,Israel,EURO,6922.0,4630220,41.0,11635
2022-09-04,IL,Israel,EURO,6023.0,4636243,26.0,11661
2022-09-11,IL,Israel,EURO,6094.0,4642337,16.0,11677
2022-09-18,IL,Israel,EURO,7637.0,4649974,15.0,11692
2022-09-25,IL,Israel,EURO,7584.0,4657558,9.0,11701
2022-10-02,IL,Israel,EURO,6116.0,4663674,13.0,11714
2022-10-09,IL,Israel,EURO,4937.0,4668611,17.0,11731
2022-10-16,IL,Israel,EURO,4311.0,4672922,17.0,11748
2022-10-23,IL,Israel,EURO,4605.0,4677527,18.0,11766
2022-10-30,IL,Israel,EURO,5518.0,4683045,16.0,11782
2022-11-06,IL,Israel,EURO,6333.0,4689378,15.0,11797
2022-11-13,IL,Israel,EURO,7173.0,4696551,16.0,11813
2022-11-20,IL,Israel,EURO,8825.0,4705376,23.0,11836
2022-11-27,IL,Israel,EURO,10228.0,4715604,24.0,11860
2022-12-04,IL,Israel,EURO,11231.0,4726835,39.0,11899
2022-12-11,IL,Israel,EURO,10967.0,4737802,44.0,11943
2022-12-18,IL,Israel,EURO,10321.0,4748123,42.0,11985
2022-12-25,IL,Israel,EURO,8581.0,4756704,41.0,12026
2023-01-01,IL,Israel,EURO,7374.0,4764078,41.0,12067
2023-01-08,IL,Israel,EURO,6639.0,4770717,46.0,12113
2023-01-15,IL,Israel,EURO,5328.0,4776045,24.0,12137
2023-01-22,IL,Israel,EURO,4576.0,4780621,36.0,12173
2023-01-29,IL,Israel,EURO,4168.0,4784789,26.0,12199
2023-02-05,IL,Israel,EURO,3442.0,4788231,26.0,12225
2023-02-12,IL,Israel,EURO,2878.0,4791109,19.0,12244
2023-02-19,IL,Israel,EURO,3097.0,4794206,21.0,12265
2023-02-26,IL,Israel,EURO,3552.0,4797758,26.0,12291
2023-03-05,IL,Israel,EURO,3657.0,4801415,25.0,12316
2023-03-12,IL,Israel,EURO,3462.0,4804877,23.0,12339
2023-03-19,IL,Israel,EURO,3838.0,4808715,32.0,12371
2023-03-26,IL,Israel,EURO,3192.0,4811907,22.0,12393
2023-04-02,IL,Israel,EURO,2791.0,4814698,24.0,12417
2023-04-09,IL,Israel,EURO,1969.0,4816667,16.0,12433
2023-04-16,IL,Israel,EURO,1852.0,4818519,22.0,12455
2023-04-23,IL,Israel,EURO,1956.0,4820475,25.0,12480
2023-04-30,IL,Israel,EURO,1334.0,4821809,19.0,12499
2023-05-07,IL,Israel,EURO,1540.0,4823349,12.0,12511
2023-05-14,IL,Israel,EURO,1169.0,4824518,7.0,12518
2023-05-21,IL,Israel,EURO,850.0,4825368,16.0,12534
2023-05-28,IL,Israel,EURO,688.0,4826056,7.0,12541
2023-06-04,IL,Israel,EURO,745.0,4826801,9.0,12550
2023-06-11,IL,Israel,EURO,735.0,4827536,8.0,12558
2023-06-18,IL,Israel,EURO,601.0,4828137,6.0,12564
2023-06-25,IL,Israel,EURO,597.0,4828734,3.0,12567
2023-07-02,IL,Israel,EURO,514.0,4829248,6.0,12573
2023-07-09,IL,Israel,EURO,497.0,4829745,6.0,12579
2023-07-16,IL,Israel,EURO,539.0,4830284,4.0,12583
2023-07-23,IL,Israel,EURO,535.0,4830819,6.0,12589
2023-07-30,IL,Israel,EURO,563.0,4831382,8.0,12597
2023-08-06,IL,Israel,EURO,541.0,4831923,10.0,12607
2023-08-13,IL,Israel,EURO,601.0,4832524,17.0,12624
2023-08-20,IL,Israel,EURO,747.0,4833271,9.0,12633
2023-08-27,IL,Israel,EURO,866.0,4834137,10.0,12643
2023-09-03,IL,Israel,EURO,985.0,4835122,9.0,12652
2023-09-10,IL,Israel,EURO,1048.0,4836170,16.0,12668
2023-09-17,IL,Israel,EURO,1269.0,4837439,10.0,12678
2023-09-24,IL,Israel,EURO,1464.0,4838903,9.0,12687
2023-10-01,IL,Israel,EURO,1038.0,4839941,10.0,12697
2023-10-08,IL,Israel,EURO,784.0,4840725,0.0,12697
2023-10-15,IL,Israel,EURO,389.0,4841114,1.0,12698
2023-10-22,IL,Israel,EURO,264.0,4841378,5.0,12703
2023-10-29,IL,Israel,EURO,180.0,4841558,4.0,12707
2023-11-05,IL,Israel,EURO,0.0,4841558,0.0,12707
2023-11-12,IL,Israel,EURO,0.0,4841558,0.0,12707
2023-11-19,IL,Israel,EURO,0.0,4841558,0.0,12707
2023-11-26,IL,Israel,EURO,0.0,4841558,0.0,12707
2023-12-03,IL,Israel,EURO,0.0,4841558,0.0,12707
2023-12-10,IL,Israel,EURO,0.0,4841558,0.0,12707
2023-12-17,IL,Israel,EURO,0.0,4841558,0.0,12707
2023-12-24,IL,Israel,EURO,0.0,4841558,0.0,12707
2023-12-31,IL,Israel,EURO,0.0,4841558,0.0,12707
2024-01-07,IL,Israel,EURO,0.0,4841558,0.0,12707
2024-01-14,IL,Israel,EURO,0.0,4841558,0.0,12707
2024-01-21,IL,Israel,EURO,0.0,4841558,0.0,12707
2024-01-28,IL,Israel,EURO,0.0,4841558,0.0,12707
2024-02-04,IL,Israel,EURO,0.0,4841558,0.0,12707
2024-02-11,IL,Israel,EURO,0.0,4841558,0.0,12707
2024-02-18,IL,Israel,EURO,0.0,4841558,0.0,12707
2024-02-25,IL,Israel,EURO,0.0,4841558,0.0,12707
2024-03-03,IL,Israel,EURO,0.0,4841558,0.0,12707
2024-03-10,IL,Israel,EURO,0.0,4841558,0.0,12707
2024-03-17,IL,Israel,EURO,0.0,4841558,0.0,12707
2024-03-24,IL,Israel,EURO,0.0,4841558,0.0,12707
2024-03-31,IL,Israel,EURO,0.0,4841558,0.0,12707
2024-04-07,IL,Israel,EURO,0.0,4841558,0.0,12707
2024-04-14,IL,Israel,EURO,0.0,4841558,0.0,12707
2024-04-21,IL,Israel,EURO,0.0,4841558,0.0,12707
2024-04-28,IL,Israel,EURO,0.0,4841558,0.0,12707
