Date_reported,Country_code,Country,WHO_region,New_cases,Cumulative_cases,New_deaths,Cumulative_deaths
2020-01-05,IM,Isle of Man,,0.0,0,0.0,0
2020-01-12,IM,Isle of Man,,0.0,0,0.0,0
2020-01-19,IM,Isle of Man,,0.0,0,0.0,0
2020-01-26,IM,Isle of Man,,0.0,0,0.0,0
2020-02-02,IM,Isle of Man,,0.0,0,0.0,0
2020-02-09,IM,Isle of Man,,0.0,0,0.0,0
2020-02-16,IM,Isle of Man,,0.0,0,0.0,0
2020-02-23,IM,Isle of Man,,0.0,0,0.0,0
2020-03-01,IM,Isle of Man,,0.0,0,0.0,0
2020-03-08,IM,Isle of Man,,0.0,0,0.0,0
2020-03-15,IM,Isle of Man,,0.0,0,0.0,0
2020-03-22,IM,Isle of Man,,2.0,2,0.0,0
2020-03-29,IM,Isle of Man,,30.0,32,0.0,0
2020-04-05,IM,Isle of Man,,88.0,120,1.0,1
2020-04-12,IM,Isle of Man,,86.0,206,5.0,6
2020-04-19,IM,Isle of Man,,87.0,293,3.0,9
2020-04-26,IM,Isle of Man,,17.0,310,14.0,23
2020-05-03,IM,Isle of Man,,11.0,321,5.0,28
2020-05-10,IM,Isle of Man,,10.0,331,5.0,33
2020-05-17,IM,Isle of Man,,6.0,337,1.0,34
2020-05-24,IM,Isle of Man,,1.0,338,0.0,34
2020-05-31,IM,Isle of Man,,0.0,338,0.0,34
2020-06-07,IM,Isle of Man,,0.0,338,0.0,34
2020-06-14,IM,Isle of Man,,0.0,338,0.0,34
2020-06-21,IM,Isle of Man,,0.0,338,0.0,34
2020-06-28,IM,Isle of Man,,0.0,338,0.0,34
2020-07-05,IM,Isle of Man,,0.0,338,0.0,34
2020-07-12,IM,Isle of Man,,0.0,338,0.0,34
2020-07-19,IM,Isle of Man,,0.0,338,0.0,34
2020-07-26,IM,Isle of Man,,0.0,338,0.0,34
2020-08-02,IM,Isle of Man,,0.0,338,0.0,34
2020-08-09,IM,Isle of Man,,0.0,338,0.0,34
2020-08-16,IM,Isle of Man,,0.0,338,0.0,34
2020-08-23,IM,Isle of Man,,0.0,338,0.0,34
2020-08-30,IM,Isle of Man,,0.0,338,0.0,34
2020-09-06,IM,Isle of Man,,0.0,338,0.0,34
2020-09-13,IM,Isle of Man,,1.0,339,0.0,34
2020-09-20,IM,Isle of Man,,2.0,341,0.0,34
2020-09-27,IM,Isle of Man,,1.0,342,0.0,34
2020-10-04,IM,Isle of Man,,1.0,343,0.0,34
2020-10-11,IM,Isle of Man,,4.0,347,0.0,34
2020-10-18,IM,Isle of Man,,3.0,350,0.0,34
2020-10-25,IM,Isle of Man,,0.0,350,0.0,34
2020-11-01,IM,Isle of Man,,5.0,355,0.0,34
2020-11-08,IM,Isle of Man,,4.0,359,0.0,34
2020-11-15,IM,Isle of Man,,6.0,365,1.0,35
2020-11-22,IM,Isle of Man,,5.0,370,0.0,35
2020-11-29,IM,Isle of Man,,1.0,371,0.0,35
2020-12-06,IM,Isle of Man,,1.0,372,0.0,35
2020-12-13,IM,Isle of Man,,0.0,372,0.0,35
2020-12-20,IM,Isle of Man,,3.0,375,0.0,35
2020-12-27,IM,Isle of Man,,2.0,377,0.0,35
2021-01-03,IM,Isle of Man,,5.0,382,0.0,35
2021-01-10,IM,Isle of Man,,14.0,396,0.0,35
2021-01-17,IM,Isle of Man,,32.0,428,0.0,35
2021-01-24,IM,Isle of Man,,4.0,432,0.0,35
2021-01-31,IM,Isle of Man,,2.0,434,0.0,35
2021-02-07,IM,Isle of Man,,0.0,434,0.0,35
2021-02-14,IM,Isle of Man,,2.0,436,0.0,35
2021-02-21,IM,Isle of Man,,13.0,449,0.0,35
2021-02-28,IM,Isle of Man,,34.0,483,0.0,35
2021-03-07,IM,Isle of Man,,192.0,675,0.0,35
2021-03-14,IM,Isle of Man,,556.0,1231,1.0,36
2021-03-21,IM,Isle of Man,,229.0,1460,0.0,36
2021-03-28,IM,Isle of Man,,93.0,1553,3.0,39
2021-04-04,IM,Isle of Man,,16.0,1569,0.0,39
2021-04-11,IM,Isle of Man,,4.0,1573,0.0,39
2021-04-18,IM,Isle of Man,,0.0,1573,0.0,39
2021-04-25,IM,Isle of Man,,10.0,1583,0.0,39
2021-05-02,IM,Isle of Man,,4.0,1587,0.0,39
2021-05-09,IM,Isle of Man,,1.0,1588,0.0,39
2021-05-16,IM,Isle of Man,,0.0,1588,0.0,39
2021-05-23,IM,Isle of Man,,1.0,1589,0.0,39
2021-05-30,IM,Isle of Man,,2.0,1591,0.0,39
2021-06-06,IM,Isle of Man,,5.0,1596,0.0,39
2021-06-13,IM,Isle of Man,,2.0,1598,0.0,39
2021-06-20,IM,Isle of Man,,0.0,1598,0.0,39
2021-06-27,IM,Isle of Man,,7.0,1605,0.0,39
2021-07-04,IM,Isle of Man,,29.0,1634,0.0,39
2021-07-11,IM,Isle of Man,,53.0,1687,0.0,39
2021-07-18,IM,Isle of Man,,512.0,2199,0.0,39
2021-07-25,IM,Isle of Man,,1576.0,3775,0.0,39
2021-08-01,IM,Isle of Man,,952.0,4727,4.0,43
2021-08-08,IM,Isle of Man,,696.0,5423,3.0,46
2021-08-15,IM,Isle of Man,,484.0,5907,1.0,47
2021-08-22,IM,Isle of Man,,358.0,6265,1.0,48
2021-08-29,IM,Isle of Man,,310.0,6575,0.0,48
2021-09-05,IM,Isle of Man,,224.0,6799,0.0,48
2021-09-12,IM,Isle of Man,,188.0,6987,1.0,49
2021-09-19,IM,Isle of Man,,148.0,7135,1.0,50
2021-09-26,IM,Isle of Man,,228.0,7363,1.0,51
2021-10-03,IM,Isle of Man,,271.0,7634,1.0,52
2021-10-10,IM,Isle of Man,,393.0,8027,2.0,54
2021-10-17,IM,Isle of Man,,478.0,8505,2.0,56
2021-10-24,IM,Isle of Man,,601.0,9106,1.0,57
2021-10-31,IM,Isle of Man,,538.0,9644,0.0,57
2021-11-07,IM,Isle of Man,,297.0,9941,3.0,60
2021-11-14,IM,Isle of Man,,284.0,10225,4.0,64
2021-11-21,IM,Isle of Man,,332.0,10557,2.0,66
2021-11-28,IM,Isle of Man,,528.0,11085,0.0,66
2021-12-05,IM,Isle of Man,,789.0,11874,1.0,67
2021-12-12,IM,Isle of Man,,651.0,12525,0.0,67
2021-12-19,IM,Isle of Man,,514.0,13039,0.0,67
2021-12-26,IM,Isle of Man,,874.0,13913,0.0,67
2022-01-02,IM,Isle of Man,,2394.0,16307,0.0,67
2022-01-09,IM,Isle of Man,,2474.0,18781,1.0,68
2022-01-16,IM,Isle of Man,,1156.0,19937,2.0,70
2022-01-23,IM,Isle of Man,,785.0,20722,0.0,70
2022-01-30,IM,Isle of Man,,611.0,21333,1.0,71
2022-02-06,IM,Isle of Man,,465.0,21798,2.0,73
2022-02-13,IM,Isle of Man,,258.0,22056,4.0,77
2022-02-20,IM,Isle of Man,,245.0,22301,2.0,79
2022-02-27,IM,Isle of Man,,376.0,22677,1.0,80
2022-03-06,IM,Isle of Man,,736.0,23413,0.0,80
2022-03-13,IM,Isle of Man,,903.0,24316,1.0,81
2022-03-20,IM,Isle of Man,,1814.0,26130,0.0,81
2022-03-27,IM,Isle of Man,,1637.0,27767,1.0,82
2022-04-03,IM,Isle of Man,,1123.0,28890,2.0,84
2022-04-10,IM,Isle of Man,,1279.0,30169,3.0,87
2022-04-17,IM,Isle of Man,,0.0,30169,0.0,87
2022-04-24,IM,Isle of Man,,1497.0,31666,11.0,98
2022-05-01,IM,Isle of Man,,539.0,32205,4.0,102
2022-05-08,IM,Isle of Man,,219.0,32424,2.0,104
2022-05-15,IM,Isle of Man,,176.0,32600,1.0,105
2022-05-22,IM,Isle of Man,,194.0,32794,0.0,105
2022-05-29,IM,Isle of Man,,172.0,32966,1.0,106
2022-06-05,IM,Isle of Man,,132.0,33098,1.0,107
2022-06-12,IM,Isle of Man,,153.0,33251,0.0,107
2022-06-19,IM,Isle of Man,,570.0,33821,0.0,107
2022-06-26,IM,Isle of Man,,0.0,33821,1.0,108
2022-07-03,IM,Isle of Man,,2642.0,36463,0.0,108
2022-07-10,IM,Isle of Man,,535.0,36998,2.0,110
2022-07-17,IM,Isle of Man,,241.0,37239,0.0,110
2022-07-24,IM,Isle of Man,,299.0,37538,1.0,111
2022-07-31,IM,Isle of Man,,158.0,37696,3.0,114
2022-08-07,IM,Isle of Man,,98.0,37794,0.0,114
2022-08-14,IM,Isle of Man,,0.0,37794,0.0,114
2022-08-21,IM,Isle of Man,,0.0,37794,1.0,115
2022-08-28,IM,Isle of Man,,214.0,38008,1.0,116
2022-09-04,IM,Isle of Man,,0.0,38008,0.0,116
2022-09-11,IM,Isle of Man,,0.0,38008,0.0,116
2022-09-18,IM,Isle of Man,,0.0,38008,0.0,116
2022-09-25,IM,Isle of Man,,0.0,38008,0.0,116
2022-10-02,IM,Isle of Man,,0.0,38008,0.0,116
2022-10-09,IM,Isle of Man,,0.0,38008,0.0,116
2022-10-16,IM,Isle of Man,,0.0,38008,0.0,116
2022-10-23,IM,Isle of Man,,0.0,38008,0.0,116
2022-10-30,IM,Isle of Man,,0.0,38008,0.0,116
2022-11-06,IM,Isle of Man,,0.0,38008,0.0,116
2022-11-13,IM,Isle of Man,,0.0,38008,0.0,116
2022-11-20,IM,Isle of Man,,0.0,38008,0.0,116
2022-11-27,IM,Isle of Man,,0.0,38008,0.0,116
2022-12-04,IM,Isle of Man,,0.0,38008,0.0,116
2022-12-11,IM,Isle of Man,,0.0,38008,0.0,116
2022-12-18,IM,Isle of Man,,0.0,38008,0.0,116
2022-12-25,IM,Isle of Man,,0.0,38008,0.0,116
2023-01-01,IM,Isle of Man,,0.0,38008,0.0,116
2023-01-08,IM,Isle of Man,,0.0,38008,0.0,116
2023-01-15,IM,Isle of Man,,0.0,38008,0.0,116
2023-01-22,IM,Isle of Man,,0.0,38008,0.0,116
2023-01-29,IM,Isle of Man,,0.0,38008,0.0,116
2023-02-05,IM,Isle of Man,,0.0,38008,0.0,116
2023-02-12,IM,Isle of Man,,0.0,38008,0.0,116
2023-02-19,IM,Isle of Man,,0.0,38008,0.0,116
2023-02-26,IM,Isle of Man,,0.0,38008,0.0,116
2023-03-05,IM,Isle of Man,,0.0,38008,0.0,116
2023-03-12,IM,Isle of Man,,0.0,38008,0.0,116
2023-03-19,IM,Isle of Man,,0.0,38008,0.0,116
2023-03-26,IM,Isle of Man,,0.0,38008,0.0,116
2023-04-02,IM,Isle of Man,,0.0,38008,0.0,116
2023-04-09,IM,Isle of Man,,0.0,38008,0.0,116
2023-04-16,IM,Isle of Man,,0.0,38008,0.0,116
2023-04-23,IM,Isle of Man,,0.0,38008,0.0,116
2023-04-30,IM,Isle of Man,,0.0,38008,0.0,116
2023-05-07,IM,Isle of Man,,0.0,38008,0.0,116
2023-05-14,IM,Isle of Man,,0.0,38008,0.0,116
2023-05-21,IM,Isle of Man,,0.0,38008,0.0,116
2023-05-28,IM,Isle of Man,,0.0,38008,0.0,116
2023-06-04,IM,Isle of Man,,0.0,38008,0.0,116
2023-06-11,IM,Isle of Man,,0.0,38008,0.0,116
2023-06-18,IM,Isle of Man,,0.0,38008,0.0,116
2023-06-25,IM,Isle of Man,,0.0,38008,0.0,116
2023-07-02,IM,Isle of Man,,0.0,38008,0.0,116
2023-07-09,IM,Isle of Man,,0.0,38008,0.0,116
2023-07-16,IM,Isle of Man,,0.0,38008,0.0,116
2023-07-23,IM,Isle of Man,,0.0,38008,0.0,116
2023-07-30,IM,Isle of Man,,0.0,38008,0.0,116
2023-08-06,IM,Isle of Man,,0.0,38008,0.0,116
2023-08-13,IM,Isle of Man,,0.0,38008,0.0,116
2023-08-20,IM,Isle of Man,,0.0,38008,0.0,116
2023-08-27,IM,Isle of Man,,0.0,38008,0.0,116
2023-09-03,IM,Isle of Man,,0.0,38008,0.0,116
2023-09-10,IM,Isle of Man,,0.0,38008,0.0,116
2023-09-17,IM,Isle of Man,,0.0,38008,0.0,116
2023-09-24,IM,Isle of Man,,0.0,38008,0.0,116
2023-10-01,IM,Isle of Man,,0.0,38008,0.0,116
2023-10-08,IM,Isle of Man,,0.0,38008,0.0,116
2023-10-15,IM,Isle of Man,,0.0,38008,0.0,116
2023-10-22,IM,Isle of Man,,0.0,38008,0.0,116
2023-10-29,IM,Isle of Man,,0.0,38008,0.0,116
2023-11-05,IM,Isle of Man,,0.0,38008,0.0,116
2023-11-12,IM,Isle of Man,,0.0,38008,0.0,116
2023-11-19,IM,Isle of Man,,0.0,38008,0.0,116
2023-11-26,IM,Isle of Man,,0.0,38008,0.0,116
2023-12-03,IM,Isle of Man,,0.0,38008,0.0,116
2023-12-10,IM,Isle of Man,,0.0,38008,0.0,116
2023-12-17,IM,Isle of Man,,0.0,38008,0.0,116
2023-12-24,IM,Isle of Man,,0.0,38008,0.0,116
2023-12-31,IM,Isle of Man,,0.0,38008,0.0,116
2024-01-07,IM,Isle of Man,,0.0,38008,0.0,116
2024-01-14,IM,Isle of Man,,0.0,38008,0.0,116
2024-01-21,IM,Isle of Man,,0.0,38008,0.0,116
2024-01-28,IM,Isle of Man,,0.0,38008,0.0,116
2024-02-04,IM,Isle of Man,,0.0,38008,0.0,116
2024-02-11,IM,Isle of Man,,0.0,38008,0.0,116
2024-02-18,IM,Isle of Man,,0.0,38008,0.0,116
2024-02-25,IM,Isle of Man,,0.0,38008,0.0,116
2024-03-03,IM,Isle of Man,,0.0,38008,0.0,116
2024-03-10,IM,Isle of Man,,0.0,38008,0.0,116
2024-03-17,IM,Isle of Man,,0.0,38008,0.0,116
2024-03-24,IM,Isle of Man,,0.0,38008,0.0,116
2024-03-31,IM,Isle of Man,,0.0,38008,0.0,116
2024-04-07,IM,Isle of Man,,0.0,38008,0.0,116
2024-04-14,IM,Isle of Man,,0.0,38008,0.0,116
2024-04-21,IM,Isle of Man,,0.0,38008,0.0,116
2024-04-28,IM,Isle of Man,,0.0,38008,0.0,116
