Date_reported,Country_code,Country,WHO_region,New_cases,Cumulative_cases,New_deaths,Cumulative_deaths
2020-01-05,IT,Italy,EURO,0.0,0,0.0,0
2020-01-12,IT,Italy,EURO,0.0,0,0.0,0
2020-01-19,IT,Italy,EURO,0.0,0,0.0,0
2020-01-26,IT,Italy,EURO,0.0,0,0.0,0
2020-02-02,IT,Italy,EURO,3.0,3,0.0,0
2020-02-09,IT,Italy,EURO,0.0,3,0.0,0
2020-02-16,IT,Italy,EURO,0.0,3,0.0,0
2020-02-23,IT,Italy,EURO,76.0,79,2.0,2
2020-03-01,IT,Italy,EURO,1049.0,1128,27.0,29
2020-03-08,IT,Italy,EURO,4755.0,5883,204.0,233
2020-03-15,IT,Italy,EURO,15274.0,21157,1208.0,1441
2020-03-22,IT,Italy,EURO,32421.0,53578,3384.0,4825
2020-03-29,IT,Italy,EURO,38894.0,92472,5198.0,10023
2020-04-05,IT,Italy,EURO,32160.0,124632,5339.0,15362
2020-04-12,IT,Italy,EURO,27639.0,152271,4106.0,19468
2020-04-19,IT,Italy,EURO,23654.0,175925,3759.0,23227
2020-04-26,IT,Italy,EURO,19426.0,195351,3157.0,26384
2020-05-03,IT,Italy,EURO,13977.0,209328,2326.0,28710
2020-05-10,IT,Italy,EURO,8940.0,218268,1685.0,30395
2020-05-17,IT,Italy,EURO,6492.0,224760,1368.0,31763
2020-05-24,IT,Italy,EURO,4567.0,229327,972.0,32735
2020-05-31,IT,Italy,EURO,3337.0,232664,605.0,33340
2020-06-07,IT,Italy,EURO,2137.0,234801,506.0,33846
2020-06-14,IT,Italy,EURO,1850.0,236651,455.0,34301
2020-06-21,IT,Italy,EURO,2023.0,238674,309.0,34610
2020-06-28,IT,Italy,EURO,1861.0,240535,106.0,34716
2020-07-05,IT,Italy,EURO,1283.0,241818,138.0,34854
2020-07-12,IT,Italy,EURO,1408.0,243226,91.0,34945
2020-07-19,IT,Italy,EURO,1389.0,244615,97.0,35042
2020-07-26,IT,Italy,EURO,1648.0,246263,60.0,35102
2020-08-02,IT,Italy,EURO,1968.0,248231,44.0,35146
2020-08-09,IT,Italy,EURO,2271.0,250502,57.0,35203
2020-08-16,IT,Italy,EURO,3335.0,253837,189.0,35392
2020-08-23,IT,Italy,EURO,4698.0,258535,38.0,35430
2020-08-30,IT,Italy,EURO,8717.0,267252,43.0,35473
2020-09-06,IT,Italy,EURO,9484.0,276736,60.0,35533
2020-09-13,IT,Italy,EURO,9960.0,286696,70.0,35603
2020-09-20,IT,Italy,EURO,10272.0,296968,89.0,35692
2020-09-27,IT,Italy,EURO,11535.0,308503,126.0,35818
2020-10-04,IT,Italy,EURO,14647.0,323150,150.0,35968
2020-10-11,IT,Italy,EURO,26743.0,349893,172.0,36140
2020-10-18,IT,Italy,EURO,53042.0,402935,334.0,36474
2020-10-25,IT,Italy,EURO,101973.0,504908,736.0,37210
2020-11-01,IT,Italy,EURO,174921.0,679829,1408.0,38618
2020-11-08,IT,Italy,EURO,223060.0,902889,2445.0,41063
2020-11-15,IT,Italy,EURO,242062.0,1144951,3620.0,44683
2020-11-22,IT,Italy,EURO,235979.0,1380930,4578.0,49261
2020-11-29,IT,Italy,EURO,184001.0,1564931,5102.0,54363
2020-12-06,IT,Italy,EURO,145459.0,1710390,5151.0,59514
2020-12-13,IT,Italy,EURO,115784.0,1826174,4522.0,64036
2020-12-20,IT,Italy,EURO,112308.0,1938482,4411.0,68447
2020-12-27,IT,Italy,EURO,100700.0,2039182,3180.0,71627
2021-01-03,IT,Italy,EURO,102019.0,2141201,3358.0,74985
2021-01-10,IT,Italy,EURO,116665.0,2257866,3409.0,78394
2021-01-17,IT,Italy,EURO,110867.0,2368733,3406.0,81800
2021-01-24,IT,Italy,EURO,86452.0,2455185,3362.0,85162
2021-01-31,IT,Italy,EURO,86598.0,2541783,3117.0,88279
2021-02-07,IT,Italy,EURO,83315.0,2625098,2724.0,91003
2021-02-14,IT,Italy,EURO,85721.0,2710819,2353.0,93356
2021-02-21,IT,Italy,EURO,84977.0,2795796,2130.0,95486
2021-02-28,IT,Italy,EURO,112029.0,2907825,2021.0,97507
2021-03-07,IT,Italy,EURO,138937.0,3046762,2071.0,99578
2021-03-14,IT,Italy,EURO,155076.0,3201838,2303.0,101881
2021-03-21,IT,Italy,EURO,154493.0,3356331,2761.0,104642
2021-03-28,IT,Italy,EURO,156059.0,3512390,2994.0,107636
2021-04-04,IT,Italy,EURO,137857.0,3650247,3068.0,110704
2021-04-11,IT,Italy,EURO,103830.0,3754077,3219.0,113923
2021-04-18,IT,Italy,EURO,103366.0,3857443,2753.0,116676
2021-04-25,IT,Italy,EURO,92074.0,3949517,2345.0,119021
2021-05-02,IT,Italy,EURO,86100.0,4035617,2012.0,121033
2021-05-09,IT,Italy,EURO,67304.0,4102921,1661.0,122694
2021-05-16,IT,Italy,EURO,50453.0,4153374,1369.0,124063
2021-05-23,IT,Italy,EURO,34816.0,4188190,1090.0,125153
2021-05-30,IT,Italy,EURO,24865.0,4213055,849.0,126002
2021-06-06,IT,Italy,EURO,17098.0,4230153,470.0,126472
2021-06-13,IT,Italy,EURO,13329.0,4243482,504.0,126976
2021-06-20,IT,Italy,EURO,8613.0,4252095,277.0,127253
2021-06-27,IT,Italy,EURO,5194.0,4257289,205.0,127458
2021-07-04,IT,Italy,EURO,5222.0,4262511,179.0,127637
2021-07-11,IT,Italy,EURO,7374.0,4269885,131.0,127768
2021-07-18,IT,Italy,EURO,14447.0,4284332,96.0,127864
2021-07-25,IT,Italy,EURO,28341.0,4312673,78.0,127942
2021-08-01,IT,Italy,EURO,37355.0,4350028,121.0,128063
2021-08-08,IT,Italy,EURO,40656.0,4390684,146.0,128209
2021-08-15,IT,Italy,EURO,44324.0,4435008,204.0,128413
2021-08-22,IT,Italy,EURO,43683.0,4478691,315.0,128728
2021-08-29,IT,Italy,EURO,45601.0,4524292,328.0,129056
2021-09-05,IT,Italy,EURO,41834.0,4566126,410.0,129466
2021-09-12,IT,Italy,EURO,35623.0,4601749,419.0,129885
2021-09-19,IT,Italy,EURO,30526.0,4632275,399.0,130284
2021-09-26,IT,Italy,EURO,24940.0,4657215,369.0,130653
2021-10-03,IT,Italy,EURO,21852.0,4679067,345.0,130998
2021-10-10,IT,Italy,EURO,18971.0,4698038,276.0,131274
2021-10-17,IT,Italy,EURO,17426.0,4715464,243.0,131517
2021-10-24,IT,Italy,EURO,21998.0,4737462,285.0,131802
2021-10-31,IT,Italy,EURO,29978.0,4767440,272.0,132074
2021-11-07,IT,Italy,EURO,34785.0,4802225,291.0,132365
2021-11-14,IT,Italy,EURO,50271.0,4852496,374.0,132739
2021-11-21,IT,Italy,EURO,63485.0,4915981,392.0,133131
2021-11-28,IT,Italy,EURO,78910.0,4994891,496.0,133627
2021-12-05,IT,Italy,EURO,99181.0,5094072,525.0,134152
2021-12-12,IT,Italy,EURO,112233.0,5206305,613.0,134765
2021-12-19,IT,Italy,EURO,158547.0,5364852,779.0,135544
2021-12-26,IT,Italy,EURO,257579.0,5622431,986.0,136530
2022-01-02,IT,Italy,EURO,644604.0,6267035,983.0,137513
2022-01-09,IT,Italy,EURO,1014262.0,7281297,1368.0,138881
2022-01-16,IT,Italy,EURO,1268153.0,8549450,1975.0,140856
2022-01-23,IT,Italy,EURO,1231741.0,9781191,2440.0,143296
2022-01-30,IT,Italy,EURO,1040184.0,10821375,2618.0,145914
2022-02-06,IT,Italy,EURO,721418.0,11542793,2628.0,148542
2022-02-13,IT,Italy,EURO,510537.0,12053330,2282.0,150824
2022-02-20,IT,Italy,EURO,374443.0,12427773,2024.0,152848
2022-02-27,IT,Italy,EURO,304907.0,12732680,1568.0,154416
2022-03-06,IT,Italy,EURO,257543.0,12990223,1366.0,155782
2022-03-13,IT,Italy,EURO,332905.0,13323128,1000.0,156782
2022-03-20,IT,Italy,EURO,477051.0,13800179,910.0,157692
2022-03-27,IT,Italy,EURO,503932.0,14304111,1008.0,158700
2022-04-03,IT,Italy,EURO,486695.0,14790806,966.0,159666
2022-04-10,IT,Italy,EURO,447322.0,15238128,992.0,160658
2022-04-17,IT,Italy,EURO,421707.0,15659835,944.0,161602
2022-04-24,IT,Italy,EURO,419374.0,16079209,1007.0,162609
2022-05-01,IT,Italy,EURO,383991.0,16463200,898.0,163507
2022-05-08,IT,Italy,EURO,304573.0,16767773,910.0,164417
2022-05-15,IT,Italy,EURO,262374.0,17030147,765.0,165182
2022-05-22,IT,Italy,EURO,199116.0,17229263,736.0,165918
2022-05-29,IT,Italy,EURO,144478.0,17373741,624.0,166542
2022-06-05,IT,Italy,EURO,116710.0,17490451,380.0,166922
2022-06-12,IT,Italy,EURO,143614.0,17634065,443.0,167365
2022-06-19,IT,Italy,EURO,210840.0,17844905,338.0,167703
2022-06-26,IT,Italy,EURO,340012.0,18184917,355.0,168058
2022-07-03,IT,Italy,EURO,511037.0,18695954,430.0,168488
2022-07-10,IT,Italy,EURO,661984.0,19357938,574.0,169062
2022-07-17,IT,Italy,EURO,718925.0,20076863,784.0,169846
2022-07-24,IT,Italy,EURO,531327.0,20608190,952.0,170798
2022-07-31,IT,Italy,EURO,394583.0,21002773,1205.0,172003
2022-08-07,IT,Italy,EURO,283998.0,21286771,1059.0,173062
2022-08-14,IT,Italy,EURO,193305.0,21480076,920.0,173982
2022-08-21,IT,Italy,EURO,150922.0,21630998,677.0,174659
2022-08-28,IT,Italy,EURO,157864.0,21788862,647.0,175306
2022-09-04,IT,Italy,EURO,136211.0,21925073,496.0,175802
2022-09-11,IT,Italy,EURO,110644.0,22035717,373.0,176175
2022-09-18,IT,Italy,EURO,113218.0,22148935,371.0,176546
2022-09-25,IT,Italy,EURO,135877.0,22284812,321.0,176867
2022-10-02,IT,Italy,EURO,215534.0,22500346,263.0,177130
2022-10-09,IT,Italy,EURO,280947.0,22781293,348.0,177478
2022-10-16,IT,Italy,EURO,288452.0,23069745,478.0,177956
2022-10-23,IT,Italy,EURO,252777.0,23322522,586.0,178542
2022-10-30,IT,Italy,EURO,208501.0,23531023,559.0,179101
2022-11-06,IT,Italy,EURO,165989.0,23697012,554.0,179655
2022-11-13,IT,Italy,EURO,181181.0,23878193,484.0,180139
2022-11-20,IT,Italy,EURO,221013.0,24099206,540.0,180679
2022-11-27,IT,Italy,EURO,228458.0,24327664,592.0,181271
2022-12-04,IT,Italy,EURO,227792.0,24555456,673.0,181944
2022-12-11,IT,Italy,EURO,198433.0,24753889,675.0,182619
2022-12-18,IT,Italy,EURO,174187.0,24928076,751.0,183370
2022-12-25,IT,Italy,EURO,132427.0,25060503,798.0,184168
2023-01-01,IT,Italy,EURO,132328.0,25192831,750.0,184918
2023-01-08,IT,Italy,EURO,108312.0,25301143,614.0,185532
2023-01-15,IT,Italy,EURO,79745.0,25380888,626.0,186158
2023-01-22,IT,Italy,EURO,47190.0,25428078,443.0,186601
2023-01-29,IT,Italy,EURO,36722.0,25464800,303.0,186904
2023-02-05,IT,Italy,EURO,32751.0,25497551,455.0,187359
2023-02-12,IT,Italy,EURO,29286.0,25526837,259.0,187618
2023-02-19,IT,Italy,EURO,29146.0,25555983,309.0,187927
2023-02-26,IT,Italy,EURO,29177.0,25585160,247.0,188174
2023-03-05,IT,Italy,EURO,25133.0,25610293,222.0,188396
2023-03-12,IT,Italy,EURO,24149.0,25634442,198.0,188594
2023-03-19,IT,Italy,EURO,23041.0,25657483,201.0,188795
2023-03-26,IT,Italy,EURO,22665.0,25680148,179.0,188974
2023-04-02,IT,Italy,EURO,20999.0,25701147,181.0,189155
2023-04-09,IT,Italy,EURO,19907.0,25721054,148.0,189303
2023-04-16,IT,Italy,EURO,24746.0,25745800,137.0,189440
2023-04-23,IT,Italy,EURO,26659.0,25772459,187.0,189627
2023-04-30,IT,Italy,EURO,23050.0,25795509,159.0,189786
2023-05-07,IT,Italy,EURO,19894.0,25815403,182.0,189968
2023-05-14,IT,Italy,EURO,17110.0,25832513,154.0,190122
2023-05-21,IT,Italy,EURO,14163.0,25846676,164.0,190286
2023-05-28,IT,Italy,EURO,15136.0,25861812,154.0,190440
2023-06-04,IT,Italy,EURO,10983.0,25872795,111.0,190551
2023-06-11,IT,Italy,EURO,9501.0,25882296,104.0,190655
2023-06-18,IT,Italy,EURO,6930.0,25889226,81.0,190736
2023-06-25,IT,Italy,EURO,5292.0,25894518,84.0,190820
2023-07-02,IT,Italy,EURO,4430.0,25898948,67.0,190887
2023-07-09,IT,Italy,EURO,3536.0,25902484,29.0,190916
2023-07-16,IT,Italy,EURO,3405.0,25905889,43.0,190959
2023-07-23,IT,Italy,EURO,3572.0,25909461,43.0,191002
2023-07-30,IT,Italy,EURO,4381.0,25913842,17.0,191019
2023-08-06,IT,Italy,EURO,6352.0,25920194,49.0,191068
2023-08-13,IT,Italy,EURO,6071.0,25926265,76.0,191144
2023-08-20,IT,Italy,EURO,7691.0,25933956,38.0,191182
2023-08-27,IT,Italy,EURO,12948.0,25946904,55.0,191237
2023-09-03,IT,Italy,EURO,17113.0,25964017,81.0,191318
2023-09-10,IT,Italy,EURO,24730.0,25988747,89.0,191407
2023-09-17,IT,Italy,EURO,34727.0,26023474,109.0,191516
2023-09-24,IT,Italy,EURO,37524.0,26060998,134.0,191650
2023-10-01,IT,Italy,EURO,39802.0,26100800,130.0,191780
2023-10-08,IT,Italy,EURO,45648.0,26146448,154.0,191934
2023-10-15,IT,Italy,EURO,38171.0,26184619,164.0,192098
2023-10-22,IT,Italy,EURO,29933.0,26214552,214.0,192312
2023-10-29,IT,Italy,EURO,28440.0,26242992,167.0,192479
2023-11-05,IT,Italy,EURO,24725.0,26267717,155.0,192634
2023-11-12,IT,Italy,EURO,31135.0,26298852,231.0,192865
2023-11-19,IT,Italy,EURO,42369.0,26341221,283.0,193148
2023-11-26,IT,Italy,EURO,49663.0,26390884,308.0,193456
2023-12-03,IT,Italy,EURO,56585.0,26447469,374.0,193830
2023-12-10,IT,Italy,EURO,54286.0,26501755,446.0,194276
2023-12-17,IT,Italy,EURO,66322.0,26568077,462.0,194738
2023-12-24,IT,Italy,EURO,58183.0,26626260,427.0,195165
2023-12-31,IT,Italy,EURO,35424.0,26661684,397.0,195562
2024-01-07,IT,Italy,EURO,21676.0,26683360,382.0,195944
2024-01-14,IT,Italy,EURO,12623.0,26695983,279.0,196223
2024-01-21,IT,Italy,EURO,6701.0,26702684,188.0,196411
2024-01-28,IT,Italy,EURO,4219.0,26706903,143.0,196554
2024-02-04,IT,Italy,EURO,3171.0,26710074,93.0,196647
2024-02-11,IT,Italy,EURO,2450.0,26712524,66.0,196713
2024-02-18,IT,Italy,EURO,1727.0,26714251,59.0,196772
2024-02-25,IT,Italy,EURO,1244.0,26715495,51.0,196823
2024-03-03,IT,Italy,EURO,941.0,26716436,28.0,196851
2024-03-10,IT,Italy,EURO,761.0,26717197,23.0,196874
2024-03-17,IT,Italy,EURO,690.0,26717887,17.0,196891
2024-03-24,IT,Italy,EURO,611.0,26718498,19.0,196910
2024-03-31,IT,Italy,EURO,504.0,26719002,14.0,196924
2024-04-07,IT,Italy,EURO,551.0,26719553,6.0,196930
2024-04-14,IT,Italy,EURO,480.0,26720033,6.0,196936
2024-04-21,IT,Italy,EURO,125.0,26720158,0.0,196936
2024-04-28,IT,Italy,EURO,0.0,26720158,0.0,196936
