Date_reported,Country_code,Country,WHO_region,New_cases,Cumulative_cases,New_deaths,Cumulative_deaths
2020-01-05,JO,Jordan,EMRO,0.0,0,0.0,0
2020-01-12,JO,Jordan,EMRO,0.0,0,0.0,0
2020-01-19,JO,Jordan,EMRO,0.0,0,0.0,0
2020-01-26,JO,Jordan,EMRO,0.0,0,0.0,0
2020-02-02,JO,Jordan,EMRO,0.0,0,0.0,0
2020-02-09,JO,Jordan,EMRO,0.0,0,0.0,0
2020-02-16,JO,Jordan,EMRO,0.0,0,0.0,0
2020-02-23,JO,Jordan,EMRO,0.0,0,0.0,0
2020-03-01,JO,Jordan,EMRO,0.0,0,0.0,0
2020-03-08,JO,Jordan,EMRO,1.0,1,0.0,0
2020-03-15,JO,Jordan,EMRO,0.0,1,0.0,0
2020-03-22,JO,Jordan,EMRO,98.0,99,0.0,0
2020-03-29,JO,Jordan,EMRO,147.0,246,1.0,1
2020-04-05,JO,Jordan,EMRO,77.0,323,4.0,5
2020-04-12,JO,Jordan,EMRO,58.0,381,2.0,7
2020-04-19,JO,Jordan,EMRO,32.0,413,0.0,7
2020-04-26,JO,Jordan,EMRO,20.0,433,0.0,7
2020-05-03,JO,Jordan,EMRO,7.0,440,2.0,9
2020-05-10,JO,Jordan,EMRO,48.0,488,0.0,9
2020-05-17,JO,Jordan,EMRO,61.0,549,0.0,9
2020-05-24,JO,Jordan,EMRO,85.0,634,0.0,9
2020-05-31,JO,Jordan,EMRO,28.0,662,0.0,9
2020-06-07,JO,Jordan,EMRO,31.0,693,0.0,9
2020-06-14,JO,Jordan,EMRO,134.0,827,0.0,9
2020-06-21,JO,Jordan,EMRO,55.0,882,0.0,9
2020-06-28,JO,Jordan,EMRO,86.0,968,0.0,9
2020-07-05,JO,Jordan,EMRO,35.0,1003,1.0,10
2020-07-12,JO,Jordan,EMRO,18.0,1021,0.0,10
2020-07-19,JO,Jordan,EMRO,37.0,1058,1.0,11
2020-07-26,JO,Jordan,EMRO,96.0,1154,0.0,11
2020-08-02,JO,Jordan,EMRO,54.0,1208,0.0,11
2020-08-09,JO,Jordan,EMRO,38.0,1246,0.0,11
2020-08-16,JO,Jordan,EMRO,93.0,1339,0.0,11
2020-08-23,JO,Jordan,EMRO,237.0,1576,0.0,11
2020-08-30,JO,Jordan,EMRO,317.0,1893,4.0,15
2020-09-06,JO,Jordan,EMRO,460.0,2353,1.0,16
2020-09-13,JO,Jordan,EMRO,709.0,3062,6.0,22
2020-09-20,JO,Jordan,EMRO,1478.0,4540,8.0,30
2020-09-27,JO,Jordan,EMRO,3521.0,8061,13.0,43
2020-10-04,JO,Jordan,EMRO,6688.0,14749,45.0,88
2020-10-11,JO,Jordan,EMRO,9249.0,23998,93.0,181
2020-10-18,JO,Jordan,EMRO,12055.0,36053,149.0,330
2020-10-25,JO,Jordan,EMRO,14697.0,50750,210.0,540
2020-11-01,JO,Jordan,EMRO,21857.0,72607,289.0,829
2020-11-08,JO,Jordan,EMRO,32195.0,104802,352.0,1181
2020-11-15,JO,Jordan,EMRO,36503.0,141305,523.0,1704
2020-11-22,JO,Jordan,EMRO,36856.0,178161,468.0,2172
2020-11-29,JO,Jordan,EMRO,32548.0,210709,454.0,2626
2020-12-06,JO,Jordan,EMRO,26804.0,237513,384.0,3010
2020-12-13,JO,Jordan,EMRO,19762.0,257275,325.0,3335
2020-12-20,JO,Jordan,EMRO,15522.0,272797,210.0,3545
2020-12-27,JO,Jordan,EMRO,13559.0,286356,184.0,3729
2021-01-03,JO,Jordan,EMRO,10312.0,296668,148.0,3877
2021-01-10,JO,Jordan,EMRO,9291.0,305959,132.0,4009
2021-01-17,JO,Jordan,EMRO,7598.0,313557,128.0,4137
2021-01-24,JO,Jordan,EMRO,5962.0,319519,80.0,4217
2021-01-31,JO,Jordan,EMRO,6155.0,325674,87.0,4304
2021-02-07,JO,Jordan,EMRO,8181.0,333855,65.0,4369
2021-02-14,JO,Jordan,EMRO,10948.0,344803,75.0,4444
2021-02-21,JO,Jordan,EMRO,15008.0,359811,99.0,4543
2021-02-28,JO,Jordan,EMRO,26685.0,386496,132.0,4675
2021-03-07,JO,Jordan,EMRO,34919.0,421415,225.0,4900
2021-03-14,JO,Jordan,EMRO,47585.0,469000,385.0,5285
2021-03-21,JO,Jordan,EMRO,57666.0,526666,503.0,5788
2021-03-28,JO,Jordan,EMRO,55467.0,582133,684.0,6472
2021-04-04,JO,Jordan,EMRO,44742.0,626875,658.0,7130
2021-04-11,JO,Jordan,EMRO,35520.0,662395,578.0,7708
2021-04-18,JO,Jordan,EMRO,21071.0,683466,470.0,8178
2021-04-25,JO,Jordan,EMRO,16957.0,700423,385.0,8563
2021-05-02,JO,Jordan,EMRO,11654.0,712077,308.0,8871
2021-05-09,JO,Jordan,EMRO,7156.0,719233,205.0,9076
2021-05-16,JO,Jordan,EMRO,4112.0,723345,167.0,9243
2021-05-23,JO,Jordan,EMRO,6361.0,729706,114.0,9357
2021-05-30,JO,Jordan,EMRO,5433.0,735139,86.0,9443
2021-06-06,JO,Jordan,EMRO,4180.0,739319,73.0,9516
2021-06-13,JO,Jordan,EMRO,3512.0,742831,66.0,9582
2021-06-20,JO,Jordan,EMRO,3147.0,745978,74.0,9656
2021-06-27,JO,Jordan,EMRO,3341.0,749319,62.0,9718
2021-07-04,JO,Jordan,EMRO,3298.0,752617,51.0,9769
2021-07-11,JO,Jordan,EMRO,3737.0,756354,57.0,9826
2021-07-18,JO,Jordan,EMRO,4196.0,760550,61.0,9887
2021-07-25,JO,Jordan,EMRO,3372.0,763922,61.0,9948
2021-08-01,JO,Jordan,EMRO,6790.0,770712,84.0,10032
2021-08-08,JO,Jordan,EMRO,5466.0,776178,84.0,10116
2021-08-15,JO,Jordan,EMRO,6032.0,782210,87.0,10203
2021-08-22,JO,Jordan,EMRO,6306.0,788516,82.0,10285
2021-08-29,JO,Jordan,EMRO,5834.0,794350,83.0,10368
2021-09-05,JO,Jordan,EMRO,5890.0,800240,95.0,10463
2021-09-12,JO,Jordan,EMRO,6261.0,806501,79.0,10542
2021-09-19,JO,Jordan,EMRO,6180.0,812681,64.0,10606
2021-09-26,JO,Jordan,EMRO,6115.0,818796,63.0,10669
2021-10-03,JO,Jordan,EMRO,6449.0,825245,67.0,10736
2021-10-10,JO,Jordan,EMRO,7154.0,832399,66.0,10802
2021-10-17,JO,Jordan,EMRO,7718.0,840117,63.0,10865
2021-10-24,JO,Jordan,EMRO,9641.0,849758,76.0,10941
2021-10-31,JO,Jordan,EMRO,11060.0,860818,87.0,11028
2021-11-07,JO,Jordan,EMRO,12889.0,873707,86.0,11114
2021-11-14,JO,Jordan,EMRO,15964.0,889671,101.0,11215
2021-11-21,JO,Jordan,EMRO,21599.0,911270,132.0,11347
2021-11-28,JO,Jordan,EMRO,28023.0,939293,168.0,11515
2021-12-05,JO,Jordan,EMRO,32108.0,971401,200.0,11715
2021-12-12,JO,Jordan,EMRO,34735.0,1006136,226.0,11941
2021-12-19,JO,Jordan,EMRO,27333.0,1033469,250.0,12191
2021-12-26,JO,Jordan,EMRO,17952.0,1051421,253.0,12444
2022-01-02,JO,Jordan,EMRO,12856.0,1064277,240.0,12684
2022-01-09,JO,Jordan,EMRO,13155.0,1077432,172.0,12856
2022-01-16,JO,Jordan,EMRO,20042.0,1097474,118.0,12974
2022-01-23,JO,Jordan,EMRO,36623.0,1134097,88.0,13062
2022-01-30,JO,Jordan,EMRO,63153.0,1197250,112.0,13174
2022-02-06,JO,Jordan,EMRO,116993.0,1314243,126.0,13300
2022-02-13,JO,Jordan,EMRO,136567.0,1450810,177.0,13477
2022-02-20,JO,Jordan,EMRO,110012.0,1560822,180.0,13657
2022-02-27,JO,Jordan,EMRO,56356.0,1617178,141.0,13798
2022-03-06,JO,Jordan,EMRO,37499.0,1654677,84.0,13882
2022-03-13,JO,Jordan,EMRO,25502.0,1680179,77.0,13959
2022-03-20,JO,Jordan,EMRO,9135.0,1689314,44.0,14003
2022-03-27,JO,Jordan,EMRO,3171.0,1692485,28.0,14031
2022-04-03,JO,Jordan,EMRO,1731.0,1694216,17.0,14048
2022-04-10,JO,Jordan,EMRO,741.0,1694957,7.0,14055
2022-04-17,JO,Jordan,EMRO,475.0,1695432,4.0,14059
2022-04-24,JO,Jordan,EMRO,313.0,1695745,5.0,14064
2022-05-01,JO,Jordan,EMRO,225.0,1695970,2.0,14066
2022-05-08,JO,Jordan,EMRO,84.0,1696054,0.0,14066
2022-05-15,JO,Jordan,EMRO,305.0,1696359,0.0,14066
2022-05-22,JO,Jordan,EMRO,309.0,1696668,0.0,14066
2022-05-29,JO,Jordan,EMRO,269.0,1696937,0.0,14066
2022-06-05,JO,Jordan,EMRO,334.0,1697271,2.0,14068
2022-06-12,JO,Jordan,EMRO,402.0,1697673,0.0,14068
2022-06-19,JO,Jordan,EMRO,643.0,1698316,0.0,14068
2022-06-26,JO,Jordan,EMRO,881.0,1699197,0.0,14068
2022-07-03,JO,Jordan,EMRO,1329.0,1700526,0.0,14068
2022-07-10,JO,Jordan,EMRO,2135.0,1702661,1.0,14069
2022-07-17,JO,Jordan,EMRO,2455.0,1705116,1.0,14070
2022-07-24,JO,Jordan,EMRO,4763.0,1709879,4.0,14074
2022-07-31,JO,Jordan,EMRO,5417.0,1715296,9.0,14083
2022-08-07,JO,Jordan,EMRO,5482.0,1720778,7.0,14090
2022-08-14,JO,Jordan,EMRO,5939.0,1726717,5.0,14095
2022-08-21,JO,Jordan,EMRO,4832.0,1731549,10.0,14105
2022-08-28,JO,Jordan,EMRO,3946.0,1735495,5.0,14110
2022-09-04,JO,Jordan,EMRO,3372.0,1738867,4.0,14114
2022-09-11,JO,Jordan,EMRO,3389.0,1742256,0.0,14114
2022-09-18,JO,Jordan,EMRO,2776.0,1745032,2.0,14116
2022-09-25,JO,Jordan,EMRO,1965.0,1746997,6.0,14122
2022-10-02,JO,Jordan,EMRO,0.0,1746997,0.0,14122
2022-10-09,JO,Jordan,EMRO,0.0,1746997,0.0,14122
2022-10-16,JO,Jordan,EMRO,0.0,1746997,0.0,14122
2022-10-23,JO,Jordan,EMRO,0.0,1746997,0.0,14122
2022-10-30,JO,Jordan,EMRO,0.0,1746997,0.0,14122
2022-11-06,JO,Jordan,EMRO,0.0,1746997,0.0,14122
2022-11-13,JO,Jordan,EMRO,0.0,1746997,0.0,14122
2022-11-20,JO,Jordan,EMRO,0.0,1746997,0.0,14122
2022-11-27,JO,Jordan,EMRO,0.0,1746997,0.0,14122
2022-12-04,JO,Jordan,EMRO,0.0,1746997,0.0,14122
2022-12-11,JO,Jordan,EMRO,0.0,1746997,0.0,14122
2022-12-18,JO,Jordan,EMRO,0.0,1746997,0.0,14122
2022-12-25,JO,Jordan,EMRO,0.0,1746997,0.0,14122
2023-01-01,JO,Jordan,EMRO,0.0,1746997,0.0,14122
2023-01-08,JO,Jordan,EMRO,0.0,1746997,0.0,14122
2023-01-15,JO,Jordan,EMRO,0.0,1746997,0.0,14122
2023-01-22,JO,Jordan,EMRO,0.0,1746997,0.0,14122
2023-01-29,JO,Jordan,EMRO,0.0,1746997,0.0,14122
2023-02-05,JO,Jordan,EMRO,0.0,1746997,0.0,14122
2023-02-12,JO,Jordan,EMRO,0.0,1746997,0.0,14122
2023-02-19,JO,Jordan,EMRO,0.0,1746997,0.0,14122
2023-02-26,JO,Jordan,EMRO,0.0,1746997,0.0,14122
2023-03-05,JO,Jordan,EMRO,0.0,1746997,0.0,14122
2023-03-12,JO,Jordan,EMRO,0.0,1746997,0.0,14122
2023-03-19,JO,Jordan,EMRO,0.0,1746997,0.0,14122
2023-03-26,JO,Jordan,EMRO,0.0,1746997,0.0,14122
2023-04-02,JO,Jordan,EMRO,0.0,1746997,0.0,14122
2023-04-09,JO,Jordan,EMRO,0.0,1746997,0.0,14122
2023-04-16,JO,Jordan,EMRO,0.0,1746997,0.0,14122
2023-04-23,JO,Jordan,EMRO,0.0,1746997,0.0,14122
2023-04-30,JO,Jordan,EMRO,0.0,1746997,0.0,14122
2023-05-07,JO,Jordan,EMRO,0.0,1746997,0.0,14122
2023-05-14,JO,Jordan,EMRO,0.0,1746997,0.0,14122
2023-05-21,JO,Jordan,EMRO,0.0,1746997,0.0,14122
2023-05-28,JO,Jordan,EMRO,0.0,1746997,0.0,14122
2023-06-04,JO,Jordan,EMRO,0.0,1746997,0.0,14122
2023-06-11,JO,Jordan,EMRO,0.0,1746997,0.0,14122
2023-06-18,JO,Jordan,EMRO,0.0,1746997,0.0,14122
2023-06-25,JO,Jordan,EMRO,0.0,1746997,0.0,14122
2023-07-02,JO,Jordan,EMRO,0.0,1746997,0.0,14122
2023-07-09,JO,Jordan,EMRO,0.0,1746997,0.0,14122
2023-07-16,JO,Jordan,EMRO,0.0,1746997,0.0,14122
2023-07-23,JO,Jordan,EMRO,0.0,1746997,0.0,14122
2023-07-30,JO,Jordan,EMRO,0.0,1746997,0.0,14122
2023-08-06,JO,Jordan,EMRO,0.0,1746997,0.0,14122
2023-08-13,JO,Jordan,EMRO,0.0,1746997,0.0,14122
2023-08-20,JO,Jordan,EMRO,0.0,1746997,0.0,14122
2023-08-27,JO,Jordan,EMRO,0.0,1746997,0.0,14122
2023-09-03,JO,Jordan,EMRO,0.0,1746997,0.0,14122
2023-09-10,JO,Jordan,EMRO,0.0,1746997,0.0,14122
2023-09-17,JO,Jordan,EMRO,0.0,1746997,0.0,14122
2023-09-24,JO,Jordan,EMRO,0.0,1746997,0.0,14122
2023-10-01,JO,Jordan,EMRO,0.0,1746997,0.0,14122
2023-10-08,JO,Jordan,EMRO,0.0,1746997,0.0,14122
2023-10-15,JO,Jordan,EMRO,0.0,1746997,0.0,14122
2023-10-22,JO,Jordan,EMRO,0.0,1746997,0.0,14122
2023-10-29,JO,Jordan,EMRO,0.0,1746997,0.0,14122
2023-11-05,JO,Jordan,EMRO,0.0,1746997,0.0,14122
2023-11-12,JO,Jordan,EMRO,0.0,1746997,0.0,14122
2023-11-19,JO,Jordan,EMRO,0.0,1746997,0.0,14122
2023-11-26,JO,Jordan,EMRO,0.0,1746997,0.0,14122
2023-12-03,JO,Jordan,EMRO,0.0,1746997,0.0,14122
2023-12-10,JO,Jordan,EMRO,0.0,1746997,0.0,14122
2023-12-17,JO,Jordan,EMRO,0.0,1746997,0.0,14122
2023-12-24,JO,Jordan,EMRO,0.0,1746997,0.0,14122
2023-12-31,JO,Jordan,EMRO,0.0,1746997,0.0,14122
2024-01-07,JO,Jordan,EMRO,0.0,1746997,0.0,14122
2024-01-14,JO,Jordan,EMRO,0.0,1746997,0.0,14122
2024-01-21,JO,Jordan,EMRO,0.0,1746997,0.0,14122
2024-01-28,JO,Jordan,EMRO,0.0,1746997,0.0,14122
2024-02-04,JO,Jordan,EMRO,0.0,1746997,0.0,14122
2024-02-11,JO,Jordan,EMRO,0.0,1746997,0.0,14122
2024-02-18,JO,Jordan,EMRO,0.0,1746997,0.0,14122
2024-02-25,JO,Jordan,EMRO,0.0,1746997,0.0,14122
2024-03-03,JO,Jordan,EMRO,0.0,1746997,0.0,14122
2024-03-10,JO,Jordan,EMRO,0.0,1746997,0.0,14122
2024-03-17,JO,Jordan,EMRO,0.0,1746997,0.0,14122
2024-03-24,JO,Jordan,EMRO,0.0,1746997,0.0,14122
2024-03-31,JO,Jordan,EMRO,0.0,1746997,0.0,14122
2024-04-07,JO,Jordan,EMRO,0.0,1746997,0.0,14122
2024-04-14,JO,Jordan,EMRO,0.0,1746997,0.0,14122
2024-04-21,JO,Jordan,EMRO,0.0,1746997,0.0,14122
2024-04-28,JO,Jordan,EMRO,0.0,1746997,0.0,14122
