Date_reported,Country_code,Country,WHO_region,New_cases,Cumulative_cases,New_deaths,Cumulative_deaths
2020-01-05,LB,Lebanon,EMRO,0.0,0,0.0,0
2020-01-12,LB,Lebanon,EMRO,0.0,0,0.0,0
2020-01-19,LB,Lebanon,EMRO,0.0,0,0.0,0
2020-01-26,LB,Lebanon,EMRO,0.0,0,0.0,0
2020-02-02,LB,Lebanon,EMRO,0.0,0,0.0,0
2020-02-09,LB,Lebanon,EMRO,0.0,0,0.0,0
2020-02-16,LB,Lebanon,EMRO,0.0,0,0.0,0
2020-02-23,LB,Lebanon,EMRO,1.0,1,0.0,0
2020-03-01,LB,Lebanon,EMRO,6.0,7,0.0,0
2020-03-08,LB,Lebanon,EMRO,21.0,28,0.0,0
2020-03-15,LB,Lebanon,EMRO,65.0,93,3.0,3
2020-03-22,LB,Lebanon,EMRO,137.0,230,1.0,4
2020-03-29,LB,Lebanon,EMRO,182.0,412,4.0,8
2020-04-05,LB,Lebanon,EMRO,108.0,520,9.0,17
2020-04-12,LB,Lebanon,EMRO,99.0,619,3.0,20
2020-04-19,LB,Lebanon,EMRO,53.0,672,1.0,21
2020-04-26,LB,Lebanon,EMRO,32.0,704,3.0,24
2020-05-03,LB,Lebanon,EMRO,29.0,733,1.0,25
2020-05-10,LB,Lebanon,EMRO,76.0,809,1.0,26
2020-05-17,LB,Lebanon,EMRO,93.0,902,0.0,26
2020-05-24,LB,Lebanon,EMRO,195.0,1097,0.0,26
2020-05-31,LB,Lebanon,EMRO,94.0,1191,0.0,26
2020-06-07,LB,Lebanon,EMRO,129.0,1320,3.0,29
2020-06-14,LB,Lebanon,EMRO,122.0,1442,3.0,32
2020-06-21,LB,Lebanon,EMRO,94.0,1536,0.0,32
2020-06-28,LB,Lebanon,EMRO,183.0,1719,1.0,33
2020-07-05,LB,Lebanon,EMRO,136.0,1855,2.0,35
2020-07-12,LB,Lebanon,EMRO,313.0,2168,1.0,36
2020-07-19,LB,Lebanon,EMRO,607.0,2775,4.0,40
2020-07-26,LB,Lebanon,EMRO,807.0,3582,7.0,47
2020-08-02,LB,Lebanon,EMRO,1148.0,4730,14.0,61
2020-08-09,LB,Lebanon,EMRO,1493.0,6223,13.0,74
2020-08-16,LB,Lebanon,EMRO,2219.0,8442,23.0,97
2020-08-23,LB,Lebanon,EMRO,3749.0,12191,24.0,121
2020-08-30,LB,Lebanon,EMRO,4084.0,16275,34.0,155
2020-09-06,LB,Lebanon,EMRO,3736.0,20011,32.0,187
2020-09-13,LB,Lebanon,EMRO,3658.0,23669,52.0,239
2020-09-20,LB,Lebanon,EMRO,4628.0,28297,47.0,286
2020-09-27,LB,Lebanon,EMRO,6931.0,35228,54.0,340
2020-10-04,LB,Lebanon,EMRO,8252.0,43480,58.0,398
2020-10-11,LB,Lebanon,EMRO,9078.0,52558,57.0,455
2020-10-18,LB,Lebanon,EMRO,8389.0,60947,62.0,517
2020-10-25,LB,Lebanon,EMRO,9043.0,69990,45.0,562
2020-11-01,LB,Lebanon,EMRO,11238.0,81228,75.0,637
2020-11-08,LB,Lebanon,EMRO,11869.0,93097,76.0,713
2020-11-15,LB,Lebanon,EMRO,11170.0,104267,93.0,806
2020-11-22,LB,Lebanon,EMRO,10975.0,115242,88.0,894
2020-11-29,LB,Lebanon,EMRO,10395.0,125637,97.0,991
2020-12-06,LB,Lebanon,EMRO,10239.0,135876,99.0,1090
2020-12-13,LB,Lebanon,EMRO,9369.0,145245,100.0,1190
2020-12-20,LB,Lebanon,EMRO,11325.0,156570,80.0,1270
2020-12-27,LB,Lebanon,EMRO,12902.0,169472,109.0,1379
2021-01-03,LB,Lebanon,EMRO,16936.0,186408,387.0,1766
2021-01-10,LB,Lebanon,EMRO,29145.0,215553,114.0,1880
2021-01-17,LB,Lebanon,EMRO,33605.0,249158,276.0,2156
2021-01-24,LB,Lebanon,EMRO,27429.0,276587,414.0,2570
2021-01-31,LB,Lebanon,EMRO,22326.0,298913,461.0,3031
2021-02-07,LB,Lebanon,EMRO,18923.0,317836,531.0,3562
2021-02-14,LB,Lebanon,EMRO,19156.0,336992,399.0,3961
2021-02-21,LB,Lebanon,EMRO,16379.0,353371,336.0,4297
2021-02-28,LB,Lebanon,EMRO,19404.0,372775,355.0,4652
2021-03-07,LB,Lebanon,EMRO,20436.0,393211,361.0,5013
2021-03-14,LB,Lebanon,EMRO,22151.0,415362,321.0,5334
2021-03-21,LB,Lebanon,EMRO,21213.0,436575,381.0,5715
2021-03-28,LB,Lebanon,EMRO,21763.0,458338,343.0,6058
2021-04-04,LB,Lebanon,EMRO,18775.0,477113,321.0,6379
2021-04-11,LB,Lebanon,EMRO,17520.0,494633,251.0,6630
2021-04-18,LB,Lebanon,EMRO,13870.0,508503,256.0,6886
2021-04-25,LB,Lebanon,EMRO,11112.0,519615,232.0,7118
2021-05-02,LB,Lebanon,EMRO,7893.0,527508,184.0,7302
2021-05-09,LB,Lebanon,EMRO,4761.0,532269,158.0,7460
2021-05-16,LB,Lebanon,EMRO,3177.0,535446,142.0,7602
2021-05-23,LB,Lebanon,EMRO,2772.0,538218,68.0,7670
2021-05-30,LB,Lebanon,EMRO,1914.0,540132,48.0,7718
2021-06-06,LB,Lebanon,EMRO,1291.0,541423,40.0,7758
2021-06-13,LB,Lebanon,EMRO,1100.0,542523,36.0,7794
2021-06-20,LB,Lebanon,EMRO,848.0,543371,25.0,7819
2021-06-27,LB,Lebanon,EMRO,920.0,544291,22.0,7841
2021-07-04,LB,Lebanon,EMRO,1072.0,545363,18.0,7859
2021-07-11,LB,Lebanon,EMRO,2134.0,547497,14.0,7873
2021-07-18,LB,Lebanon,EMRO,2995.0,550492,11.0,7884
2021-07-25,LB,Lebanon,EMRO,3966.0,554458,7.0,7891
2021-08-01,LB,Lebanon,EMRO,6922.0,561380,15.0,7906
2021-08-08,LB,Lebanon,EMRO,8718.0,570098,32.0,7938
2021-08-15,LB,Lebanon,EMRO,11399.0,581497,34.0,7972
2021-08-22,LB,Lebanon,EMRO,9486.0,590983,36.0,8008
2021-08-29,LB,Lebanon,EMRO,8315.0,599298,32.0,8040
2021-09-05,LB,Lebanon,EMRO,7238.0,606536,49.0,8089
2021-09-12,LB,Lebanon,EMRO,6177.0,612713,92.0,8181
2021-09-19,LB,Lebanon,EMRO,4949.0,617662,51.0,8232
2021-09-26,LB,Lebanon,EMRO,4073.0,621735,45.0,8277
2021-10-03,LB,Lebanon,EMRO,3710.0,625445,64.0,8341
2021-10-10,LB,Lebanon,EMRO,4116.0,629561,41.0,8382
2021-10-17,LB,Lebanon,EMRO,3794.0,633355,37.0,8419
2021-10-24,LB,Lebanon,EMRO,3957.0,637312,30.0,8449
2021-10-31,LB,Lebanon,EMRO,4027.0,641339,46.0,8495
2021-11-07,LB,Lebanon,EMRO,4466.0,645805,45.0,8540
2021-11-14,LB,Lebanon,EMRO,5983.0,651788,37.0,8577
2021-11-21,LB,Lebanon,EMRO,6679.0,658467,58.0,8635
2021-11-28,LB,Lebanon,EMRO,8301.0,666768,66.0,8701
2021-12-05,LB,Lebanon,EMRO,10406.0,677174,64.0,8765
2021-12-12,LB,Lebanon,EMRO,11341.0,688515,71.0,8836
2021-12-19,LB,Lebanon,EMRO,10949.0,699464,88.0,8924
2021-12-26,LB,Lebanon,EMRO,11795.0,711259,103.0,9027
2022-01-02,LB,Lebanon,EMRO,20029.0,731288,109.0,9136
2022-01-09,LB,Lebanon,EMRO,38112.0,769400,131.0,9267
2022-01-16,LB,Lebanon,EMRO,45231.0,814631,100.0,9367
2022-01-23,LB,Lebanon,EMRO,44217.0,858848,107.0,9474
2022-01-30,LB,Lebanon,EMRO,48976.0,907824,102.0,9576
2022-02-06,LB,Lebanon,EMRO,57803.0,965627,118.0,9694
2022-02-13,LB,Lebanon,EMRO,46417.0,1012044,130.0,9824
2022-02-20,LB,Lebanon,EMRO,30984.0,1043028,126.0,9950
2022-02-27,LB,Lebanon,EMRO,22279.0,1065307,119.0,10069
2022-03-06,LB,Lebanon,EMRO,11935.0,1077242,73.0,10142
2022-03-13,LB,Lebanon,EMRO,6872.0,1084114,58.0,10200
2022-03-20,LB,Lebanon,EMRO,3721.0,1087835,43.0,10243
2022-03-27,LB,Lebanon,EMRO,2663.0,1090498,35.0,10278
2022-04-03,LB,Lebanon,EMRO,2309.0,1092807,33.0,10311
2022-04-10,LB,Lebanon,EMRO,1696.0,1094503,26.0,10337
2022-04-17,LB,Lebanon,EMRO,1015.0,1095518,22.0,10359
2022-04-24,LB,Lebanon,EMRO,802.0,1096320,16.0,10375
2022-05-01,LB,Lebanon,EMRO,635.0,1096955,12.0,10387
2022-05-08,LB,Lebanon,EMRO,537.0,1097492,11.0,10398
2022-05-15,LB,Lebanon,EMRO,464.0,1097956,9.0,10407
2022-05-22,LB,Lebanon,EMRO,548.0,1098504,10.0,10417
2022-05-29,LB,Lebanon,EMRO,561.0,1099065,9.0,10426
2022-06-05,LB,Lebanon,EMRO,680.0,1099745,9.0,10435
2022-06-12,LB,Lebanon,EMRO,1126.0,1100871,9.0,10444
2022-06-19,LB,Lebanon,EMRO,2393.0,1103264,8.0,10452
2022-06-26,LB,Lebanon,EMRO,4338.0,1107602,8.0,10460
2022-07-03,LB,Lebanon,EMRO,7212.0,1114814,8.0,10468
2022-07-10,LB,Lebanon,EMRO,9814.0,1124628,8.0,10476
2022-07-17,LB,Lebanon,EMRO,13830.0,1138458,11.0,10487
2022-07-24,LB,Lebanon,EMRO,17202.0,1155660,19.0,10506
2022-07-31,LB,Lebanon,EMRO,16609.0,1172269,23.0,10529
2022-08-07,LB,Lebanon,EMRO,13136.0,1185405,17.0,10546
2022-08-14,LB,Lebanon,EMRO,10379.0,1195784,26.0,10572
2022-08-21,LB,Lebanon,EMRO,7620.0,1203404,27.0,10599
2022-08-28,LB,Lebanon,EMRO,4469.0,1207873,20.0,10619
2022-09-04,LB,Lebanon,EMRO,2693.0,1210566,17.0,10636
2022-09-11,LB,Lebanon,EMRO,1931.0,1212497,9.0,10645
2022-09-18,LB,Lebanon,EMRO,1272.0,1213769,12.0,10657
2022-09-25,LB,Lebanon,EMRO,1123.0,1214892,13.0,10670
2022-10-02,LB,Lebanon,EMRO,1033.0,1215925,7.0,10677
2022-10-09,LB,Lebanon,EMRO,713.0,1216638,7.0,10684
2022-10-16,LB,Lebanon,EMRO,361.0,1216999,4.0,10688
2022-10-23,LB,Lebanon,EMRO,1083.0,1218082,11.0,10699
2022-10-30,LB,Lebanon,EMRO,548.0,1218630,6.0,10705
2022-11-06,LB,Lebanon,EMRO,511.0,1219141,8.0,10713
2022-11-13,LB,Lebanon,EMRO,432.0,1219573,7.0,10720
2022-11-20,LB,Lebanon,EMRO,470.0,1220043,7.0,10727
2022-11-27,LB,Lebanon,EMRO,342.0,1220385,7.0,10734
2022-12-04,LB,Lebanon,EMRO,329.0,1220714,5.0,10739
2022-12-11,LB,Lebanon,EMRO,430.0,1221144,2.0,10741
2022-12-18,LB,Lebanon,EMRO,496.0,1221640,1.0,10742
2022-12-25,LB,Lebanon,EMRO,486.0,1222126,2.0,10744
2023-01-01,LB,Lebanon,EMRO,682.0,1222808,3.0,10747
2023-01-08,LB,Lebanon,EMRO,907.0,1223715,6.0,10753
2023-01-15,LB,Lebanon,EMRO,1536.0,1225251,7.0,10760
2023-01-22,LB,Lebanon,EMRO,1490.0,1226741,13.0,10773
2023-01-29,LB,Lebanon,EMRO,1521.0,1228262,13.0,10786
2023-02-05,LB,Lebanon,EMRO,1128.0,1229390,9.0,10795
2023-02-12,LB,Lebanon,EMRO,751.0,1230141,8.0,10803
2023-02-19,LB,Lebanon,EMRO,694.0,1230835,12.0,10815
2023-02-26,LB,Lebanon,EMRO,878.0,1231713,10.0,10825
2023-03-05,LB,Lebanon,EMRO,689.0,1232402,12.0,10837
2023-03-12,LB,Lebanon,EMRO,619.0,1233021,6.0,10843
2023-03-19,LB,Lebanon,EMRO,626.0,1233647,10.0,10853
2023-03-26,LB,Lebanon,EMRO,648.0,1234295,9.0,10862
2023-04-02,LB,Lebanon,EMRO,601.0,1234896,8.0,10870
2023-04-09,LB,Lebanon,EMRO,464.0,1235360,9.0,10879
2023-04-16,LB,Lebanon,EMRO,444.0,1235804,6.0,10885
2023-04-23,LB,Lebanon,EMRO,532.0,1236336,10.0,10895
2023-04-30,LB,Lebanon,EMRO,420.0,1236756,6.0,10901
2023-05-07,LB,Lebanon,EMRO,371.0,1237127,5.0,10906
2023-05-14,LB,Lebanon,EMRO,429.0,1237556,8.0,10914
2023-05-21,LB,Lebanon,EMRO,0.0,1237556,0.0,10914
2023-05-28,LB,Lebanon,EMRO,0.0,1237556,0.0,10914
2023-06-04,LB,Lebanon,EMRO,0.0,1237556,0.0,10914
2023-06-11,LB,Lebanon,EMRO,808.0,1238364,16.0,10930
2023-06-18,LB,Lebanon,EMRO,47.0,1238411,2.0,10932
2023-06-25,LB,Lebanon,EMRO,141.0,1238552,4.0,10936
2023-07-02,LB,Lebanon,EMRO,0.0,1238552,0.0,10936
2023-07-09,LB,Lebanon,EMRO,0.0,1238552,0.0,10936
2023-07-16,LB,Lebanon,EMRO,0.0,1238552,0.0,10936
2023-07-23,LB,Lebanon,EMRO,0.0,1238552,0.0,10936
2023-07-30,LB,Lebanon,EMRO,0.0,1238552,0.0,10936
2023-08-06,LB,Lebanon,EMRO,0.0,1238552,0.0,10936
2023-08-13,LB,Lebanon,EMRO,0.0,1238552,0.0,10936
2023-08-20,LB,Lebanon,EMRO,1352.0,1239904,11.0,10947
2023-08-27,LB,Lebanon,EMRO,0.0,1239904,0.0,10947
2023-09-03,LB,Lebanon,EMRO,0.0,1239904,0.0,10947
2023-09-10,LB,Lebanon,EMRO,0.0,1239904,0.0,10947
2023-09-17,LB,Lebanon,EMRO,0.0,1239904,0.0,10947
2023-09-24,LB,Lebanon,EMRO,0.0,1239904,0.0,10947
2023-10-01,LB,Lebanon,EMRO,0.0,1239904,0.0,10947
2023-10-08,LB,Lebanon,EMRO,0.0,1239904,0.0,10947
2023-10-15,LB,Lebanon,EMRO,0.0,1239904,0.0,10947
2023-10-22,LB,Lebanon,EMRO,0.0,1239904,0.0,10947
2023-10-29,LB,Lebanon,EMRO,0.0,1239904,0.0,10947
2023-11-05,LB,Lebanon,EMRO,0.0,1239904,0.0,10947
2023-11-12,LB,Lebanon,EMRO,0.0,1239904,0.0,10947
2023-11-19,LB,Lebanon,EMRO,0.0,1239904,0.0,10947
2023-11-26,LB,Lebanon,EMRO,0.0,1239904,0.0,10947
2023-12-03,LB,Lebanon,EMRO,0.0,1239904,0.0,10947
2023-12-10,LB,Lebanon,EMRO,0.0,1239904,0.0,10947
2023-12-17,LB,Lebanon,EMRO,0.0,1239904,0.0,10947
2023-12-24,LB,Lebanon,EMRO,0.0,1239904,0.0,10947
2023-12-31,LB,Lebanon,EMRO,0.0,1239904,0.0,10947
2024-01-07,LB,Lebanon,EMRO,0.0,1239904,0.0,10947
2024-01-14,LB,Lebanon,EMRO,0.0,1239904,0.0,10947
2024-01-21,LB,Lebanon,EMRO,0.0,1239904,0.0,10947
2024-01-28,LB,Lebanon,EMRO,0.0,1239904,0.0,10947
2024-02-04,LB,Lebanon,EMRO,0.0,1239904,0.0,10947
2024-02-11,LB,Lebanon,EMRO,0.0,1239904,0.0,10947
2024-02-18,LB,Lebanon,EMRO,0.0,1239904,0.0,10947
2024-02-25,LB,Lebanon,EMRO,0.0,1239904,0.0,10947
2024-03-03,LB,Lebanon,EMRO,0.0,1239904,0.0,10947
2024-03-10,LB,Lebanon,EMRO,0.0,1239904,0.0,10947
2024-03-17,LB,Lebanon,EMRO,0.0,1239904,0.0,10947
2024-03-24,LB,Lebanon,EMRO,0.0,1239904,0.0,10947
2024-03-31,LB,Lebanon,EMRO,0.0,1239904,0.0,10947
2024-04-07,LB,Lebanon,EMRO,0.0,1239904,0.0,10947
2024-04-14,LB,Lebanon,EMRO,0.0,1239904,0.0,10947
2024-04-21,LB,Lebanon,EMRO,0.0,1239904,0.0,10947
2024-04-28,LB,Lebanon,EMRO,0.0,1239904,0.0,10947
