Date_reported,Country_code,Country,WHO_region,New_cases,Cumulative_cases,New_deaths,Cumulative_deaths
2020-01-05,LC,Saint Lucia,AMRO,0.0,0,0.0,0
2020-01-12,LC,Saint Lucia,AMRO,0.0,0,0.0,0
2020-01-19,LC,Saint Lucia,AMRO,0.0,0,0.0,0
2020-01-26,LC,Saint Lucia,AMRO,0.0,0,0.0,0
2020-02-02,LC,Saint Lucia,AMRO,0.0,0,0.0,0
2020-02-09,LC,Saint Lucia,AMRO,0.0,0,0.0,0
2020-02-16,LC,Saint Lucia,AMRO,0.0,0,0.0,0
2020-02-23,LC,Saint Lucia,AMRO,0.0,0,0.0,0
2020-03-01,LC,Saint Lucia,AMRO,0.0,0,0.0,0
2020-03-08,LC,Saint Lucia,AMRO,0.0,0,0.0,0
2020-03-15,LC,Saint Lucia,AMRO,1.0,1,0.0,0
2020-03-22,LC,Saint Lucia,AMRO,1.0,2,0.0,0
2020-03-29,LC,Saint Lucia,AMRO,1.0,3,0.0,0
2020-04-05,LC,Saint Lucia,AMRO,10.0,13,0.0,0
2020-04-12,LC,Saint Lucia,AMRO,2.0,15,0.0,0
2020-04-19,LC,Saint Lucia,AMRO,0.0,15,0.0,0
2020-04-26,LC,Saint Lucia,AMRO,0.0,15,0.0,0
2020-05-03,LC,Saint Lucia,AMRO,2.0,17,0.0,0
2020-05-10,LC,Saint Lucia,AMRO,1.0,18,0.0,0
2020-05-17,LC,Saint Lucia,AMRO,0.0,18,0.0,0
2020-05-24,LC,Saint Lucia,AMRO,0.0,18,0.0,0
2020-05-31,LC,Saint Lucia,AMRO,0.0,18,0.0,0
2020-06-07,LC,Saint Lucia,AMRO,1.0,19,0.0,0
2020-06-14,LC,Saint Lucia,AMRO,0.0,19,0.0,0
2020-06-21,LC,Saint Lucia,AMRO,0.0,19,0.0,0
2020-06-28,LC,Saint Lucia,AMRO,0.0,19,0.0,0
2020-07-05,LC,Saint Lucia,AMRO,3.0,22,0.0,0
2020-07-12,LC,Saint Lucia,AMRO,0.0,22,0.0,0
2020-07-19,LC,Saint Lucia,AMRO,1.0,23,0.0,0
2020-07-26,LC,Saint Lucia,AMRO,1.0,24,0.0,0
2020-08-02,LC,Saint Lucia,AMRO,1.0,25,0.0,0
2020-08-09,LC,Saint Lucia,AMRO,0.0,25,0.0,0
2020-08-16,LC,Saint Lucia,AMRO,0.0,25,0.0,0
2020-08-23,LC,Saint Lucia,AMRO,1.0,26,0.0,0
2020-08-30,LC,Saint Lucia,AMRO,0.0,26,0.0,0
2020-09-06,LC,Saint Lucia,AMRO,0.0,26,0.0,0
2020-09-13,LC,Saint Lucia,AMRO,1.0,27,0.0,0
2020-09-20,LC,Saint Lucia,AMRO,0.0,27,0.0,0
2020-09-27,LC,Saint Lucia,AMRO,0.0,27,0.0,0
2020-10-04,LC,Saint Lucia,AMRO,0.0,27,0.0,0
2020-10-11,LC,Saint Lucia,AMRO,2.0,29,0.0,0
2020-10-18,LC,Saint Lucia,AMRO,4.0,33,0.0,0
2020-10-25,LC,Saint Lucia,AMRO,19.0,52,0.0,0
2020-11-01,LC,Saint Lucia,AMRO,26.0,78,0.0,0
2020-11-08,LC,Saint Lucia,AMRO,32.0,110,0.0,0
2020-11-15,LC,Saint Lucia,AMRO,50.0,160,2.0,2
2020-11-22,LC,Saint Lucia,AMRO,43.0,203,0.0,2
2020-11-29,LC,Saint Lucia,AMRO,43.0,246,0.0,2
2020-12-06,LC,Saint Lucia,AMRO,19.0,265,0.0,2
2020-12-13,LC,Saint Lucia,AMRO,9.0,274,2.0,4
2020-12-20,LC,Saint Lucia,AMRO,6.0,280,1.0,5
2020-12-27,LC,Saint Lucia,AMRO,25.0,305,0.0,5
2021-01-03,LC,Saint Lucia,AMRO,48.0,353,0.0,5
2021-01-10,LC,Saint Lucia,AMRO,42.0,395,0.0,5
2021-01-17,LC,Saint Lucia,AMRO,181.0,576,1.0,6
2021-01-24,LC,Saint Lucia,AMRO,194.0,770,4.0,10
2021-01-31,LC,Saint Lucia,AMRO,425.0,1195,3.0,13
2021-02-07,LC,Saint Lucia,AMRO,618.0,1813,5.0,18
2021-02-14,LC,Saint Lucia,AMRO,674.0,2487,5.0,23
2021-02-21,LC,Saint Lucia,AMRO,373.0,2860,5.0,28
2021-02-28,LC,Saint Lucia,AMRO,496.0,3356,7.0,35
2021-03-07,LC,Saint Lucia,AMRO,487.0,3843,8.0,43
2021-03-14,LC,Saint Lucia,AMRO,146.0,3989,5.0,48
2021-03-21,LC,Saint Lucia,AMRO,124.0,4113,7.0,55
2021-03-28,LC,Saint Lucia,AMRO,78.0,4191,3.0,58
2021-04-04,LC,Saint Lucia,AMRO,98.0,4289,3.0,61
2021-04-11,LC,Saint Lucia,AMRO,40.0,4329,3.0,64
2021-04-18,LC,Saint Lucia,AMRO,69.0,4398,1.0,65
2021-04-25,LC,Saint Lucia,AMRO,65.0,4463,5.0,70
2021-05-02,LC,Saint Lucia,AMRO,89.0,4552,4.0,74
2021-05-09,LC,Saint Lucia,AMRO,102.0,4654,1.0,75
2021-05-16,LC,Saint Lucia,AMRO,134.0,4788,0.0,75
2021-05-23,LC,Saint Lucia,AMRO,147.0,4935,2.0,77
2021-05-30,LC,Saint Lucia,AMRO,100.0,5035,0.0,77
2021-06-06,LC,Saint Lucia,AMRO,73.0,5108,3.0,80
2021-06-13,LC,Saint Lucia,AMRO,60.0,5168,0.0,80
2021-06-20,LC,Saint Lucia,AMRO,38.0,5206,0.0,80
2021-06-27,LC,Saint Lucia,AMRO,56.0,5262,4.0,84
2021-07-04,LC,Saint Lucia,AMRO,40.0,5302,0.0,84
2021-07-11,LC,Saint Lucia,AMRO,78.0,5380,2.0,86
2021-07-18,LC,Saint Lucia,AMRO,82.0,5462,1.0,87
2021-07-25,LC,Saint Lucia,AMRO,54.0,5516,1.0,88
2021-08-01,LC,Saint Lucia,AMRO,65.0,5581,1.0,89
2021-08-08,LC,Saint Lucia,AMRO,132.0,5713,1.0,90
2021-08-15,LC,Saint Lucia,AMRO,481.0,6194,5.0,95
2021-08-22,LC,Saint Lucia,AMRO,761.0,6955,2.0,97
2021-08-29,LC,Saint Lucia,AMRO,914.0,7869,5.0,102
2021-09-05,LC,Saint Lucia,AMRO,1018.0,8887,14.0,116
2021-09-12,LC,Saint Lucia,AMRO,640.0,9527,16.0,132
2021-09-19,LC,Saint Lucia,AMRO,872.0,10399,18.0,150
2021-09-26,LC,Saint Lucia,AMRO,654.0,11053,33.0,183
2021-10-03,LC,Saint Lucia,AMRO,520.0,11573,24.0,207
2021-10-10,LC,Saint Lucia,AMRO,369.0,11942,15.0,222
2021-10-17,LC,Saint Lucia,AMRO,233.0,12175,11.0,233
2021-10-24,LC,Saint Lucia,AMRO,210.0,12385,6.0,239
2021-10-31,LC,Saint Lucia,AMRO,151.0,12536,15.0,254
2021-11-07,LC,Saint Lucia,AMRO,152.0,12688,6.0,260
2021-11-14,LC,Saint Lucia,AMRO,139.0,12827,9.0,269
2021-11-21,LC,Saint Lucia,AMRO,67.0,12894,9.0,278
2021-11-28,LC,Saint Lucia,AMRO,50.0,12944,2.0,280
2021-12-05,LC,Saint Lucia,AMRO,83.0,13027,2.0,282
2021-12-12,LC,Saint Lucia,AMRO,59.0,13086,1.0,283
2021-12-19,LC,Saint Lucia,AMRO,50.0,13136,8.0,291
2021-12-26,LC,Saint Lucia,AMRO,139.0,13275,4.0,295
2022-01-02,LC,Saint Lucia,AMRO,365.0,13640,6.0,301
2022-01-09,LC,Saint Lucia,AMRO,1014.0,14654,5.0,306
2022-01-16,LC,Saint Lucia,AMRO,2315.0,16969,8.0,314
2022-01-23,LC,Saint Lucia,AMRO,2216.0,19185,2.0,316
2022-01-30,LC,Saint Lucia,AMRO,1232.0,20417,10.0,326
2022-02-06,LC,Saint Lucia,AMRO,1096.0,21513,15.0,341
2022-02-13,LC,Saint Lucia,AMRO,419.0,21932,6.0,347
2022-02-20,LC,Saint Lucia,AMRO,536.0,22468,9.0,356
2022-02-27,LC,Saint Lucia,AMRO,181.0,22649,2.0,358
2022-03-06,LC,Saint Lucia,AMRO,84.0,22733,2.0,360
2022-03-13,LC,Saint Lucia,AMRO,100.0,22833,5.0,365
2022-03-20,LC,Saint Lucia,AMRO,45.0,22878,0.0,365
2022-03-27,LC,Saint Lucia,AMRO,41.0,22919,0.0,365
2022-04-03,LC,Saint Lucia,AMRO,40.0,22959,0.0,365
2022-04-10,LC,Saint Lucia,AMRO,51.0,23010,0.0,365
2022-04-17,LC,Saint Lucia,AMRO,101.0,23111,2.0,367
2022-04-24,LC,Saint Lucia,AMRO,114.0,23225,1.0,368
2022-05-01,LC,Saint Lucia,AMRO,169.0,23394,0.0,368
2022-05-08,LC,Saint Lucia,AMRO,241.0,23635,0.0,368
2022-05-15,LC,Saint Lucia,AMRO,529.0,24164,0.0,368
2022-05-22,LC,Saint Lucia,AMRO,709.0,24873,2.0,370
2022-05-29,LC,Saint Lucia,AMRO,665.0,25538,1.0,371
2022-06-05,LC,Saint Lucia,AMRO,554.0,26092,0.0,371
2022-06-12,LC,Saint Lucia,AMRO,361.0,26453,0.0,371
2022-06-19,LC,Saint Lucia,AMRO,269.0,26722,5.0,376
2022-06-26,LC,Saint Lucia,AMRO,189.0,26911,4.0,380
2022-07-03,LC,Saint Lucia,AMRO,183.0,27094,3.0,383
2022-07-10,LC,Saint Lucia,AMRO,160.0,27254,2.0,385
2022-07-17,LC,Saint Lucia,AMRO,210.0,27464,0.0,385
2022-07-24,LC,Saint Lucia,AMRO,190.0,27654,0.0,385
2022-07-31,LC,Saint Lucia,AMRO,312.0,27966,0.0,385
2022-08-07,LC,Saint Lucia,AMRO,195.0,28161,2.0,387
2022-08-14,LC,Saint Lucia,AMRO,180.0,28341,1.0,388
2022-08-21,LC,Saint Lucia,AMRO,201.0,28542,0.0,388
2022-08-28,LC,Saint Lucia,AMRO,188.0,28730,1.0,389
2022-09-04,LC,Saint Lucia,AMRO,164.0,28894,2.0,391
2022-09-11,LC,Saint Lucia,AMRO,0.0,28894,0.0,391
2022-09-18,LC,Saint Lucia,AMRO,65.0,28959,2.0,393
2022-09-25,LC,Saint Lucia,AMRO,0.0,28959,0.0,393
2022-10-02,LC,Saint Lucia,AMRO,449.0,29408,0.0,393
2022-10-09,LC,Saint Lucia,AMRO,142.0,29550,12.0,405
2022-10-16,LC,Saint Lucia,AMRO,0.0,29550,0.0,405
2022-10-23,LC,Saint Lucia,AMRO,86.0,29636,1.0,406
2022-10-30,LC,Saint Lucia,AMRO,3.0,29639,1.0,407
2022-11-06,LC,Saint Lucia,AMRO,15.0,29654,0.0,407
2022-11-13,LC,Saint Lucia,AMRO,22.0,29676,1.0,408
2022-11-20,LC,Saint Lucia,AMRO,16.0,29692,0.0,408
2022-11-27,LC,Saint Lucia,AMRO,19.0,29711,0.0,408
2022-12-04,LC,Saint Lucia,AMRO,12.0,29723,1.0,409
2022-12-11,LC,Saint Lucia,AMRO,13.0,29736,0.0,409
2022-12-18,LC,Saint Lucia,AMRO,5.0,29741,0.0,409
2022-12-25,LC,Saint Lucia,AMRO,7.0,29748,0.0,409
2023-01-01,LC,Saint Lucia,AMRO,11.0,29759,0.0,409
2023-01-08,LC,Saint Lucia,AMRO,2.0,29761,0.0,409
2023-01-15,LC,Saint Lucia,AMRO,0.0,29761,0.0,409
2023-01-22,LC,Saint Lucia,AMRO,42.0,29803,0.0,409
2023-01-29,LC,Saint Lucia,AMRO,0.0,29803,0.0,409
2023-02-05,LC,Saint Lucia,AMRO,79.0,29882,0.0,409
2023-02-12,LC,Saint Lucia,AMRO,53.0,29935,0.0,409
2023-02-19,LC,Saint Lucia,AMRO,46.0,29981,0.0,409
2023-02-26,LC,Saint Lucia,AMRO,23.0,30004,0.0,409
2023-03-05,LC,Saint Lucia,AMRO,0.0,30004,0.0,409
2023-03-12,LC,Saint Lucia,AMRO,22.0,30026,0.0,409
2023-03-19,LC,Saint Lucia,AMRO,2.0,30028,0.0,409
2023-03-26,LC,Saint Lucia,AMRO,0.0,30028,0.0,409
2023-04-02,LC,Saint Lucia,AMRO,0.0,30028,0.0,409
2023-04-09,LC,Saint Lucia,AMRO,0.0,30028,0.0,409
2023-04-16,LC,Saint Lucia,AMRO,24.0,30052,0.0,409
2023-04-23,LC,Saint Lucia,AMRO,0.0,30052,0.0,409
2023-04-30,LC,Saint Lucia,AMRO,0.0,30052,0.0,409
2023-05-07,LC,Saint Lucia,AMRO,0.0,30052,0.0,409
2023-05-14,LC,Saint Lucia,AMRO,0.0,30052,0.0,409
2023-05-21,LC,Saint Lucia,AMRO,21.0,30073,0.0,409
2023-05-28,LC,Saint Lucia,AMRO,6.0,30079,0.0,409
2023-06-04,LC,Saint Lucia,AMRO,15.0,30094,0.0,409
2023-06-11,LC,Saint Lucia,AMRO,4.0,30098,0.0,409
2023-06-18,LC,Saint Lucia,AMRO,2.0,30100,0.0,409
2023-06-25,LC,Saint Lucia,AMRO,3.0,30103,0.0,409
2023-07-02,LC,Saint Lucia,AMRO,10.0,30113,0.0,409
2023-07-09,LC,Saint Lucia,AMRO,2.0,30115,0.0,409
2023-07-16,LC,Saint Lucia,AMRO,2.0,30117,0.0,409
2023-07-23,LC,Saint Lucia,AMRO,7.0,30124,0.0,409
2023-07-30,LC,Saint Lucia,AMRO,22.0,30146,0.0,409
2023-08-06,LC,Saint Lucia,AMRO,12.0,30158,0.0,409
2023-08-13,LC,Saint Lucia,AMRO,13.0,30171,0.0,409
2023-08-20,LC,Saint Lucia,AMRO,14.0,30185,0.0,409
2023-08-27,LC,Saint Lucia,AMRO,16.0,30201,0.0,409
2023-09-03,LC,Saint Lucia,AMRO,4.0,30205,0.0,409
2023-09-10,LC,Saint Lucia,AMRO,9.0,30214,1.0,410
2023-09-17,LC,Saint Lucia,AMRO,6.0,30220,0.0,410
2023-09-24,LC,Saint Lucia,AMRO,3.0,30223,0.0,410
2023-10-01,LC,Saint Lucia,AMRO,0.0,30223,0.0,410
2023-10-08,LC,Saint Lucia,AMRO,2.0,30225,0.0,410
2023-10-15,LC,Saint Lucia,AMRO,2.0,30227,0.0,410
2023-10-22,LC,Saint Lucia,AMRO,1.0,30228,0.0,410
2023-10-29,LC,Saint Lucia,AMRO,0.0,30228,0.0,410
2023-11-05,LC,Saint Lucia,AMRO,1.0,30229,0.0,410
2023-11-12,LC,Saint Lucia,AMRO,0.0,30229,0.0,410
2023-11-19,LC,Saint Lucia,AMRO,1.0,30230,0.0,410
2023-11-26,LC,Saint Lucia,AMRO,0.0,30230,0.0,410
2023-12-03,LC,Saint Lucia,AMRO,0.0,30230,0.0,410
2023-12-10,LC,Saint Lucia,AMRO,0.0,30230,0.0,410
2023-12-17,LC,Saint Lucia,AMRO,0.0,30230,0.0,410
2023-12-24,LC,Saint Lucia,AMRO,0.0,30230,0.0,410
2023-12-31,LC,Saint Lucia,AMRO,0.0,30230,0.0,410
2024-01-07,LC,Saint Lucia,AMRO,0.0,30230,0.0,410
2024-01-14,LC,Saint Lucia,AMRO,2.0,30232,0.0,410
2024-01-21,LC,Saint Lucia,AMRO,4.0,30236,0.0,410
2024-01-28,LC,Saint Lucia,AMRO,4.0,30240,0.0,410
2024-02-04,LC,Saint Lucia,AMRO,5.0,30245,0.0,410
2024-02-11,LC,Saint Lucia,AMRO,2.0,30247,0.0,410
2024-02-18,LC,Saint Lucia,AMRO,3.0,30250,0.0,410
2024-02-25,LC,Saint Lucia,AMRO,0.0,30250,0.0,410
2024-03-03,LC,Saint Lucia,AMRO,1.0,30251,0.0,410
2024-03-10,LC,Saint Lucia,AMRO,1.0,30252,0.0,410
2024-03-17,LC,Saint Lucia,AMRO,0.0,30252,0.0,410
2024-03-24,LC,Saint Lucia,AMRO,0.0,30252,0.0,410
2024-03-31,LC,Saint Lucia,AMRO,0.0,30252,0.0,410
2024-04-07,LC,Saint Lucia,AMRO,0.0,30252,0.0,410
2024-04-14,LC,Saint Lucia,AMRO,0.0,30252,0.0,410
2024-04-21,LC,Saint Lucia,AMRO,0.0,30252,0.0,410
2024-04-28,LC,Saint Lucia,AMRO,0.0,30252,0.0,410
