Date_reported,Country_code,Country,WHO_region,New_cases,Cumulative_cases,New_deaths,Cumulative_deaths
2020-01-05,LS,Lesotho,AFRO,0.0,0,0.0,0
2020-01-12,LS,Lesotho,AFRO,0.0,0,0.0,0
2020-01-19,LS,Lesotho,AFRO,0.0,0,0.0,0
2020-01-26,LS,Lesotho,AFRO,0.0,0,0.0,0
2020-02-02,LS,Lesotho,AFRO,0.0,0,0.0,0
2020-02-09,LS,Lesotho,AFRO,0.0,0,0.0,0
2020-02-16,LS,Lesotho,AFRO,0.0,0,0.0,0
2020-02-23,LS,Lesotho,AFRO,0.0,0,0.0,0
2020-03-01,LS,Lesotho,AFRO,0.0,0,0.0,0
2020-03-08,LS,Lesotho,AFRO,0.0,0,0.0,0
2020-03-15,LS,Lesotho,AFRO,0.0,0,0.0,0
2020-03-22,LS,Lesotho,AFRO,0.0,0,0.0,0
2020-03-29,LS,Lesotho,AFRO,0.0,0,0.0,0
2020-04-05,LS,Lesotho,AFRO,0.0,0,0.0,0
2020-04-12,LS,Lesotho,AFRO,0.0,0,0.0,0
2020-04-19,LS,Lesotho,AFRO,0.0,0,0.0,0
2020-04-26,LS,Lesotho,AFRO,0.0,0,0.0,0
2020-05-03,LS,Lesotho,AFRO,0.0,0,0.0,0
2020-05-10,LS,Lesotho,AFRO,0.0,0,0.0,0
2020-05-17,LS,Lesotho,AFRO,1.0,1,0.0,0
2020-05-24,LS,Lesotho,AFRO,1.0,2,0.0,0
2020-05-31,LS,Lesotho,AFRO,0.0,2,0.0,0
2020-06-07,LS,Lesotho,AFRO,2.0,4,0.0,0
2020-06-14,LS,Lesotho,AFRO,0.0,4,0.0,0
2020-06-21,LS,Lesotho,AFRO,0.0,4,0.0,0
2020-06-28,LS,Lesotho,AFRO,23.0,27,0.0,0
2020-07-05,LS,Lesotho,AFRO,52.0,79,0.0,0
2020-07-12,LS,Lesotho,AFRO,105.0,184,20.0,20
2020-07-19,LS,Lesotho,AFRO,175.0,359,4.0,24
2020-07-26,LS,Lesotho,AFRO,87.0,446,5.0,29
2020-08-02,LS,Lesotho,AFRO,256.0,702,3.0,32
2020-08-09,LS,Lesotho,AFRO,40.0,742,9.0,41
2020-08-16,LS,Lesotho,AFRO,161.0,903,2.0,43
2020-08-23,LS,Lesotho,AFRO,112.0,1015,5.0,48
2020-08-30,LS,Lesotho,AFRO,51.0,1066,1.0,49
2020-09-06,LS,Lesotho,AFRO,82.0,1148,0.0,49
2020-09-13,LS,Lesotho,AFRO,97.0,1245,2.0,51
2020-09-20,LS,Lesotho,AFRO,145.0,1390,0.0,51
2020-09-27,LS,Lesotho,AFRO,168.0,1558,2.0,53
2020-10-04,LS,Lesotho,AFRO,122.0,1680,4.0,57
2020-10-11,LS,Lesotho,AFRO,120.0,1800,3.0,60
2020-10-18,LS,Lesotho,AFRO,33.0,1833,0.0,60
2020-10-25,LS,Lesotho,AFRO,107.0,1940,1.0,61
2020-11-01,LS,Lesotho,AFRO,13.0,1953,1.0,62
2020-11-08,LS,Lesotho,AFRO,10.0,1963,0.0,62
2020-11-15,LS,Lesotho,AFRO,87.0,2050,0.0,62
2020-11-22,LS,Lesotho,AFRO,35.0,2085,0.0,62
2020-11-29,LS,Lesotho,AFRO,24.0,2109,0.0,62
2020-12-06,LS,Lesotho,AFRO,36.0,2145,0.0,62
2020-12-13,LS,Lesotho,AFRO,5.0,2150,0.0,62
2020-12-20,LS,Lesotho,AFRO,135.0,2285,0.0,62
2020-12-27,LS,Lesotho,AFRO,292.0,2577,2.0,64
2021-01-03,LS,Lesotho,AFRO,0.0,2577,0.0,64
2021-01-10,LS,Lesotho,AFRO,2626.0,5203,20.0,84
2021-01-17,LS,Lesotho,AFRO,1168.0,6371,9.0,93
2021-01-24,LS,Lesotho,AFRO,1285.0,7656,30.0,123
2021-01-31,LS,Lesotho,AFRO,993.0,8649,41.0,164
2021-02-07,LS,Lesotho,AFRO,731.0,9380,19.0,183
2021-02-14,LS,Lesotho,AFRO,585.0,9965,47.0,230
2021-02-21,LS,Lesotho,AFRO,496.0,10461,55.0,285
2021-02-28,LS,Lesotho,AFRO,30.0,10491,7.0,292
2021-03-07,LS,Lesotho,AFRO,32.0,10523,15.0,307
2021-03-14,LS,Lesotho,AFRO,7.0,10530,2.0,309
2021-03-21,LS,Lesotho,AFRO,5.0,10535,0.0,309
2021-03-28,LS,Lesotho,AFRO,151.0,10686,6.0,315
2021-04-04,LS,Lesotho,AFRO,21.0,10707,0.0,315
2021-04-11,LS,Lesotho,AFRO,0.0,10707,0.0,315
2021-04-18,LS,Lesotho,AFRO,2.0,10709,0.0,315
2021-04-25,LS,Lesotho,AFRO,19.0,10728,1.0,316
2021-05-02,LS,Lesotho,AFRO,5.0,10733,2.0,318
2021-05-09,LS,Lesotho,AFRO,40.0,10773,1.0,319
2021-05-16,LS,Lesotho,AFRO,17.0,10790,1.0,320
2021-05-23,LS,Lesotho,AFRO,32.0,10822,6.0,326
2021-05-30,LS,Lesotho,AFRO,9.0,10831,0.0,326
2021-06-06,LS,Lesotho,AFRO,8.0,10839,0.0,326
2021-06-13,LS,Lesotho,AFRO,20.0,10859,0.0,326
2021-06-20,LS,Lesotho,AFRO,222.0,11081,3.0,329
2021-06-27,LS,Lesotho,AFRO,158.0,11239,0.0,329
2021-07-04,LS,Lesotho,AFRO,329.0,11568,0.0,329
2021-07-11,LS,Lesotho,AFRO,339.0,11907,6.0,335
2021-07-18,LS,Lesotho,AFRO,491.0,12398,4.0,339
2021-07-25,LS,Lesotho,AFRO,482.0,12880,24.0,363
2021-08-01,LS,Lesotho,AFRO,723.0,13603,14.0,377
2021-08-08,LS,Lesotho,AFRO,240.0,13843,13.0,390
2021-08-15,LS,Lesotho,AFRO,400.0,14243,7.0,397
2021-08-22,LS,Lesotho,AFRO,128.0,14371,3.0,400
2021-08-29,LS,Lesotho,AFRO,450.0,14821,17.0,417
2021-09-05,LS,Lesotho,AFRO,1491.0,16312,49.0,466
2021-09-12,LS,Lesotho,AFRO,1491.0,17803,49.0,515
2021-09-19,LS,Lesotho,AFRO,1491.0,19294,49.0,564
2021-09-26,LS,Lesotho,AFRO,1491.0,20785,52.0,616
2021-10-03,LS,Lesotho,AFRO,575.0,21360,34.0,650
2021-10-10,LS,Lesotho,AFRO,97.0,21457,2.0,652
2021-10-17,LS,Lesotho,AFRO,73.0,21530,3.0,655
2021-10-24,LS,Lesotho,AFRO,57.0,21587,1.0,656
2021-10-31,LS,Lesotho,AFRO,48.0,21635,2.0,658
2021-11-07,LS,Lesotho,AFRO,50.0,21685,1.0,659
2021-11-14,LS,Lesotho,AFRO,6.0,21691,2.0,661
2021-11-21,LS,Lesotho,AFRO,38.0,21729,0.0,661
2021-11-28,LS,Lesotho,AFRO,48.0,21777,1.0,662
2021-12-05,LS,Lesotho,AFRO,187.0,21964,2.0,664
2021-12-12,LS,Lesotho,AFRO,1138.0,23102,0.0,664
2021-12-19,LS,Lesotho,AFRO,2426.0,25528,1.0,665
2021-12-26,LS,Lesotho,AFRO,2654.0,28182,0.0,665
2022-01-02,LS,Lesotho,AFRO,1806.0,29988,8.0,673
2022-01-09,LS,Lesotho,AFRO,1186.0,31174,10.0,683
2022-01-16,LS,Lesotho,AFRO,670.0,31844,4.0,687
2022-01-23,LS,Lesotho,AFRO,205.0,32049,3.0,690
2022-01-30,LS,Lesotho,AFRO,198.0,32247,3.0,693
2022-02-06,LS,Lesotho,AFRO,114.0,32361,2.0,695
2022-02-13,LS,Lesotho,AFRO,70.0,32431,1.0,696
2022-02-20,LS,Lesotho,AFRO,168.0,32599,0.0,696
2022-02-27,LS,Lesotho,AFRO,96.0,32695,1.0,697
2022-03-06,LS,Lesotho,AFRO,21.0,32716,0.0,697
2022-03-13,LS,Lesotho,AFRO,59.0,32775,0.0,697
2022-03-20,LS,Lesotho,AFRO,104.0,32879,0.0,697
2022-03-27,LS,Lesotho,AFRO,16.0,32895,0.0,697
2022-04-03,LS,Lesotho,AFRO,15.0,32910,0.0,697
2022-04-10,LS,Lesotho,AFRO,58.0,32968,0.0,697
2022-04-17,LS,Lesotho,AFRO,42.0,33010,0.0,697
2022-04-24,LS,Lesotho,AFRO,103.0,33113,0.0,697
2022-05-01,LS,Lesotho,AFRO,24.0,33137,0.0,697
2022-05-08,LS,Lesotho,AFRO,56.0,33193,1.0,698
2022-05-15,LS,Lesotho,AFRO,89.0,33282,0.0,698
2022-05-22,LS,Lesotho,AFRO,88.0,33370,0.0,698
2022-05-29,LS,Lesotho,AFRO,116.0,33486,0.0,698
2022-06-05,LS,Lesotho,AFRO,173.0,33659,1.0,699
2022-06-12,LS,Lesotho,AFRO,212.0,33871,0.0,699
2022-06-19,LS,Lesotho,AFRO,67.0,33938,0.0,699
2022-06-26,LS,Lesotho,AFRO,0.0,33938,0.0,699
2022-07-03,LS,Lesotho,AFRO,156.0,34094,2.0,701
2022-07-10,LS,Lesotho,AFRO,39.0,34133,1.0,702
2022-07-17,LS,Lesotho,AFRO,41.0,34174,0.0,702
2022-07-24,LS,Lesotho,AFRO,47.0,34221,2.0,704
2022-07-31,LS,Lesotho,AFRO,13.0,34234,0.0,704
2022-08-07,LS,Lesotho,AFRO,11.0,34245,0.0,704
2022-08-14,LS,Lesotho,AFRO,6.0,34251,0.0,704
2022-08-21,LS,Lesotho,AFRO,47.0,34298,0.0,704
2022-08-28,LS,Lesotho,AFRO,111.0,34409,0.0,704
2022-09-04,LS,Lesotho,AFRO,48.0,34457,1.0,705
2022-09-11,LS,Lesotho,AFRO,33.0,34490,1.0,706
2022-09-18,LS,Lesotho,AFRO,0.0,34490,0.0,706
2022-09-25,LS,Lesotho,AFRO,0.0,34490,0.0,706
2022-10-02,LS,Lesotho,AFRO,0.0,34490,0.0,706
2022-10-09,LS,Lesotho,AFRO,0.0,34490,0.0,706
2022-10-16,LS,Lesotho,AFRO,0.0,34490,0.0,706
2022-10-23,LS,Lesotho,AFRO,0.0,34490,0.0,706
2022-10-30,LS,Lesotho,AFRO,0.0,34490,0.0,706
2022-11-06,LS,Lesotho,AFRO,0.0,34490,0.0,706
2022-11-13,LS,Lesotho,AFRO,0.0,34490,0.0,706
2022-11-20,LS,Lesotho,AFRO,0.0,34490,0.0,706
2022-11-27,LS,Lesotho,AFRO,0.0,34490,0.0,706
2022-12-04,LS,Lesotho,AFRO,0.0,34490,0.0,706
2022-12-11,LS,Lesotho,AFRO,0.0,34490,0.0,706
2022-12-18,LS,Lesotho,AFRO,0.0,34490,0.0,706
2022-12-25,LS,Lesotho,AFRO,0.0,34490,0.0,706
2023-01-01,LS,Lesotho,AFRO,0.0,34490,0.0,706
2023-01-08,LS,Lesotho,AFRO,0.0,34490,0.0,706
2023-01-15,LS,Lesotho,AFRO,0.0,34490,0.0,706
2023-01-22,LS,Lesotho,AFRO,0.0,34490,0.0,706
2023-01-29,LS,Lesotho,AFRO,0.0,34490,0.0,706
2023-02-05,LS,Lesotho,AFRO,0.0,34490,0.0,706
2023-02-12,LS,Lesotho,AFRO,0.0,34490,0.0,706
2023-02-19,LS,Lesotho,AFRO,0.0,34490,0.0,706
2023-02-26,LS,Lesotho,AFRO,0.0,34490,0.0,706
2023-03-05,LS,Lesotho,AFRO,0.0,34490,0.0,706
2023-03-12,LS,Lesotho,AFRO,0.0,34490,0.0,706
2023-03-19,LS,Lesotho,AFRO,0.0,34490,0.0,706
2023-03-26,LS,Lesotho,AFRO,0.0,34490,0.0,706
2023-04-02,LS,Lesotho,AFRO,0.0,34490,0.0,706
2023-04-09,LS,Lesotho,AFRO,0.0,34490,0.0,706
2023-04-16,LS,Lesotho,AFRO,0.0,34490,0.0,706
2023-04-23,LS,Lesotho,AFRO,0.0,34490,0.0,706
2023-04-30,LS,Lesotho,AFRO,0.0,34490,0.0,706
2023-05-07,LS,Lesotho,AFRO,0.0,34490,0.0,706
2023-05-14,LS,Lesotho,AFRO,0.0,34490,0.0,706
2023-05-21,LS,Lesotho,AFRO,0.0,34490,0.0,706
2023-05-28,LS,Lesotho,AFRO,0.0,34490,0.0,706
2023-06-04,LS,Lesotho,AFRO,0.0,34490,0.0,706
2023-06-11,LS,Lesotho,AFRO,0.0,34490,0.0,706
2023-06-18,LS,Lesotho,AFRO,0.0,34490,0.0,706
2023-06-25,LS,Lesotho,AFRO,0.0,34490,0.0,706
2023-07-02,LS,Lesotho,AFRO,0.0,34490,0.0,706
2023-07-09,LS,Lesotho,AFRO,0.0,34490,0.0,706
2023-07-16,LS,Lesotho,AFRO,0.0,34490,0.0,706
2023-07-23,LS,Lesotho,AFRO,0.0,34490,0.0,706
2023-07-30,LS,Lesotho,AFRO,0.0,34490,0.0,706
2023-08-06,LS,Lesotho,AFRO,0.0,34490,0.0,706
2023-08-13,LS,Lesotho,AFRO,0.0,34490,0.0,706
2023-08-20,LS,Lesotho,AFRO,0.0,34490,0.0,706
2023-08-27,LS,Lesotho,AFRO,0.0,34490,0.0,706
2023-09-03,LS,Lesotho,AFRO,0.0,34490,0.0,706
2023-09-10,LS,Lesotho,AFRO,0.0,34490,0.0,706
2023-09-17,LS,Lesotho,AFRO,0.0,34490,0.0,706
2023-09-24,LS,Lesotho,AFRO,1346.0,35836,3.0,709
2023-10-01,LS,Lesotho,AFRO,0.0,35836,0.0,709
2023-10-08,LS,Lesotho,AFRO,24.0,35860,0.0,709
2023-10-15,LS,Lesotho,AFRO,74.0,35934,0.0,709
2023-10-22,LS,Lesotho,AFRO,67.0,36001,0.0,709
2023-10-29,LS,Lesotho,AFRO,10.0,36011,0.0,709
2023-11-05,LS,Lesotho,AFRO,28.0,36039,0.0,709
2023-11-12,LS,Lesotho,AFRO,13.0,36052,0.0,709
2023-11-19,LS,Lesotho,AFRO,34.0,36086,0.0,709
2023-11-26,LS,Lesotho,AFRO,27.0,36113,0.0,709
2023-12-03,LS,Lesotho,AFRO,11.0,36124,0.0,709
2023-12-10,LS,Lesotho,AFRO,8.0,36132,0.0,709
2023-12-17,LS,Lesotho,AFRO,3.0,36135,0.0,709
2023-12-24,LS,Lesotho,AFRO,0.0,36135,0.0,709
2023-12-31,LS,Lesotho,AFRO,3.0,36138,0.0,709
2024-01-07,LS,Lesotho,AFRO,0.0,36138,0.0,709
2024-01-14,LS,Lesotho,AFRO,0.0,36138,0.0,709
2024-01-21,LS,Lesotho,AFRO,0.0,36138,0.0,709
2024-01-28,LS,Lesotho,AFRO,0.0,36138,0.0,709
2024-02-04,LS,Lesotho,AFRO,0.0,36138,0.0,709
2024-02-11,LS,Lesotho,AFRO,0.0,36138,0.0,709
2024-02-18,LS,Lesotho,AFRO,0.0,36138,0.0,709
2024-02-25,LS,Lesotho,AFRO,0.0,36138,0.0,709
2024-03-03,LS,Lesotho,AFRO,0.0,36138,0.0,709
2024-03-10,LS,Lesotho,AFRO,0.0,36138,0.0,709
2024-03-17,LS,Lesotho,AFRO,0.0,36138,0.0,709
2024-03-24,LS,Lesotho,AFRO,0.0,36138,0.0,709
2024-03-31,LS,Lesotho,AFRO,0.0,36138,0.0,709
2024-04-07,LS,Lesotho,AFRO,0.0,36138,0.0,709
2024-04-14,LS,Lesotho,AFRO,0.0,36138,0.0,709
2024-04-21,LS,Lesotho,AFRO,0.0,36138,0.0,709
2024-04-28,LS,Lesotho,AFRO,0.0,36138,0.0,709
