Date_reported,Country_code,Country,WHO_region,New_cases,Cumulative_cases,New_deaths,Cumulative_deaths
2020-01-05,MA,Morocco,EMRO,0.0,0,0.0,0
2020-01-12,MA,Morocco,EMRO,0.0,0,0.0,0
2020-01-19,MA,Morocco,EMRO,0.0,0,0.0,0
2020-01-26,MA,Morocco,EMRO,0.0,0,0.0,0
2020-02-02,MA,Morocco,EMRO,0.0,0,0.0,0
2020-02-09,MA,Morocco,EMRO,0.0,0,0.0,0
2020-02-16,MA,Morocco,EMRO,0.0,0,0.0,0
2020-02-23,MA,Morocco,EMRO,0.0,0,0.0,0
2020-03-01,MA,Morocco,EMRO,0.0,0,0.0,0
2020-03-08,MA,Morocco,EMRO,2.0,2,0.0,0
2020-03-15,MA,Morocco,EMRO,15.0,17,1.0,1
2020-03-22,MA,Morocco,EMRO,79.0,96,2.0,3
2020-03-29,MA,Morocco,EMRO,294.0,390,22.0,25
2020-04-05,MA,Morocco,EMRO,529.0,919,34.0,59
2020-04-12,MA,Morocco,EMRO,626.0,1545,52.0,111
2020-04-19,MA,Morocco,EMRO,1140.0,2685,26.0,137
2020-04-26,MA,Morocco,EMRO,1212.0,3897,22.0,159
2020-05-03,MA,Morocco,EMRO,832.0,4729,14.0,173
2020-05-10,MA,Morocco,EMRO,1181.0,5910,13.0,186
2020-05-17,MA,Morocco,EMRO,831.0,6741,6.0,192
2020-05-24,MA,Morocco,EMRO,665.0,7406,6.0,198
2020-05-31,MA,Morocco,EMRO,374.0,7780,6.0,204
2020-06-07,MA,Morocco,EMRO,371.0,8151,4.0,208
2020-06-14,MA,Morocco,EMRO,541.0,8692,4.0,212
2020-06-21,MA,Morocco,EMRO,1147.0,9839,1.0,213
2020-06-28,MA,Morocco,EMRO,2038.0,11877,7.0,220
2020-07-05,MA,Morocco,EMRO,1945.0,13822,12.0,232
2020-07-12,MA,Morocco,EMRO,1720.0,15542,13.0,245
2020-07-19,MA,Morocco,EMRO,1473.0,17015,24.0,269
2020-07-26,MA,Morocco,EMRO,2630.0,19645,36.0,305
2020-08-02,MA,Morocco,EMRO,5406.0,25051,62.0,367
2020-08-09,MA,Morocco,EMRO,6956.0,32007,113.0,480
2020-08-16,MA,Morocco,EMRO,9010.0,41017,152.0,632
2020-08-23,MA,Morocco,EMRO,9795.0,50812,226.0,858
2020-08-30,MA,Morocco,EMRO,9244.0,60056,220.0,1078
2020-09-06,MA,Morocco,EMRO,10104.0,70160,251.0,1329
2020-09-13,MA,Morocco,EMRO,14275.0,84435,224.0,1553
2020-09-20,MA,Morocco,EMRO,15381.0,99816,242.0,1795
2020-09-27,MA,Morocco,EMRO,15425.0,115241,246.0,2041
2020-10-04,MA,Morocco,EMRO,15987.0,131228,252.0,2293
2020-10-11,MA,Morocco,EMRO,18613.0,149841,279.0,2572
2020-10-18,MA,Morocco,EMRO,21070.0,170911,306.0,2878
2020-10-25,MA,Morocco,EMRO,23550.0,194461,377.0,3255
2020-11-01,MA,Morocco,EMRO,24623.0,219084,440.0,3695
2020-11-08,MA,Morocco,EMRO,33101.0,252185,502.0,4197
2020-11-15,MA,Morocco,EMRO,36026.0,288211,500.0,4697
2020-11-22,MA,Morocco,EMRO,32751.0,320962,559.0,5256
2020-11-29,MA,Morocco,EMRO,28726.0,349688,483.0,5739
2020-12-06,MA,Morocco,EMRO,27050.0,376738,445.0,6184
2020-12-13,MA,Morocco,EMRO,20859.0,397597,405.0,6589
2020-12-20,MA,Morocco,EMRO,17629.0,415226,320.0,6909
2020-12-27,MA,Morocco,EMRO,15336.0,430562,295.0,7204
2021-01-03,MA,Morocco,EMRO,11579.0,442141,248.0,7452
2021-01-10,MA,Morocco,EMRO,9496.0,451637,257.0,7709
2021-01-17,MA,Morocco,EMRO,7228.0,458865,202.0,7911
2021-01-24,MA,Morocco,EMRO,6904.0,465769,217.0,8128
2021-01-31,MA,Morocco,EMRO,4922.0,470691,131.0,8259
2021-02-07,MA,Morocco,EMRO,4275.0,474966,122.0,8381
2021-02-14,MA,Morocco,EMRO,3169.0,478135,79.0,8460
2021-02-21,MA,Morocco,EMRO,2813.0,480948,88.0,8548
2021-02-28,MA,Morocco,EMRO,2462.0,483410,67.0,8615
2021-03-07,MA,Morocco,EMRO,2564.0,485974,61.0,8676
2021-03-14,MA,Morocco,EMRO,2658.0,488632,42.0,8718
2021-03-21,MA,Morocco,EMRO,2831.0,491463,45.0,8763
2021-03-28,MA,Morocco,EMRO,2895.0,494358,35.0,8798
2021-04-04,MA,Morocco,EMRO,3474.0,497832,44.0,8842
2021-04-11,MA,Morocco,EMRO,3856.0,501688,49.0,8891
2021-04-18,MA,Morocco,EMRO,3759.0,505447,53.0,8944
2021-04-25,MA,Morocco,EMRO,3590.0,509037,44.0,8988
2021-05-02,MA,Morocco,EMRO,2525.0,511562,38.0,9026
2021-05-09,MA,Morocco,EMRO,2066.0,513628,38.0,9064
2021-05-16,MA,Morocco,EMRO,1189.0,514817,34.0,9098
2021-05-23,MA,Morocco,EMRO,1995.0,516812,21.0,9119
2021-05-30,MA,Morocco,EMRO,2056.0,518868,19.0,9138
2021-06-06,MA,Morocco,EMRO,2327.0,521195,35.0,9173
2021-06-13,MA,Morocco,EMRO,2425.0,523620,34.0,9207
2021-06-20,MA,Morocco,EMRO,2743.0,526363,30.0,9237
2021-06-27,MA,Morocco,EMRO,2861.0,529224,36.0,9273
2021-07-04,MA,Morocco,EMRO,4721.0,533945,42.0,9315
2021-07-11,MA,Morocco,EMRO,7460.0,541405,45.0,9360
2021-07-18,MA,Morocco,EMRO,14083.0,555488,74.0,9434
2021-07-25,MA,Morocco,EMRO,19674.0,575162,125.0,9559
2021-08-01,MA,Morocco,EMRO,48366.0,623528,226.0,9785
2021-08-08,MA,Morocco,EMRO,63764.0,687292,470.0,10255
2021-08-15,MA,Morocco,EMRO,64784.0,752076,678.0,10933
2021-08-22,MA,Morocco,EMRO,54212.0,806288,744.0,11677
2021-08-29,MA,Morocco,EMRO,43244.0,849532,684.0,12361
2021-09-05,MA,Morocco,EMRO,31510.0,881042,632.0,12993
2021-09-12,MA,Morocco,EMRO,21652.0,902694,495.0,13488
2021-09-19,MA,Morocco,EMRO,15432.0,918126,388.0,13876
2021-09-26,MA,Morocco,EMRO,10445.0,928571,256.0,14132
2021-10-03,MA,Morocco,EMRO,6257.0,934828,183.0,14315
2021-10-10,MA,Morocco,EMRO,3973.0,938801,128.0,14443
2021-10-17,MA,Morocco,EMRO,3062.0,941863,94.0,14537
2021-10-24,MA,Morocco,EMRO,2213.0,944076,69.0,14606
2021-10-31,MA,Morocco,EMRO,1884.0,945960,61.0,14667
2021-11-07,MA,Morocco,EMRO,1347.0,947307,39.0,14706
2021-11-14,MA,Morocco,EMRO,850.0,948157,34.0,14740
2021-11-21,MA,Morocco,EMRO,673.0,948830,21.0,14761
2021-11-28,MA,Morocco,EMRO,818.0,949648,13.0,14774
2021-12-05,MA,Morocco,EMRO,853.0,950501,13.0,14787
2021-12-12,MA,Morocco,EMRO,879.0,951380,9.0,14796
2021-12-19,MA,Morocco,EMRO,1248.0,952628,12.0,14808
2021-12-26,MA,Morocco,EMRO,2959.0,955587,19.0,14827
2022-01-02,MA,Morocco,EMRO,9833.0,965420,24.0,14851
2022-01-09,MA,Morocco,EMRO,31701.0,997121,53.0,14904
2022-01-16,MA,Morocco,EMRO,46104.0,1043225,59.0,14963
2022-01-23,MA,Morocco,EMRO,50753.0,1093978,150.0,15113
2022-01-30,MA,Morocco,EMRO,35162.0,1129140,215.0,15328
2022-02-06,MA,Morocco,EMRO,16901.0,1146041,247.0,15575
2022-02-13,MA,Morocco,EMRO,8490.0,1154531,191.0,15766
2022-02-20,MA,Morocco,EMRO,4138.0,1158669,115.0,15881
2022-02-27,MA,Morocco,EMRO,2081.0,1160750,89.0,15970
2022-03-06,MA,Morocco,EMRO,836.0,1161586,45.0,16015
2022-03-13,MA,Morocco,EMRO,454.0,1162040,21.0,16036
2022-03-20,MA,Morocco,EMRO,404.0,1162444,15.0,16051
2022-03-27,MA,Morocco,EMRO,479.0,1162923,6.0,16057
2022-04-03,MA,Morocco,EMRO,549.0,1163472,3.0,16060
2022-04-10,MA,Morocco,EMRO,490.0,1163962,1.0,16061
2022-04-17,MA,Morocco,EMRO,383.0,1164345,1.0,16062
2022-04-24,MA,Morocco,EMRO,325.0,1164670,3.0,16065
2022-05-01,MA,Morocco,EMRO,283.0,1164953,4.0,16069
2022-05-08,MA,Morocco,EMRO,253.0,1165206,1.0,16070
2022-05-15,MA,Morocco,EMRO,500.0,1165706,1.0,16071
2022-05-22,MA,Morocco,EMRO,824.0,1166530,4.0,16075
2022-05-29,MA,Morocco,EMRO,1202.0,1167732,1.0,16076
2022-06-05,MA,Morocco,EMRO,2188.0,1169920,3.0,16079
2022-06-12,MA,Morocco,EMRO,5184.0,1175104,3.0,16082
2022-06-19,MA,Morocco,EMRO,9628.0,1184732,4.0,16086
2022-06-26,MA,Morocco,EMRO,17729.0,1202461,12.0,16098
2022-07-03,MA,Morocco,EMRO,21124.0,1223585,18.0,16116
2022-07-10,MA,Morocco,EMRO,17262.0,1240847,35.0,16151
2022-07-17,MA,Morocco,EMRO,9663.0,1250510,27.0,16178
2022-07-24,MA,Morocco,EMRO,6810.0,1257320,33.0,16211
2022-07-31,MA,Morocco,EMRO,3439.0,1260759,23.0,16234
2022-08-07,MA,Morocco,EMRO,1742.0,1262501,22.0,16256
2022-08-14,MA,Morocco,EMRO,872.0,1263373,12.0,16268
2022-08-21,MA,Morocco,EMRO,570.0,1263943,2.0,16270
2022-08-28,MA,Morocco,EMRO,343.0,1264286,1.0,16271
2022-09-04,MA,Morocco,EMRO,245.0,1264531,3.0,16274
2022-09-11,MA,Morocco,EMRO,117.0,1264648,2.0,16276
2022-09-18,MA,Morocco,EMRO,114.0,1264762,1.0,16277
2022-09-25,MA,Morocco,EMRO,110.0,1264872,1.0,16278
2022-10-02,MA,Morocco,EMRO,89.0,1264961,0.0,16278
2022-10-09,MA,Morocco,EMRO,125.0,1265086,0.0,16278
2022-10-16,MA,Morocco,EMRO,115.0,1265201,0.0,16278
2022-10-23,MA,Morocco,EMRO,181.0,1265382,2.0,16280
2022-10-30,MA,Morocco,EMRO,190.0,1265572,1.0,16281
2022-11-06,MA,Morocco,EMRO,393.0,1265965,0.0,16281
2022-11-13,MA,Morocco,EMRO,596.0,1266561,2.0,16283
2022-11-20,MA,Morocco,EMRO,705.0,1267266,0.0,16283
2022-11-27,MA,Morocco,EMRO,1029.0,1268295,1.0,16284
2022-12-04,MA,Morocco,EMRO,1001.0,1269296,1.0,16285
2022-12-11,MA,Morocco,EMRO,823.0,1270119,3.0,16288
2022-12-18,MA,Morocco,EMRO,663.0,1270782,6.0,16294
2022-12-25,MA,Morocco,EMRO,462.0,1271244,0.0,16294
2023-01-01,MA,Morocco,EMRO,351.0,1271595,0.0,16294
2023-01-08,MA,Morocco,EMRO,273.0,1271868,1.0,16295
2023-01-15,MA,Morocco,EMRO,188.0,1272056,0.0,16295
2023-01-22,MA,Morocco,EMRO,119.0,1272175,1.0,16296
2023-01-29,MA,Morocco,EMRO,47.0,1272222,0.0,16296
2023-02-05,MA,Morocco,EMRO,54.0,1272276,0.0,16296
2023-02-12,MA,Morocco,EMRO,56.0,1272332,0.0,16296
2023-02-19,MA,Morocco,EMRO,39.0,1272371,0.0,16296
2023-02-26,MA,Morocco,EMRO,71.0,1272442,0.0,16296
2023-03-05,MA,Morocco,EMRO,44.0,1272486,0.0,16296
2023-03-12,MA,Morocco,EMRO,40.0,1272526,0.0,16296
2023-03-19,MA,Morocco,EMRO,59.0,1272585,0.0,16296
2023-03-26,MA,Morocco,EMRO,37.0,1272622,0.0,16296
2023-04-02,MA,Morocco,EMRO,57.0,1272679,0.0,16296
2023-04-09,MA,Morocco,EMRO,54.0,1272733,0.0,16296
2023-04-16,MA,Morocco,EMRO,156.0,1272889,0.0,16296
2023-04-23,MA,Morocco,EMRO,241.0,1273130,1.0,16297
2023-04-30,MA,Morocco,EMRO,333.0,1273463,0.0,16297
2023-05-07,MA,Morocco,EMRO,369.0,1273832,0.0,16297
2023-05-14,MA,Morocco,EMRO,348.0,1274180,0.0,16297
2023-05-21,MA,Morocco,EMRO,373.0,1274553,0.0,16297
2023-05-28,MA,Morocco,EMRO,180.0,1274733,0.0,16297
2023-06-04,MA,Morocco,EMRO,168.0,1274901,0.0,16297
2023-06-11,MA,Morocco,EMRO,102.0,1275003,0.0,16297
2023-06-18,MA,Morocco,EMRO,86.0,1275089,0.0,16297
2023-06-25,MA,Morocco,EMRO,47.0,1275136,0.0,16297
2023-07-02,MA,Morocco,EMRO,32.0,1275168,0.0,16297
2023-07-09,MA,Morocco,EMRO,23.0,1275191,0.0,16297
2023-07-16,MA,Morocco,EMRO,33.0,1275224,0.0,16297
2023-07-23,MA,Morocco,EMRO,21.0,1275245,0.0,16297
2023-07-30,MA,Morocco,EMRO,28.0,1275273,0.0,16297
2023-08-06,MA,Morocco,EMRO,20.0,1275293,0.0,16297
2023-08-13,MA,Morocco,EMRO,27.0,1275320,0.0,16297
2023-08-20,MA,Morocco,EMRO,74.0,1275394,0.0,16297
2023-08-27,MA,Morocco,EMRO,161.0,1275555,0.0,16297
2023-09-03,MA,Morocco,EMRO,309.0,1275864,0.0,16297
2023-09-10,MA,Morocco,EMRO,312.0,1276176,0.0,16297
2023-09-17,MA,Morocco,EMRO,254.0,1276430,0.0,16297
2023-09-24,MA,Morocco,EMRO,205.0,1276635,0.0,16297
2023-10-01,MA,Morocco,EMRO,177.0,1276812,0.0,16297
2023-10-08,MA,Morocco,EMRO,138.0,1276950,0.0,16297
2023-10-15,MA,Morocco,EMRO,132.0,1277082,0.0,16297
2023-10-22,MA,Morocco,EMRO,136.0,1277218,0.0,16297
2023-10-29,MA,Morocco,EMRO,124.0,1277342,0.0,16297
2023-11-05,MA,Morocco,EMRO,0.0,1277342,0.0,16297
2023-11-12,MA,Morocco,EMRO,196.0,1277538,0.0,16297
2023-11-19,MA,Morocco,EMRO,104.0,1277642,0.0,16297
2023-11-26,MA,Morocco,EMRO,104.0,1277746,0.0,16297
2023-12-03,MA,Morocco,EMRO,116.0,1277862,1.0,16298
2023-12-10,MA,Morocco,EMRO,94.0,1277956,0.0,16298
2023-12-17,MA,Morocco,EMRO,99.0,1278055,0.0,16298
2023-12-24,MA,Morocco,EMRO,109.0,1278164,0.0,16298
2023-12-31,MA,Morocco,EMRO,105.0,1278269,2.0,16300
2024-01-07,MA,Morocco,EMRO,130.0,1278399,0.0,16300
2024-01-14,MA,Morocco,EMRO,113.0,1278512,1.0,16301
2024-01-21,MA,Morocco,EMRO,154.0,1278666,0.0,16301
2024-01-28,MA,Morocco,EMRO,86.0,1278752,0.0,16301
2024-02-04,MA,Morocco,EMRO,92.0,1278844,0.0,16301
2024-02-11,MA,Morocco,EMRO,100.0,1278944,0.0,16301
2024-02-18,MA,Morocco,EMRO,44.0,1278988,2.0,16303
2024-02-25,MA,Morocco,EMRO,0.0,1278988,0.0,16303
2024-03-03,MA,Morocco,EMRO,0.0,1278988,0.0,16303
2024-03-10,MA,Morocco,EMRO,4.0,1278992,0.0,16303
2024-03-17,MA,Morocco,EMRO,14.0,1279006,1.0,16304
2024-03-24,MA,Morocco,EMRO,11.0,1279017,0.0,16304
2024-03-31,MA,Morocco,EMRO,7.0,1279024,0.0,16304
2024-04-07,MA,Morocco,EMRO,4.0,1279028,0.0,16304
2024-04-14,MA,Morocco,EMRO,10.0,1279038,0.0,16304
2024-04-21,MA,Morocco,EMRO,0.0,1279038,0.0,16304
2024-04-28,MA,Morocco,EMRO,0.0,1279038,0.0,16304
