Date_reported,Country_code,Country,WHO_region,New_cases,Cumulative_cases,New_deaths,Cumulative_deaths
2020-01-05,MD,Republic of Moldova,EURO,0.0,0,0.0,0
2020-01-12,MD,Republic of Moldova,EURO,0.0,0,0.0,0
2020-01-19,MD,Republic of Moldova,EURO,0.0,0,0.0,0
2020-01-26,MD,Republic of Moldova,EURO,0.0,0,0.0,0
2020-02-02,MD,Republic of Moldova,EURO,0.0,0,0.0,0
2020-02-09,MD,Republic of Moldova,EURO,0.0,0,0.0,0
2020-02-16,MD,Republic of Moldova,EURO,0.0,0,0.0,0
2020-02-23,MD,Republic of Moldova,EURO,0.0,0,0.0,0
2020-03-01,MD,Republic of Moldova,EURO,0.0,0,0.0,0
2020-03-08,MD,Republic of Moldova,EURO,1.0,1,0.0,0
2020-03-15,MD,Republic of Moldova,EURO,7.0,8,0.0,0
2020-03-22,MD,Republic of Moldova,EURO,72.0,80,1.0,1
2020-03-29,MD,Republic of Moldova,EURO,151.0,231,1.0,2
2020-04-05,MD,Republic of Moldova,EURO,521.0,752,10.0,12
2020-04-12,MD,Republic of Moldova,EURO,808.0,1560,18.0,30
2020-04-19,MD,Republic of Moldova,EURO,791.0,2351,30.0,60
2020-04-26,MD,Republic of Moldova,EURO,953.0,3304,34.0,94
2020-05-03,MD,Republic of Moldova,EURO,748.0,4052,30.0,124
2020-05-10,MD,Republic of Moldova,EURO,815.0,4867,41.0,165
2020-05-17,MD,Republic of Moldova,EURO,1067.0,5934,44.0,209
2020-05-24,MD,Republic of Moldova,EURO,1060.0,6994,41.0,250
2020-05-31,MD,Republic of Moldova,EURO,1104.0,8098,46.0,296
2020-06-07,MD,Republic of Moldova,EURO,1413.0,9511,41.0,337
2020-06-14,MD,Republic of Moldova,EURO,1948.0,11459,64.0,401
2020-06-21,MD,Republic of Moldova,EURO,2494.0,13953,65.0,466
2020-06-28,MD,Republic of Moldova,EURO,2127.0,16080,62.0,528
2020-07-05,MD,Republic of Moldova,EURO,1592.0,17672,58.0,586
2020-07-12,MD,Republic of Moldova,EURO,1536.0,19208,58.0,644
2020-07-19,MD,Republic of Moldova,EURO,1586.0,20794,40.0,684
2020-07-26,MD,Republic of Moldova,EURO,2034.0,22828,53.0,737
2020-08-02,MD,Republic of Moldova,EURO,2285.0,25113,57.0,794
2020-08-09,MD,Republic of Moldova,EURO,2330.0,27443,52.0,846
2020-08-16,MD,Republic of Moldova,EURO,2462.0,29905,54.0,900
2020-08-23,MD,Republic of Moldova,EURO,3167.0,33072,40.0,940
2020-08-30,MD,Republic of Moldova,EURO,3332.0,36404,55.0,995
2020-09-06,MD,Republic of Moldova,EURO,3069.0,39473,73.0,1068
2020-09-13,MD,Republic of Moldova,EURO,3241.0,42714,55.0,1123
2020-09-20,MD,Republic of Moldova,EURO,3622.0,46336,83.0,1206
2020-09-27,MD,Republic of Moldova,EURO,4198.0,50534,78.0,1284
2020-10-04,MD,Republic of Moldova,EURO,5354.0,55888,78.0,1362
2020-10-11,MD,Republic of Moldova,EURO,5874.0,61762,105.0,1467
2020-10-18,MD,Republic of Moldova,EURO,4890.0,66652,111.0,1578
2020-10-25,MD,Republic of Moldova,EURO,4437.0,71089,100.0,1678
2020-11-01,MD,Republic of Moldova,EURO,4951.0,76040,133.0,1811
2020-11-08,MD,Republic of Moldova,EURO,5635.0,81675,106.0,1917
2020-11-15,MD,Republic of Moldova,EURO,7097.0,88772,115.0,2032
2020-11-22,MD,Republic of Moldova,EURO,7917.0,96689,124.0,2156
2020-11-29,MD,Republic of Moldova,EURO,9163.0,105852,139.0,2295
2020-12-06,MD,Republic of Moldova,EURO,9705.0,115557,185.0,2480
2020-12-13,MD,Republic of Moldova,EURO,10166.0,125723,144.0,2624
2020-12-20,MD,Republic of Moldova,EURO,8855.0,134578,180.0,2804
2020-12-27,MD,Republic of Moldova,EURO,6418.0,140996,156.0,2960
2021-01-03,MD,Republic of Moldova,EURO,4698.0,145694,211.0,3171
2021-01-10,MD,Republic of Moldova,EURO,3399.0,149093,110.0,3281
2021-01-17,MD,Republic of Moldova,EURO,3547.0,152640,115.0,3396
2021-01-24,MD,Republic of Moldova,EURO,3297.0,155937,102.0,3498
2021-01-31,MD,Republic of Moldova,EURO,3576.0,159513,123.0,3621
2021-02-07,MD,Republic of Moldova,EURO,4730.0,164243,96.0,3717
2021-02-14,MD,Republic of Moldova,EURO,5562.0,169805,110.0,3827
2021-02-21,MD,Republic of Moldova,EURO,6440.0,176245,120.0,3947
2021-02-28,MD,Republic of Moldova,EURO,8611.0,184856,236.0,4183
2021-03-07,MD,Republic of Moldova,EURO,9749.0,194605,167.0,4350
2021-03-14,MD,Republic of Moldova,EURO,9105.0,203710,203.0,4553
2021-03-21,MD,Republic of Moldova,EURO,10493.0,214203,237.0,4790
2021-03-28,MD,Republic of Moldova,EURO,11457.0,225660,254.0,5044
2021-04-04,MD,Republic of Moldova,EURO,8734.0,234394,479.0,5523
2021-04-11,MD,Republic of Moldova,EURO,6492.0,240886,277.0,5800
2021-04-18,MD,Republic of Moldova,EURO,4608.0,245494,179.0,5979
2021-04-25,MD,Republic of Moldova,EURO,3404.0,248898,161.0,6140
2021-05-02,MD,Republic of Moldova,EURO,2262.0,251160,184.0,6324
2021-05-09,MD,Republic of Moldova,EURO,1444.0,252604,117.0,6441
2021-05-16,MD,Republic of Moldova,EURO,1132.0,253736,73.0,6514
2021-05-23,MD,Republic of Moldova,EURO,865.0,254601,56.0,6570
2021-05-30,MD,Republic of Moldova,EURO,504.0,255105,28.0,6598
2021-06-06,MD,Republic of Moldova,EURO,327.0,255432,77.0,6675
2021-06-13,MD,Republic of Moldova,EURO,326.0,255758,20.0,6695
2021-06-20,MD,Republic of Moldova,EURO,345.0,256103,16.0,6711
2021-06-27,MD,Republic of Moldova,EURO,424.0,256527,15.0,6726
2021-07-04,MD,Republic of Moldova,EURO,404.0,256931,17.0,6743
2021-07-11,MD,Republic of Moldova,EURO,488.0,257419,13.0,6756
2021-07-18,MD,Republic of Moldova,EURO,484.0,257903,16.0,6772
2021-07-25,MD,Republic of Moldova,EURO,678.0,258581,18.0,6790
2021-08-01,MD,Republic of Moldova,EURO,897.0,259478,20.0,6810
2021-08-08,MD,Republic of Moldova,EURO,1077.0,260555,24.0,6834
2021-08-15,MD,Republic of Moldova,EURO,1392.0,261947,25.0,6859
2021-08-22,MD,Republic of Moldova,EURO,2336.0,264283,52.0,6911
2021-08-29,MD,Republic of Moldova,EURO,2501.0,266784,34.0,6945
2021-09-05,MD,Republic of Moldova,EURO,3202.0,269986,50.0,6995
2021-09-12,MD,Republic of Moldova,EURO,4613.0,274599,81.0,7076
2021-09-19,MD,Republic of Moldova,EURO,6617.0,281216,79.0,7155
2021-09-26,MD,Republic of Moldova,EURO,7161.0,288377,93.0,7248
2021-10-03,MD,Republic of Moldova,EURO,8295.0,296672,156.0,7404
2021-10-10,MD,Republic of Moldova,EURO,9305.0,305977,173.0,7577
2021-10-17,MD,Republic of Moldova,EURO,9437.0,315414,204.0,7781
2021-10-24,MD,Republic of Moldova,EURO,11680.0,327094,253.0,8034
2021-10-31,MD,Republic of Moldova,EURO,10021.0,337115,296.0,8330
2021-11-07,MD,Republic of Moldova,EURO,8402.0,345517,305.0,8635
2021-11-14,MD,Republic of Moldova,EURO,7153.0,352670,390.0,9025
2021-11-21,MD,Republic of Moldova,EURO,5161.0,357831,353.0,9378
2021-11-28,MD,Republic of Moldova,EURO,4495.0,362326,255.0,9633
2021-12-05,MD,Republic of Moldova,EURO,3836.0,366162,154.0,9787
2021-12-12,MD,Republic of Moldova,EURO,3240.0,369402,146.0,9933
2021-12-19,MD,Republic of Moldova,EURO,2752.0,372154,128.0,10061
2021-12-26,MD,Republic of Moldova,EURO,2195.0,374349,123.0,10184
2022-01-02,MD,Republic of Moldova,EURO,2085.0,376434,100.0,10284
2022-01-09,MD,Republic of Moldova,EURO,3467.0,379901,72.0,10356
2022-01-16,MD,Republic of Moldova,EURO,8019.0,387920,81.0,10437
2022-01-23,MD,Republic of Moldova,EURO,19083.0,407003,76.0,10513
2022-01-30,MD,Republic of Moldova,EURO,31246.0,438249,122.0,10635
2022-02-06,MD,Republic of Moldova,EURO,29022.0,467271,133.0,10768
2022-02-13,MD,Republic of Moldova,EURO,17245.0,484516,172.0,10940
2022-02-20,MD,Republic of Moldova,EURO,10668.0,495184,163.0,11103
2022-02-27,MD,Republic of Moldova,EURO,6128.0,501312,110.0,11213
2022-03-06,MD,Republic of Moldova,EURO,4081.0,505393,79.0,11292
2022-03-13,MD,Republic of Moldova,EURO,2601.0,507994,54.0,11346
2022-03-20,MD,Republic of Moldova,EURO,2466.0,510460,43.0,11389
2022-03-27,MD,Republic of Moldova,EURO,2142.0,512602,28.0,11417
2022-04-03,MD,Republic of Moldova,EURO,1597.0,514199,29.0,11446
2022-04-10,MD,Republic of Moldova,EURO,1246.0,515445,16.0,11462
2022-04-17,MD,Republic of Moldova,EURO,986.0,516431,19.0,11481
2022-04-24,MD,Republic of Moldova,EURO,555.0,516986,8.0,11489
2022-05-01,MD,Republic of Moldova,EURO,220.0,517206,3.0,11492
2022-05-08,MD,Republic of Moldova,EURO,547.0,517753,11.0,11503
2022-05-15,MD,Republic of Moldova,EURO,413.0,518166,13.0,11516
2022-05-22,MD,Republic of Moldova,EURO,326.0,518492,5.0,11521
2022-05-29,MD,Republic of Moldova,EURO,475.0,518967,23.0,11544
2022-06-05,MD,Republic of Moldova,EURO,34.0,519001,0.0,11544
2022-06-12,MD,Republic of Moldova,EURO,227.0,519228,7.0,11551
2022-06-19,MD,Republic of Moldova,EURO,224.0,519452,3.0,11554
2022-06-26,MD,Republic of Moldova,EURO,251.0,519703,9.0,11563
2022-07-03,MD,Republic of Moldova,EURO,465.0,520168,4.0,11567
2022-07-10,MD,Republic of Moldova,EURO,1014.0,521182,3.0,11570
2022-07-17,MD,Republic of Moldova,EURO,1852.0,523034,14.0,11584
2022-07-24,MD,Republic of Moldova,EURO,3360.0,526394,8.0,11592
2022-07-31,MD,Republic of Moldova,EURO,5793.0,532187,16.0,11608
2022-08-07,MD,Republic of Moldova,EURO,9528.0,541715,22.0,11630
2022-08-14,MD,Republic of Moldova,EURO,10147.0,551862,32.0,11662
2022-08-21,MD,Republic of Moldova,EURO,9334.0,561196,31.0,11693
2022-08-28,MD,Republic of Moldova,EURO,7892.0,569088,32.0,11725
2022-09-04,MD,Republic of Moldova,EURO,5964.0,575052,30.0,11755
2022-09-11,MD,Republic of Moldova,EURO,8131.0,583183,53.0,11808
2022-09-18,MD,Republic of Moldova,EURO,3840.0,587023,13.0,11821
2022-09-25,MD,Republic of Moldova,EURO,2414.0,589437,23.0,11844
2022-10-02,MD,Republic of Moldova,EURO,1374.0,590811,14.0,11858
2022-10-09,MD,Republic of Moldova,EURO,1101.0,591912,12.0,11870
2022-10-16,MD,Republic of Moldova,EURO,623.0,592535,8.0,11878
2022-10-23,MD,Republic of Moldova,EURO,622.0,593157,9.0,11887
2022-10-30,MD,Republic of Moldova,EURO,566.0,593723,7.0,11894
2022-11-06,MD,Republic of Moldova,EURO,0.0,593723,0.0,11894
2022-11-13,MD,Republic of Moldova,EURO,347.0,594070,6.0,11900
2022-11-20,MD,Republic of Moldova,EURO,278.0,594348,6.0,11906
2022-11-27,MD,Republic of Moldova,EURO,313.0,594661,7.0,11913
2022-12-04,MD,Republic of Moldova,EURO,319.0,594980,5.0,11918
2022-12-11,MD,Republic of Moldova,EURO,329.0,595309,2.0,11920
2022-12-18,MD,Republic of Moldova,EURO,343.0,595652,2.0,11922
2022-12-25,MD,Republic of Moldova,EURO,448.0,596100,7.0,11929
2023-01-01,MD,Republic of Moldova,EURO,358.0,596458,4.0,11933
2023-01-08,MD,Republic of Moldova,EURO,364.0,596822,3.0,11936
2023-01-15,MD,Republic of Moldova,EURO,302.0,597124,4.0,11940
2023-01-22,MD,Republic of Moldova,EURO,857.0,597981,10.0,11950
2023-01-29,MD,Republic of Moldova,EURO,600.0,598581,3.0,11953
2023-02-05,MD,Republic of Moldova,EURO,905.0,599486,4.0,11957
2023-02-12,MD,Republic of Moldova,EURO,1338.0,600824,7.0,11964
2023-02-19,MD,Republic of Moldova,EURO,2834.0,603658,10.0,11974
2023-02-26,MD,Republic of Moldova,EURO,3702.0,607360,14.0,11988
2023-03-05,MD,Republic of Moldova,EURO,3690.0,611050,15.0,12003
2023-03-12,MD,Republic of Moldova,EURO,2836.0,613886,22.0,12025
2023-03-19,MD,Republic of Moldova,EURO,2373.0,616259,23.0,12048
2023-03-26,MD,Republic of Moldova,EURO,1491.0,617750,21.0,12069
2023-04-02,MD,Republic of Moldova,EURO,991.0,618741,17.0,12086
2023-04-09,MD,Republic of Moldova,EURO,684.0,619425,14.0,12100
2023-04-16,MD,Republic of Moldova,EURO,463.0,619888,6.0,12106
2023-04-23,MD,Republic of Moldova,EURO,280.0,620168,6.0,12112
2023-04-30,MD,Republic of Moldova,EURO,165.0,620333,1.0,12113
2023-05-07,MD,Republic of Moldova,EURO,110.0,620443,2.0,12115
2023-05-14,MD,Republic of Moldova,EURO,76.0,620519,3.0,12118
2023-05-21,MD,Republic of Moldova,EURO,55.0,620574,0.0,12118
2023-05-28,MD,Republic of Moldova,EURO,52.0,620626,0.0,12118
2023-06-04,MD,Republic of Moldova,EURO,30.0,620656,5.0,12123
2023-06-11,MD,Republic of Moldova,EURO,29.0,620685,1.0,12124
2023-06-18,MD,Republic of Moldova,EURO,32.0,620717,0.0,12124
2023-06-25,MD,Republic of Moldova,EURO,19.0,620736,0.0,12124
2023-07-02,MD,Republic of Moldova,EURO,22.0,620758,0.0,12124
2023-07-09,MD,Republic of Moldova,EURO,17.0,620775,1.0,12125
2023-07-16,MD,Republic of Moldova,EURO,31.0,620806,0.0,12125
2023-07-23,MD,Republic of Moldova,EURO,17.0,620823,0.0,12125
2023-07-30,MD,Republic of Moldova,EURO,25.0,620848,0.0,12125
2023-08-06,MD,Republic of Moldova,EURO,25.0,620873,0.0,12125
2023-08-13,MD,Republic of Moldova,EURO,54.0,620927,0.0,12125
2023-08-20,MD,Republic of Moldova,EURO,138.0,621065,0.0,12125
2023-08-27,MD,Republic of Moldova,EURO,173.0,621238,0.0,12125
2023-09-03,MD,Republic of Moldova,EURO,203.0,621441,0.0,12125
2023-09-10,MD,Republic of Moldova,EURO,424.0,621865,1.0,12126
2023-09-17,MD,Republic of Moldova,EURO,825.0,622690,0.0,12126
2023-09-24,MD,Republic of Moldova,EURO,994.0,623684,0.0,12126
2023-10-01,MD,Republic of Moldova,EURO,839.0,624523,2.0,12128
2023-10-08,MD,Republic of Moldova,EURO,630.0,625153,0.0,12128
2023-10-15,MD,Republic of Moldova,EURO,559.0,625712,7.0,12135
2023-10-22,MD,Republic of Moldova,EURO,568.0,626280,8.0,12143
2023-10-29,MD,Republic of Moldova,EURO,372.0,626652,7.0,12150
2023-11-05,MD,Republic of Moldova,EURO,355.0,627007,2.0,12152
2023-11-12,MD,Republic of Moldova,EURO,451.0,627458,2.0,12154
2023-11-19,MD,Republic of Moldova,EURO,270.0,627728,2.0,12156
2023-11-26,MD,Republic of Moldova,EURO,223.0,627951,1.0,12157
2023-12-03,MD,Republic of Moldova,EURO,508.0,628459,2.0,12159
2023-12-10,MD,Republic of Moldova,EURO,484.0,628943,2.0,12161
2023-12-17,MD,Republic of Moldova,EURO,558.0,629501,6.0,12167
2023-12-24,MD,Republic of Moldova,EURO,722.0,630223,3.0,12170
2023-12-31,MD,Republic of Moldova,EURO,838.0,631061,4.0,12174
2024-01-07,MD,Republic of Moldova,EURO,833.0,631894,5.0,12179
2024-01-14,MD,Republic of Moldova,EURO,708.0,632602,6.0,12185
2024-01-21,MD,Republic of Moldova,EURO,582.0,633184,5.0,12190
2024-01-28,MD,Republic of Moldova,EURO,486.0,633670,7.0,12197
2024-02-04,MD,Republic of Moldova,EURO,460.0,634130,5.0,12202
2024-02-11,MD,Republic of Moldova,EURO,378.0,634508,4.0,12206
2024-02-18,MD,Republic of Moldova,EURO,251.0,634759,10.0,12216
2024-02-25,MD,Republic of Moldova,EURO,175.0,634934,0.0,12216
2024-03-03,MD,Republic of Moldova,EURO,127.0,635061,1.0,12217
2024-03-10,MD,Republic of Moldova,EURO,84.0,635145,1.0,12218
2024-03-17,MD,Republic of Moldova,EURO,100.0,635245,6.0,12224
2024-03-24,MD,Republic of Moldova,EURO,76.0,635321,7.0,12231
2024-03-31,MD,Republic of Moldova,EURO,68.0,635389,0.0,12231
2024-04-07,MD,Republic of Moldova,EURO,70.0,635459,2.0,12233
2024-04-14,MD,Republic of Moldova,EURO,64.0,635523,0.0,12233
2024-04-21,MD,Republic of Moldova,EURO,47.0,635570,0.0,12233
2024-04-28,MD,Republic of Moldova,EURO,44.0,635614,1.0,12234
