Date_reported,Country_code,Country,WHO_region,New_cases,Cumulative_cases,New_deaths,Cumulative_deaths
2020-01-05,ME,Montenegro,EURO,0.0,0,0.0,0
2020-01-12,ME,Montenegro,EURO,0.0,0,0.0,0
2020-01-19,ME,Montenegro,EURO,0.0,0,0.0,0
2020-01-26,ME,Montenegro,EURO,0.0,0,0.0,0
2020-02-02,ME,Montenegro,EURO,0.0,0,0.0,0
2020-02-09,ME,Montenegro,EURO,0.0,0,0.0,0
2020-02-16,ME,Montenegro,EURO,0.0,0,0.0,0
2020-02-23,ME,Montenegro,EURO,0.0,0,0.0,0
2020-03-01,ME,Montenegro,EURO,0.0,0,0.0,0
2020-03-08,ME,Montenegro,EURO,0.0,0,0.0,0
2020-03-15,ME,Montenegro,EURO,0.0,0,0.0,0
2020-03-22,ME,Montenegro,EURO,0.0,0,0.0,0
2020-03-29,ME,Montenegro,EURO,0.0,0,0.0,0
2020-04-05,ME,Montenegro,EURO,0.0,0,0.0,0
2020-04-12,ME,Montenegro,EURO,0.0,0,0.0,0
2020-04-19,ME,Montenegro,EURO,0.0,0,0.0,0
2020-04-26,ME,Montenegro,EURO,0.0,0,0.0,0
2020-05-03,ME,Montenegro,EURO,2.0,2,1.0,1
2020-05-10,ME,Montenegro,EURO,1.0,3,1.0,2
2020-05-17,ME,Montenegro,EURO,0.0,3,0.0,2
2020-05-24,ME,Montenegro,EURO,0.0,3,0.0,2
2020-05-31,ME,Montenegro,EURO,0.0,3,0.0,2
2020-06-07,ME,Montenegro,EURO,0.0,3,0.0,2
2020-06-14,ME,Montenegro,EURO,0.0,3,0.0,2
2020-06-21,ME,Montenegro,EURO,37.0,40,0.0,2
2020-06-28,ME,Montenegro,EURO,0.0,40,0.0,2
2020-07-05,ME,Montenegro,EURO,0.0,40,0.0,2
2020-07-12,ME,Montenegro,EURO,0.0,40,0.0,2
2020-07-19,ME,Montenegro,EURO,0.0,40,0.0,2
2020-07-26,ME,Montenegro,EURO,0.0,40,0.0,2
2020-08-02,ME,Montenegro,EURO,429.0,469,8.0,10
2020-08-09,ME,Montenegro,EURO,384.0,853,16.0,26
2020-08-16,ME,Montenegro,EURO,394.0,1247,11.0,37
2020-08-23,ME,Montenegro,EURO,300.0,1547,6.0,43
2020-08-30,ME,Montenegro,EURO,461.0,2008,15.0,58
2020-09-06,ME,Montenegro,EURO,788.0,2796,9.0,67
2020-09-13,ME,Montenegro,EURO,1568.0,4364,12.0,79
2020-09-20,ME,Montenegro,EURO,1666.0,6030,16.0,95
2020-09-27,ME,Montenegro,EURO,1730.0,7760,22.0,117
2020-10-04,ME,Montenegro,EURO,1679.0,9439,21.0,138
2020-10-11,ME,Montenegro,EURO,1736.0,11175,23.0,161
2020-10-18,ME,Montenegro,EURO,1746.0,12921,32.0,193
2020-10-25,ME,Montenegro,EURO,1138.0,14059,30.0,223
2020-11-01,ME,Montenegro,EURO,2090.0,16149,44.0,267
2020-11-08,ME,Montenegro,EURO,0.0,16149,0.0,267
2020-11-15,ME,Montenegro,EURO,0.0,16149,0.0,267
2020-11-22,ME,Montenegro,EURO,3808.0,19957,48.0,315
2020-11-29,ME,Montenegro,EURO,3742.0,23699,48.0,363
2020-12-06,ME,Montenegro,EURO,3318.0,27017,46.0,409
2020-12-13,ME,Montenegro,EURO,3014.0,30031,49.0,458
2020-12-20,ME,Montenegro,EURO,2534.0,32565,44.0,502
2020-12-27,ME,Montenegro,EURO,2645.0,35210,41.0,543
2021-01-03,ME,Montenegro,EURO,2546.0,37756,23.0,566
2021-01-10,ME,Montenegro,EURO,3265.0,41021,36.0,602
2021-01-17,ME,Montenegro,EURO,12597.0,53618,32.0,634
2021-01-24,ME,Montenegro,EURO,2903.0,56521,23.0,657
2021-01-31,ME,Montenegro,EURO,3292.0,59813,37.0,694
2021-02-07,ME,Montenegro,EURO,3665.0,63478,33.0,727
2021-02-14,ME,Montenegro,EURO,3621.0,67099,52.0,779
2021-02-21,ME,Montenegro,EURO,3621.0,70720,60.0,839
2021-02-28,ME,Montenegro,EURO,3877.0,74597,53.0,892
2021-03-07,ME,Montenegro,EURO,3896.0,78493,64.0,956
2021-03-14,ME,Montenegro,EURO,3958.0,82451,62.0,1018
2021-03-21,ME,Montenegro,EURO,3475.0,85926,70.0,1088
2021-03-28,ME,Montenegro,EURO,2757.0,88683,46.0,1134
2021-04-04,ME,Montenegro,EURO,2315.0,90998,60.0,1194
2021-04-11,ME,Montenegro,EURO,1676.0,92674,68.0,1262
2021-04-18,ME,Montenegro,EURO,1274.0,93948,56.0,1318
2021-04-25,ME,Montenegro,EURO,1081.0,95029,52.0,1370
2021-05-02,ME,Montenegro,EURO,938.0,95967,40.0,1410
2021-05-09,ME,Montenegro,EURO,647.0,96614,35.0,1445
2021-05-16,ME,Montenegro,EURO,531.0,97145,21.0,1466
2021-05-23,ME,Montenegro,EURO,393.0,97538,13.0,1479
2021-05-30,ME,Montenegro,EURO,333.0,97871,9.0,1488
2021-06-06,ME,Montenegro,EURO,211.0,98082,9.0,1497
2021-06-13,ME,Montenegro,EURO,129.0,98211,9.0,1506
2021-06-20,ME,Montenegro,EURO,128.0,98339,4.0,1510
2021-06-27,ME,Montenegro,EURO,110.0,98449,4.0,1514
2021-07-04,ME,Montenegro,EURO,134.0,98583,10.0,1524
2021-07-11,ME,Montenegro,EURO,147.0,98730,5.0,1529
2021-07-18,ME,Montenegro,EURO,195.0,98925,3.0,1532
2021-07-25,ME,Montenegro,EURO,517.0,99442,1.0,1533
2021-08-01,ME,Montenegro,EURO,977.0,100419,6.0,1539
2021-08-08,ME,Montenegro,EURO,1747.0,102166,5.0,1544
2021-08-15,ME,Montenegro,EURO,2560.0,104726,9.0,1553
2021-08-22,ME,Montenegro,EURO,4401.0,109127,45.0,1598
2021-08-29,ME,Montenegro,EURO,0.0,109127,0.0,1598
2021-09-05,ME,Montenegro,EURO,3676.0,112803,41.0,1639
2021-09-12,ME,Montenegro,EURO,3896.0,116699,43.0,1682
2021-09-19,ME,Montenegro,EURO,4298.0,120997,49.0,1731
2021-09-26,ME,Montenegro,EURO,3301.0,124298,46.0,1777
2021-10-03,ME,Montenegro,EURO,2994.0,127292,39.0,1816
2021-10-10,ME,Montenegro,EURO,2519.0,129811,52.0,1868
2021-10-17,ME,Montenegro,EURO,2507.0,132318,37.0,1905
2021-10-24,ME,Montenegro,EURO,3237.0,135555,42.0,1947
2021-10-31,ME,Montenegro,EURO,3384.0,138939,38.0,1985
2021-11-07,ME,Montenegro,EURO,4302.0,143241,45.0,2030
2021-11-14,ME,Montenegro,EURO,3396.0,146637,59.0,2089
2021-11-21,ME,Montenegro,EURO,2571.0,149208,38.0,2127
2021-11-28,ME,Montenegro,EURO,2061.0,151269,40.0,2167
2021-12-05,ME,Montenegro,EURO,1518.0,152787,44.0,2211
2021-12-12,ME,Montenegro,EURO,1249.0,154036,21.0,2232
2021-12-19,ME,Montenegro,EURO,1184.0,155220,25.0,2257
2021-12-26,ME,Montenegro,EURO,2790.0,158010,19.0,2276
2022-01-02,ME,Montenegro,EURO,10890.0,168900,22.0,2298
2022-01-09,ME,Montenegro,EURO,17071.0,185971,26.0,2324
2022-01-16,ME,Montenegro,EURO,0.0,185971,0.0,2324
2022-01-23,ME,Montenegro,EURO,0.0,185971,0.0,2324
2022-01-30,ME,Montenegro,EURO,5801.0,191772,42.0,2366
2022-02-06,ME,Montenegro,EURO,3928.0,195700,46.0,2412
2022-02-13,ME,Montenegro,EURO,2860.0,198560,34.0,2446
2022-02-20,ME,Montenegro,EURO,2216.0,200776,23.0,2469
2022-02-27,ME,Montenegro,EURO,1219.0,201995,18.0,2487
2022-03-06,ME,Montenegro,EURO,787.0,202782,9.0,2496
2022-03-13,ME,Montenegro,EURO,590.0,203372,8.0,2504
2022-03-20,ME,Montenegro,EURO,629.0,204001,23.0,2527
2022-03-27,ME,Montenegro,EURO,575.0,204576,4.0,2531
2022-04-03,ME,Montenegro,EURO,521.0,205097,8.0,2539
2022-04-10,ME,Montenegro,EURO,375.0,205472,1.0,2540
2022-04-17,ME,Montenegro,EURO,490.0,205962,3.0,2543
2022-04-24,ME,Montenegro,EURO,506.0,206468,4.0,2547
2022-05-01,ME,Montenegro,EURO,576.0,207044,2.0,2549
2022-05-08,ME,Montenegro,EURO,494.0,207538,2.0,2551
2022-05-15,ME,Montenegro,EURO,482.0,208020,2.0,2553
2022-05-22,ME,Montenegro,EURO,435.0,208455,0.0,2553
2022-05-29,ME,Montenegro,EURO,384.0,208839,1.0,2554
2022-06-05,ME,Montenegro,EURO,413.0,209252,0.0,2554
2022-06-12,ME,Montenegro,EURO,380.0,209632,2.0,2556
2022-06-19,ME,Montenegro,EURO,598.0,210230,1.0,2557
2022-06-26,ME,Montenegro,EURO,995.0,211225,1.0,2558
2022-07-03,ME,Montenegro,EURO,1633.0,212858,5.0,2563
2022-07-10,ME,Montenegro,EURO,0.0,212858,0.0,2563
2022-07-17,ME,Montenegro,EURO,0.0,212858,0.0,2563
2022-07-24,ME,Montenegro,EURO,0.0,212858,0.0,2563
2022-07-31,ME,Montenegro,EURO,6602.0,219460,8.0,2571
2022-08-07,ME,Montenegro,EURO,5656.0,225116,9.0,2580
2022-08-14,ME,Montenegro,EURO,4398.0,229514,4.0,2584
2022-08-21,ME,Montenegro,EURO,3110.0,232624,7.0,2591
2022-08-28,ME,Montenegro,EURO,1907.0,234531,5.0,2596
2022-09-04,ME,Montenegro,EURO,1342.0,235873,7.0,2603
2022-09-11,ME,Montenegro,EURO,988.0,236861,0.0,2603
2022-09-18,ME,Montenegro,EURO,1064.0,237925,1.0,2604
2022-09-25,ME,Montenegro,EURO,986.0,238911,2.0,2606
2022-10-02,ME,Montenegro,EURO,1063.0,239974,1.0,2607
2022-10-09,ME,Montenegro,EURO,702.0,240676,0.0,2607
2022-10-16,ME,Montenegro,EURO,620.0,241296,2.0,2609
2022-10-23,ME,Montenegro,EURO,423.0,241719,1.0,2610
2022-10-30,ME,Montenegro,EURO,448.0,242167,0.0,2610
2022-11-06,ME,Montenegro,EURO,352.0,242519,2.0,2612
2022-11-13,ME,Montenegro,EURO,227.0,242746,1.0,2613
2022-11-20,ME,Montenegro,EURO,168.0,242914,1.0,2614
2022-11-27,ME,Montenegro,EURO,147.0,243061,0.0,2614
2022-12-04,ME,Montenegro,EURO,184.0,243245,1.0,2615
2022-12-11,ME,Montenegro,EURO,291.0,243536,0.0,2615
2022-12-18,ME,Montenegro,EURO,237.0,243773,0.0,2615
2022-12-25,ME,Montenegro,EURO,200.0,243973,1.0,2616
2023-01-01,ME,Montenegro,EURO,225.0,244198,0.0,2616
2023-01-08,ME,Montenegro,EURO,363.0,244561,0.0,2616
2023-01-15,ME,Montenegro,EURO,471.0,245032,3.0,2619
2023-01-22,ME,Montenegro,EURO,365.0,245397,1.0,2620
2023-01-29,ME,Montenegro,EURO,289.0,245686,1.0,2621
2023-02-05,ME,Montenegro,EURO,260.0,245946,1.0,2622
2023-02-12,ME,Montenegro,EURO,407.0,246353,2.0,2624
2023-02-19,ME,Montenegro,EURO,595.0,246948,2.0,2626
2023-02-26,ME,Montenegro,EURO,634.0,247582,1.0,2627
2023-03-05,ME,Montenegro,EURO,428.0,248010,4.0,2631
2023-03-12,ME,Montenegro,EURO,379.0,248389,3.0,2634
2023-03-19,ME,Montenegro,EURO,365.0,248754,0.0,2634
2023-03-26,ME,Montenegro,EURO,417.0,249171,6.0,2640
2023-04-02,ME,Montenegro,EURO,375.0,249546,1.0,2641
2023-04-09,ME,Montenegro,EURO,344.0,249890,1.0,2642
2023-04-16,ME,Montenegro,EURO,327.0,250217,4.0,2646
2023-04-23,ME,Montenegro,EURO,380.0,250597,4.0,2650
2023-04-30,ME,Montenegro,EURO,276.0,250873,2.0,2652
2023-05-07,ME,Montenegro,EURO,187.0,251060,0.0,2652
2023-05-14,ME,Montenegro,EURO,134.0,251194,1.0,2653
2023-05-21,ME,Montenegro,EURO,27.0,251221,0.0,2653
2023-05-28,ME,Montenegro,EURO,40.0,251261,1.0,2654
2023-06-04,ME,Montenegro,EURO,19.0,251280,0.0,2654
2023-06-11,ME,Montenegro,EURO,0.0,251280,0.0,2654
2023-06-18,ME,Montenegro,EURO,0.0,251280,0.0,2654
2023-06-25,ME,Montenegro,EURO,0.0,251280,0.0,2654
2023-07-02,ME,Montenegro,EURO,0.0,251280,0.0,2654
2023-07-09,ME,Montenegro,EURO,0.0,251280,0.0,2654
2023-07-16,ME,Montenegro,EURO,0.0,251280,0.0,2654
2023-07-23,ME,Montenegro,EURO,0.0,251280,0.0,2654
2023-07-30,ME,Montenegro,EURO,0.0,251280,0.0,2654
2023-08-06,ME,Montenegro,EURO,0.0,251280,0.0,2654
2023-08-13,ME,Montenegro,EURO,0.0,251280,0.0,2654
2023-08-20,ME,Montenegro,EURO,0.0,251280,0.0,2654
2023-08-27,ME,Montenegro,EURO,0.0,251280,0.0,2654
2023-09-03,ME,Montenegro,EURO,0.0,251280,0.0,2654
2023-09-10,ME,Montenegro,EURO,0.0,251280,0.0,2654
2023-09-17,ME,Montenegro,EURO,0.0,251280,0.0,2654
2023-09-24,ME,Montenegro,EURO,0.0,251280,0.0,2654
2023-10-01,ME,Montenegro,EURO,0.0,251280,0.0,2654
2023-10-08,ME,Montenegro,EURO,0.0,251280,0.0,2654
2023-10-15,ME,Montenegro,EURO,0.0,251280,0.0,2654
2023-10-22,ME,Montenegro,EURO,0.0,251280,0.0,2654
2023-10-29,ME,Montenegro,EURO,0.0,251280,0.0,2654
2023-11-05,ME,Montenegro,EURO,0.0,251280,0.0,2654
2023-11-12,ME,Montenegro,EURO,0.0,251280,0.0,2654
2023-11-19,ME,Montenegro,EURO,0.0,251280,0.0,2654
2023-11-26,ME,Montenegro,EURO,0.0,251280,0.0,2654
2023-12-03,ME,Montenegro,EURO,0.0,251280,0.0,2654
2023-12-10,ME,Montenegro,EURO,0.0,251280,0.0,2654
2023-12-17,ME,Montenegro,EURO,0.0,251280,0.0,2654
2023-12-24,ME,Montenegro,EURO,0.0,251280,0.0,2654
2023-12-31,ME,Montenegro,EURO,0.0,251280,0.0,2654
2024-01-07,ME,Montenegro,EURO,0.0,251280,0.0,2654
2024-01-14,ME,Montenegro,EURO,0.0,251280,0.0,2654
2024-01-21,ME,Montenegro,EURO,0.0,251280,0.0,2654
2024-01-28,ME,Montenegro,EURO,0.0,251280,0.0,2654
2024-02-04,ME,Montenegro,EURO,0.0,251280,0.0,2654
2024-02-11,ME,Montenegro,EURO,0.0,251280,0.0,2654
2024-02-18,ME,Montenegro,EURO,0.0,251280,0.0,2654
2024-02-25,ME,Montenegro,EURO,0.0,251280,0.0,2654
2024-03-03,ME,Montenegro,EURO,0.0,251280,0.0,2654
2024-03-10,ME,Montenegro,EURO,0.0,251280,0.0,2654
2024-03-17,ME,Montenegro,EURO,0.0,251280,0.0,2654
2024-03-24,ME,Montenegro,EURO,0.0,251280,0.0,2654
2024-03-31,ME,Montenegro,EURO,0.0,251280,0.0,2654
2024-04-07,ME,Montenegro,EURO,0.0,251280,0.0,2654
2024-04-14,ME,Montenegro,EURO,0.0,251280,0.0,2654
2024-04-21,ME,Montenegro,EURO,0.0,251280,0.0,2654
2024-04-28,ME,Montenegro,EURO,0.0,251280,0.0,2654
