Date_reported,Country_code,Country,WHO_region,New_cases,Cumulative_cases,New_deaths,Cumulative_deaths
2020-01-05,MG,Madagascar,AFRO,0.0,0,0.0,0
2020-01-12,MG,Madagascar,AFRO,0.0,0,0.0,0
2020-01-19,MG,Madagascar,AFRO,0.0,0,0.0,0
2020-01-26,MG,Madagascar,AFRO,0.0,0,0.0,0
2020-02-02,MG,Madagascar,AFRO,0.0,0,0.0,0
2020-02-09,MG,Madagascar,AFRO,0.0,0,0.0,0
2020-02-16,MG,Madagascar,AFRO,0.0,0,0.0,0
2020-02-23,MG,Madagascar,AFRO,0.0,0,0.0,0
2020-03-01,MG,Madagascar,AFRO,0.0,0,0.0,0
2020-03-08,MG,Madagascar,AFRO,0.0,0,0.0,0
2020-03-15,MG,Madagascar,AFRO,0.0,0,0.0,0
2020-03-22,MG,Madagascar,AFRO,1.0,1,0.0,0
2020-03-29,MG,Madagascar,AFRO,41.0,42,0.0,0
2020-04-05,MG,Madagascar,AFRO,29.0,71,0.0,0
2020-04-12,MG,Madagascar,AFRO,35.0,106,0.0,0
2020-04-19,MG,Madagascar,AFRO,14.0,120,0.0,0
2020-04-26,MG,Madagascar,AFRO,4.0,124,0.0,0
2020-05-03,MG,Madagascar,AFRO,25.0,149,1.0,1
2020-05-10,MG,Madagascar,AFRO,20.0,169,0.0,1
2020-05-17,MG,Madagascar,AFRO,114.0,283,0.0,1
2020-05-24,MG,Madagascar,AFRO,205.0,488,2.0,3
2020-05-31,MG,Madagascar,AFRO,270.0,758,3.0,6
2020-06-07,MG,Madagascar,AFRO,268.0,1026,2.0,8
2020-06-14,MG,Madagascar,AFRO,226.0,1252,2.0,10
2020-06-21,MG,Madagascar,AFRO,251.0,1503,3.0,13
2020-06-28,MG,Madagascar,AFRO,502.0,2005,3.0,16
2020-07-05,MG,Madagascar,AFRO,936.0,2941,13.0,29
2020-07-12,MG,Madagascar,AFRO,1637.0,4578,5.0,34
2020-07-19,MG,Madagascar,AFRO,2271.0,6849,21.0,55
2020-07-26,MG,Madagascar,AFRO,2017.0,8866,23.0,78
2020-08-02,MG,Madagascar,AFRO,2407.0,11273,29.0,107
2020-08-09,MG,Madagascar,AFRO,1649.0,12922,34.0,141
2020-08-16,MG,Madagascar,AFRO,802.0,13724,25.0,166
2020-08-23,MG,Madagascar,AFRO,553.0,14277,12.0,178
2020-08-30,MG,Madagascar,AFRO,514.0,14791,12.0,190
2020-09-06,MG,Madagascar,AFRO,478.0,15269,9.0,199
2020-09-13,MG,Madagascar,AFRO,468.0,15737,11.0,210
2020-09-20,MG,Madagascar,AFRO,283.0,16020,9.0,219
2020-09-27,MG,Madagascar,AFRO,237.0,16257,10.0,229
2020-10-04,MG,Madagascar,AFRO,272.0,16529,3.0,232
2020-10-11,MG,Madagascar,AFRO,173.0,16702,5.0,237
2020-10-18,MG,Madagascar,AFRO,108.0,16810,1.0,238
2020-10-25,MG,Madagascar,AFRO,158.0,16968,6.0,244
2020-11-01,MG,Madagascar,AFRO,143.0,17111,0.0,244
2020-11-08,MG,Madagascar,AFRO,112.0,17223,5.0,249
2020-11-15,MG,Madagascar,AFRO,87.0,17310,1.0,250
2020-11-22,MG,Madagascar,AFRO,31.0,17341,1.0,251
2020-11-29,MG,Madagascar,AFRO,0.0,17341,0.0,251
2020-12-06,MG,Madagascar,AFRO,132.0,17473,4.0,255
2020-12-13,MG,Madagascar,AFRO,114.0,17587,4.0,259
2020-12-20,MG,Madagascar,AFRO,46.0,17633,1.0,260
2020-12-27,MG,Madagascar,AFRO,81.0,17714,1.0,261
2021-01-03,MG,Madagascar,AFRO,53.0,17767,1.0,262
2021-01-10,MG,Madagascar,AFRO,234.0,18001,5.0,267
2021-01-17,MG,Madagascar,AFRO,300.0,18301,6.0,273
2021-01-24,MG,Madagascar,AFRO,442.0,18743,6.0,279
2021-01-31,MG,Madagascar,AFRO,322.0,19065,2.0,281
2021-02-07,MG,Madagascar,AFRO,295.0,19360,4.0,285
2021-02-14,MG,Madagascar,AFRO,238.0,19598,7.0,292
2021-02-21,MG,Madagascar,AFRO,233.0,19831,5.0,297
2021-02-28,MG,Madagascar,AFRO,324.0,20155,3.0,300
2021-03-07,MG,Madagascar,AFRO,563.0,20718,10.0,310
2021-03-14,MG,Madagascar,AFRO,764.0,21482,19.0,329
2021-03-21,MG,Madagascar,AFRO,1002.0,22484,22.0,351
2021-03-28,MG,Madagascar,AFRO,1101.0,23585,36.0,387
2021-04-04,MG,Madagascar,AFRO,1987.0,25572,67.0,454
2021-04-11,MG,Madagascar,AFRO,2491.0,28063,46.0,500
2021-04-18,MG,Madagascar,AFRO,4142.0,32205,42.0,542
2021-04-25,MG,Madagascar,AFRO,3541.0,35746,57.0,599
2021-05-02,MG,Madagascar,AFRO,1884.0,37630,67.0,666
2021-05-09,MG,Madagascar,AFRO,1382.0,39012,56.0,722
2021-05-16,MG,Madagascar,AFRO,1129.0,40141,41.0,763
2021-05-23,MG,Madagascar,AFRO,735.0,40876,37.0,800
2021-05-30,MG,Madagascar,AFRO,390.0,41266,35.0,835
2021-06-06,MG,Madagascar,AFRO,424.0,41690,26.0,861
2021-06-13,MG,Madagascar,AFRO,243.0,41933,26.0,887
2021-06-20,MG,Madagascar,AFRO,190.0,42123,14.0,901
2021-06-27,MG,Madagascar,AFRO,71.0,42194,5.0,906
2021-07-04,MG,Madagascar,AFRO,172.0,42366,19.0,925
2021-07-11,MG,Madagascar,AFRO,116.0,42482,6.0,931
2021-07-18,MG,Madagascar,AFRO,124.0,42606,10.0,941
2021-07-25,MG,Madagascar,AFRO,63.0,42669,2.0,943
2021-08-01,MG,Madagascar,AFRO,66.0,42735,4.0,947
2021-08-08,MG,Madagascar,AFRO,41.0,42776,1.0,948
2021-08-15,MG,Madagascar,AFRO,35.0,42811,4.0,952
2021-08-22,MG,Madagascar,AFRO,34.0,42845,2.0,954
2021-08-29,MG,Madagascar,AFRO,17.0,42862,1.0,955
2021-09-05,MG,Madagascar,AFRO,16.0,42878,1.0,956
2021-09-12,MG,Madagascar,AFRO,0.0,42878,0.0,956
2021-09-19,MG,Madagascar,AFRO,692.0,43570,2.0,958
2021-09-26,MG,Madagascar,AFRO,27.0,43597,2.0,960
2021-10-03,MG,Madagascar,AFRO,13.0,43610,0.0,960
2021-10-10,MG,Madagascar,AFRO,6.0,43616,0.0,960
2021-10-17,MG,Madagascar,AFRO,6.0,43622,0.0,960
2021-10-24,MG,Madagascar,AFRO,4.0,43626,3.0,963
2021-10-31,MG,Madagascar,AFRO,6.0,43632,1.0,964
2021-11-07,MG,Madagascar,AFRO,40.0,43672,0.0,964
2021-11-14,MG,Madagascar,AFRO,0.0,43672,0.0,964
2021-11-21,MG,Madagascar,AFRO,400.0,44072,3.0,967
2021-11-28,MG,Madagascar,AFRO,258.0,44330,0.0,967
2021-12-05,MG,Madagascar,AFRO,470.0,44800,5.0,972
2021-12-12,MG,Madagascar,AFRO,994.0,45794,8.0,980
2021-12-19,MG,Madagascar,AFRO,1501.0,47295,16.0,996
2021-12-26,MG,Madagascar,AFRO,2984.0,50279,31.0,1027
2022-01-02,MG,Madagascar,AFRO,2155.0,52434,40.0,1067
2022-01-09,MG,Madagascar,AFRO,1667.0,54101,50.0,1117
2022-01-16,MG,Madagascar,AFRO,1726.0,55827,52.0,1169
2022-01-23,MG,Madagascar,AFRO,1548.0,57375,54.0,1223
2022-01-30,MG,Madagascar,AFRO,1944.0,59319,51.0,1274
2022-02-06,MG,Madagascar,AFRO,2115.0,61434,33.0,1307
2022-02-13,MG,Madagascar,AFRO,1410.0,62844,28.0,1335
2022-02-20,MG,Madagascar,AFRO,589.0,63433,15.0,1350
2022-02-27,MG,Madagascar,AFRO,226.0,63659,16.0,1366
2022-03-06,MG,Madagascar,AFRO,132.0,63791,7.0,1373
2022-03-13,MG,Madagascar,AFRO,79.0,63870,4.0,1377
2022-03-20,MG,Madagascar,AFRO,58.0,63928,3.0,1380
2022-03-27,MG,Madagascar,AFRO,81.0,64009,4.0,1384
2022-04-03,MG,Madagascar,AFRO,41.0,64050,4.0,1388
2022-04-10,MG,Madagascar,AFRO,39.0,64089,2.0,1390
2022-04-17,MG,Madagascar,AFRO,32.0,64121,1.0,1391
2022-04-24,MG,Madagascar,AFRO,31.0,64152,0.0,1391
2022-05-01,MG,Madagascar,AFRO,29.0,64181,0.0,1391
2022-05-08,MG,Madagascar,AFRO,55.0,64236,2.0,1393
2022-05-15,MG,Madagascar,AFRO,40.0,64276,0.0,1393
2022-05-22,MG,Madagascar,AFRO,38.0,64314,0.0,1393
2022-05-29,MG,Madagascar,AFRO,63.0,64377,2.0,1395
2022-06-05,MG,Madagascar,AFRO,101.0,64478,1.0,1396
2022-06-12,MG,Madagascar,AFRO,207.0,64685,0.0,1396
2022-06-19,MG,Madagascar,AFRO,324.0,65009,2.0,1398
2022-06-26,MG,Madagascar,AFRO,372.0,65381,0.0,1398
2022-07-03,MG,Madagascar,AFRO,406.0,65787,3.0,1401
2022-07-10,MG,Madagascar,AFRO,311.0,66098,2.0,1403
2022-07-17,MG,Madagascar,AFRO,191.0,66289,3.0,1406
2022-07-24,MG,Madagascar,AFRO,127.0,66416,1.0,1407
2022-07-31,MG,Madagascar,AFRO,75.0,66491,1.0,1408
2022-08-07,MG,Madagascar,AFRO,66.0,66557,1.0,1409
2022-08-14,MG,Madagascar,AFRO,42.0,66599,1.0,1410
2022-08-21,MG,Madagascar,AFRO,16.0,66615,0.0,1410
2022-08-28,MG,Madagascar,AFRO,11.0,66626,0.0,1410
2022-09-04,MG,Madagascar,AFRO,14.0,66640,0.0,1410
2022-09-11,MG,Madagascar,AFRO,12.0,66652,0.0,1410
2022-09-18,MG,Madagascar,AFRO,8.0,66660,0.0,1410
2022-09-25,MG,Madagascar,AFRO,16.0,66676,0.0,1410
2022-10-02,MG,Madagascar,AFRO,8.0,66684,0.0,1410
2022-10-09,MG,Madagascar,AFRO,3.0,66687,0.0,1410
2022-10-16,MG,Madagascar,AFRO,0.0,66687,0.0,1410
2022-10-23,MG,Madagascar,AFRO,19.0,66706,1.0,1411
2022-10-30,MG,Madagascar,AFRO,40.0,66746,0.0,1411
2022-11-06,MG,Madagascar,AFRO,42.0,66788,0.0,1411
2022-11-13,MG,Madagascar,AFRO,71.0,66859,0.0,1411
2022-11-20,MG,Madagascar,AFRO,195.0,67054,0.0,1411
2022-11-27,MG,Madagascar,AFRO,205.0,67259,1.0,1412
2022-12-04,MG,Madagascar,AFRO,229.0,67488,1.0,1413
2022-12-11,MG,Madagascar,AFRO,133.0,67621,1.0,1414
2022-12-18,MG,Madagascar,AFRO,63.0,67684,1.0,1415
2022-12-25,MG,Madagascar,AFRO,51.0,67735,1.0,1416
2023-01-01,MG,Madagascar,AFRO,15.0,67750,2.0,1418
2023-01-08,MG,Madagascar,AFRO,10.0,67760,0.0,1418
2023-01-15,MG,Madagascar,AFRO,28.0,67788,0.0,1418
2023-01-22,MG,Madagascar,AFRO,29.0,67817,1.0,1419
2023-01-29,MG,Madagascar,AFRO,10.0,67827,0.0,1419
2023-02-05,MG,Madagascar,AFRO,15.0,67842,1.0,1420
2023-02-12,MG,Madagascar,AFRO,7.0,67849,1.0,1421
2023-02-19,MG,Madagascar,AFRO,3.0,67852,0.0,1421
2023-02-26,MG,Madagascar,AFRO,13.0,67865,1.0,1422
2023-03-05,MG,Madagascar,AFRO,24.0,67889,1.0,1423
2023-03-12,MG,Madagascar,AFRO,52.0,67941,0.0,1423
2023-03-19,MG,Madagascar,AFRO,30.0,67971,1.0,1424
2023-03-26,MG,Madagascar,AFRO,78.0,68049,0.0,1424
2023-04-02,MG,Madagascar,AFRO,56.0,68105,0.0,1424
2023-04-09,MG,Madagascar,AFRO,0.0,68105,0.0,1424
2023-04-16,MG,Madagascar,AFRO,72.0,68177,0.0,1424
2023-04-23,MG,Madagascar,AFRO,34.0,68211,0.0,1424
2023-04-30,MG,Madagascar,AFRO,25.0,68236,0.0,1424
2023-05-07,MG,Madagascar,AFRO,17.0,68253,0.0,1424
2023-05-14,MG,Madagascar,AFRO,13.0,68266,0.0,1424
2023-05-21,MG,Madagascar,AFRO,15.0,68281,0.0,1424
2023-05-28,MG,Madagascar,AFRO,7.0,68288,1.0,1425
2023-06-04,MG,Madagascar,AFRO,1.0,68289,0.0,1425
2023-06-11,MG,Madagascar,AFRO,0.0,68289,0.0,1425
2023-06-18,MG,Madagascar,AFRO,0.0,68289,0.0,1425
2023-06-25,MG,Madagascar,AFRO,0.0,68289,0.0,1425
2023-07-02,MG,Madagascar,AFRO,0.0,68289,0.0,1425
2023-07-09,MG,Madagascar,AFRO,0.0,68289,0.0,1425
2023-07-16,MG,Madagascar,AFRO,0.0,68289,0.0,1425
2023-07-23,MG,Madagascar,AFRO,0.0,68289,0.0,1425
2023-07-30,MG,Madagascar,AFRO,28.0,68317,0.0,1425
2023-08-06,MG,Madagascar,AFRO,2.0,68319,0.0,1425
2023-08-13,MG,Madagascar,AFRO,0.0,68319,0.0,1425
2023-08-20,MG,Madagascar,AFRO,11.0,68330,0.0,1425
2023-08-27,MG,Madagascar,AFRO,2.0,68332,0.0,1425
2023-09-03,MG,Madagascar,AFRO,5.0,68337,0.0,1425
2023-09-10,MG,Madagascar,AFRO,1.0,68338,0.0,1425
2023-09-17,MG,Madagascar,AFRO,4.0,68342,0.0,1425
2023-09-24,MG,Madagascar,AFRO,2.0,68344,0.0,1425
2023-10-01,MG,Madagascar,AFRO,0.0,68344,0.0,1425
2023-10-08,MG,Madagascar,AFRO,3.0,68347,0.0,1425
2023-10-15,MG,Madagascar,AFRO,3.0,68350,0.0,1425
2023-10-22,MG,Madagascar,AFRO,4.0,68354,0.0,1425
2023-10-29,MG,Madagascar,AFRO,2.0,68356,0.0,1425
2023-11-05,MG,Madagascar,AFRO,14.0,68370,0.0,1425
2023-11-12,MG,Madagascar,AFRO,7.0,68377,0.0,1425
2023-11-19,MG,Madagascar,AFRO,9.0,68386,1.0,1426
2023-11-26,MG,Madagascar,AFRO,8.0,68394,0.0,1426
2023-12-03,MG,Madagascar,AFRO,27.0,68421,0.0,1426
2023-12-10,MG,Madagascar,AFRO,15.0,68436,0.0,1426
2023-12-17,MG,Madagascar,AFRO,15.0,68451,0.0,1426
2023-12-24,MG,Madagascar,AFRO,20.0,68471,0.0,1426
2023-12-31,MG,Madagascar,AFRO,11.0,68482,0.0,1426
2024-01-07,MG,Madagascar,AFRO,4.0,68486,0.0,1426
2024-01-14,MG,Madagascar,AFRO,0.0,68486,0.0,1426
2024-01-21,MG,Madagascar,AFRO,5.0,68491,0.0,1426
2024-01-28,MG,Madagascar,AFRO,8.0,68499,0.0,1426
2024-02-04,MG,Madagascar,AFRO,3.0,68502,0.0,1426
2024-02-11,MG,Madagascar,AFRO,4.0,68506,0.0,1426
2024-02-18,MG,Madagascar,AFRO,0.0,68506,0.0,1426
2024-02-25,MG,Madagascar,AFRO,0.0,68506,0.0,1426
2024-03-03,MG,Madagascar,AFRO,0.0,68506,0.0,1426
2024-03-10,MG,Madagascar,AFRO,4.0,68510,0.0,1426
2024-03-17,MG,Madagascar,AFRO,0.0,68510,0.0,1426
2024-03-24,MG,Madagascar,AFRO,1.0,68511,0.0,1426
2024-03-31,MG,Madagascar,AFRO,2.0,68513,0.0,1426
2024-04-07,MG,Madagascar,AFRO,0.0,68513,1.0,1427
2024-04-14,MG,Madagascar,AFRO,2.0,68515,0.0,1427
2024-04-21,MG,Madagascar,AFRO,2.0,68517,0.0,1427
2024-04-28,MG,Madagascar,AFRO,4.0,68521,0.0,1427
