Date_reported,Country_code,Country,WHO_region,New_cases,Cumulative_cases,New_deaths,Cumulative_deaths
2020-01-05,MM,Myanmar,SEARO,0.0,0,0.0,0
2020-01-12,MM,Myanmar,SEARO,0.0,0,0.0,0
2020-01-19,MM,Myanmar,SEARO,0.0,0,0.0,0
2020-01-26,MM,Myanmar,SEARO,0.0,0,0.0,0
2020-02-02,MM,Myanmar,SEARO,0.0,0,0.0,0
2020-02-09,MM,Myanmar,SEARO,0.0,0,0.0,0
2020-02-16,MM,Myanmar,SEARO,0.0,0,0.0,0
2020-02-23,MM,Myanmar,SEARO,0.0,0,0.0,0
2020-03-01,MM,Myanmar,SEARO,0.0,0,0.0,0
2020-03-08,MM,Myanmar,SEARO,0.0,0,0.0,0
2020-03-15,MM,Myanmar,SEARO,0.0,0,0.0,0
2020-03-22,MM,Myanmar,SEARO,0.0,0,0.0,0
2020-03-29,MM,Myanmar,SEARO,8.0,8,0.0,0
2020-04-05,MM,Myanmar,SEARO,13.0,21,1.0,1
2020-04-12,MM,Myanmar,SEARO,17.0,38,2.0,3
2020-04-19,MM,Myanmar,SEARO,69.0,107,2.0,5
2020-04-26,MM,Myanmar,SEARO,39.0,146,0.0,5
2020-05-03,MM,Myanmar,SEARO,5.0,151,1.0,6
2020-05-10,MM,Myanmar,SEARO,27.0,178,0.0,6
2020-05-17,MM,Myanmar,SEARO,6.0,184,0.0,6
2020-05-24,MM,Myanmar,SEARO,17.0,201,0.0,6
2020-05-31,MM,Myanmar,SEARO,23.0,224,0.0,6
2020-06-07,MM,Myanmar,SEARO,18.0,242,0.0,6
2020-06-14,MM,Myanmar,SEARO,19.0,261,0.0,6
2020-06-21,MM,Myanmar,SEARO,29.0,290,0.0,6
2020-06-28,MM,Myanmar,SEARO,9.0,299,0.0,6
2020-07-05,MM,Myanmar,SEARO,14.0,313,0.0,6
2020-07-12,MM,Myanmar,SEARO,18.0,331,0.0,6
2020-07-19,MM,Myanmar,SEARO,10.0,341,0.0,6
2020-07-26,MM,Myanmar,SEARO,9.0,350,0.0,6
2020-08-02,MM,Myanmar,SEARO,3.0,353,0.0,6
2020-08-09,MM,Myanmar,SEARO,7.0,360,0.0,6
2020-08-16,MM,Myanmar,SEARO,14.0,374,0.0,6
2020-08-23,MM,Myanmar,SEARO,70.0,444,0.0,6
2020-08-30,MM,Myanmar,SEARO,331.0,775,0.0,6
2020-09-06,MM,Myanmar,SEARO,644.0,1419,2.0,8
2020-09-13,MM,Myanmar,SEARO,1513.0,2932,12.0,20
2020-09-20,MM,Myanmar,SEARO,2331.0,5263,69.0,89
2020-09-27,MM,Myanmar,SEARO,4728.0,9991,109.0,198
2020-10-04,MM,Myanmar,SEARO,6512.0,16503,173.0,371
2020-10-11,MM,Myanmar,SEARO,9561.0,26064,227.0,598
2020-10-18,MM,Myanmar,SEARO,8811.0,34875,240.0,838
2020-10-25,MM,Myanmar,SEARO,8913.0,43788,228.0,1066
2020-11-01,MM,Myanmar,SEARO,8918.0,52706,171.0,1237
2020-11-08,MM,Myanmar,SEARO,7642.0,60348,159.0,1396
2020-11-15,MM,Myanmar,SEARO,7530.0,67878,156.0,1552
2020-11-22,MM,Myanmar,SEARO,9970.0,77848,170.0,1722
2020-11-29,MM,Myanmar,SEARO,10129.0,87977,165.0,1887
2020-12-06,MM,Myanmar,SEARO,10070.0,98047,194.0,2081
2020-12-13,MM,Myanmar,SEARO,9168.0,107215,164.0,2245
2020-12-20,MM,Myanmar,SEARO,7972.0,115187,179.0,2424
2020-12-27,MM,Myanmar,SEARO,6699.0,121886,177.0,2601
2021-01-03,MM,Myanmar,SEARO,4459.0,126345,127.0,2728
2021-01-10,MM,Myanmar,SEARO,4259.0,130604,118.0,2846
2021-01-17,MM,Myanmar,SEARO,3714.0,134318,109.0,2955
2021-01-24,MM,Myanmar,SEARO,3256.0,137574,107.0,3062
2021-01-31,MM,Myanmar,SEARO,2571.0,140145,69.0,3131
2021-02-07,MM,Myanmar,SEARO,1159.0,141304,37.0,3168
2021-02-14,MM,Myanmar,SEARO,297.0,141601,21.0,3189
2021-02-21,MM,Myanmar,SEARO,149.0,141750,7.0,3196
2021-02-28,MM,Myanmar,SEARO,146.0,141896,3.0,3199
2021-03-07,MM,Myanmar,SEARO,138.0,142034,1.0,3200
2021-03-14,MM,Myanmar,SEARO,113.0,142147,2.0,3202
2021-03-21,MM,Myanmar,SEARO,65.0,142212,2.0,3204
2021-03-28,MM,Myanmar,SEARO,173.0,142385,2.0,3206
2021-04-04,MM,Myanmar,SEARO,126.0,142511,0.0,3206
2021-04-11,MM,Myanmar,SEARO,76.0,142587,0.0,3206
2021-04-18,MM,Myanmar,SEARO,57.0,142644,0.0,3206
2021-04-25,MM,Myanmar,SEARO,78.0,142722,1.0,3207
2021-05-02,MM,Myanmar,SEARO,116.0,142838,2.0,3209
2021-05-09,MM,Myanmar,SEARO,116.0,142954,1.0,3210
2021-05-16,MM,Myanmar,SEARO,111.0,143065,2.0,3212
2021-05-23,MM,Myanmar,SEARO,169.0,143234,4.0,3216
2021-05-30,MM,Myanmar,SEARO,337.0,143571,0.0,3216
2021-06-06,MM,Myanmar,SEARO,746.0,144317,9.0,3225
2021-06-13,MM,Myanmar,SEARO,1286.0,145603,19.0,3244
2021-06-20,MM,Myanmar,SEARO,2419.0,148022,18.0,3262
2021-06-27,MM,Myanmar,SEARO,5138.0,153160,35.0,3297
2021-07-04,MM,Myanmar,SEARO,12245.0,165405,122.0,3419
2021-07-11,MM,Myanmar,SEARO,26808.0,192213,419.0,3838
2021-07-18,MM,Myanmar,SEARO,37308.0,229521,1162.0,5000
2021-07-25,MM,Myanmar,SEARO,40004.0,269525,2111.0,7111
2021-08-01,MM,Myanmar,SEARO,33140.0,302665,2620.0,9731
2021-08-08,MM,Myanmar,SEARO,26851.0,329516,2045.0,11776
2021-08-15,MM,Myanmar,SEARO,24763.0,354279,1487.0,13263
2021-08-22,MM,Myanmar,SEARO,19406.0,373685,1111.0,14374
2021-08-29,MM,Myanmar,SEARO,18615.0,392300,809.0,15183
2021-09-05,MM,Myanmar,SEARO,23116.0,415416,708.0,15891
2021-09-12,MM,Myanmar,SEARO,16417.0,431833,639.0,16530
2021-09-19,MM,Myanmar,SEARO,14740.0,446573,543.0,17073
2021-09-26,MM,Myanmar,SEARO,11581.0,458154,454.0,17527
2021-10-03,MM,Myanmar,SEARO,10309.0,468463,356.0,17883
2021-10-10,MM,Myanmar,SEARO,10188.0,478651,251.0,18134
2021-10-17,MM,Myanmar,SEARO,9202.0,487853,225.0,18359
2021-10-24,MM,Myanmar,SEARO,6410.0,494263,179.0,18538
2021-10-31,MM,Myanmar,SEARO,5810.0,500073,159.0,18697
2021-11-07,MM,Myanmar,SEARO,6743.0,506816,124.0,18821
2021-11-14,MM,Myanmar,SEARO,6446.0,513262,108.0,18929
2021-11-21,MM,Myanmar,SEARO,4660.0,517922,96.0,19025
2021-11-28,MM,Myanmar,SEARO,3639.0,521561,63.0,19088
2021-12-05,MM,Myanmar,SEARO,2846.0,524407,53.0,19141
2021-12-12,MM,Myanmar,SEARO,2254.0,526661,42.0,19183
2021-12-19,MM,Myanmar,SEARO,1592.0,528253,37.0,19220
2021-12-26,MM,Myanmar,SEARO,1360.0,529613,34.0,19254
2022-01-02,MM,Myanmar,SEARO,1412.0,531025,20.0,19274
2022-01-09,MM,Myanmar,SEARO,1037.0,532062,17.0,19291
2022-01-16,MM,Myanmar,SEARO,1082.0,533144,11.0,19302
2022-01-23,MM,Myanmar,SEARO,927.0,534071,8.0,19310
2022-01-30,MM,Myanmar,SEARO,1183.0,535254,0.0,19310
2022-02-06,MM,Myanmar,SEARO,2647.0,537901,0.0,19310
2022-02-13,MM,Myanmar,SEARO,8870.0,546771,0.0,19310
2022-02-20,MM,Myanmar,SEARO,18896.0,565667,21.0,19331
2022-02-27,MM,Myanmar,SEARO,20531.0,586198,34.0,19365
2022-03-06,MM,Myanmar,SEARO,12248.0,598446,24.0,19389
2022-03-13,MM,Myanmar,SEARO,6901.0,605347,20.0,19409
2022-03-20,MM,Myanmar,SEARO,3643.0,608990,16.0,19425
2022-03-27,MM,Myanmar,SEARO,1868.0,610858,5.0,19430
2022-04-03,MM,Myanmar,SEARO,1017.0,611875,3.0,19433
2022-04-10,MM,Myanmar,SEARO,466.0,612341,1.0,19434
2022-04-17,MM,Myanmar,SEARO,224.0,612565,0.0,19434
2022-04-24,MM,Myanmar,SEARO,184.0,612749,0.0,19434
2022-05-01,MM,Myanmar,SEARO,151.0,612900,0.0,19434
2022-05-08,MM,Myanmar,SEARO,153.0,613053,0.0,19434
2022-05-15,MM,Myanmar,SEARO,87.0,613140,0.0,19434
2022-05-22,MM,Myanmar,SEARO,82.0,613222,0.0,19434
2022-05-29,MM,Myanmar,SEARO,93.0,613315,0.0,19434
2022-06-05,MM,Myanmar,SEARO,67.0,613382,0.0,19434
2022-06-12,MM,Myanmar,SEARO,61.0,613443,0.0,19434
2022-06-19,MM,Myanmar,SEARO,47.0,613490,0.0,19434
2022-06-26,MM,Myanmar,SEARO,66.0,613556,0.0,19434
2022-07-03,MM,Myanmar,SEARO,92.0,613648,0.0,19434
2022-07-10,MM,Myanmar,SEARO,88.0,613736,0.0,19434
2022-07-17,MM,Myanmar,SEARO,80.0,613816,0.0,19434
2022-07-24,MM,Myanmar,SEARO,135.0,613951,0.0,19434
2022-07-31,MM,Myanmar,SEARO,141.0,614092,0.0,19434
2022-08-07,MM,Myanmar,SEARO,106.0,614198,0.0,19434
2022-08-14,MM,Myanmar,SEARO,191.0,614389,1.0,19435
2022-08-21,MM,Myanmar,SEARO,265.0,614654,2.0,19437
2022-08-28,MM,Myanmar,SEARO,308.0,614962,0.0,19437
2022-09-04,MM,Myanmar,SEARO,597.0,615559,3.0,19440
2022-09-11,MM,Myanmar,SEARO,1293.0,616852,2.0,19442
2022-09-18,MM,Myanmar,SEARO,2046.0,618898,4.0,19446
2022-09-25,MM,Myanmar,SEARO,2504.0,621402,9.0,19455
2022-10-02,MM,Myanmar,SEARO,2512.0,623914,6.0,19461
2022-10-09,MM,Myanmar,SEARO,2544.0,626458,6.0,19467
2022-10-16,MM,Myanmar,SEARO,2119.0,628577,3.0,19470
2022-10-23,MM,Myanmar,SEARO,2026.0,630603,6.0,19476
2022-10-30,MM,Myanmar,SEARO,1022.0,631625,6.0,19482
2022-11-06,MM,Myanmar,SEARO,649.0,632274,3.0,19485
2022-11-13,MM,Myanmar,SEARO,405.0,632679,1.0,19486
2022-11-20,MM,Myanmar,SEARO,326.0,633005,1.0,19487
2022-11-27,MM,Myanmar,SEARO,162.0,633167,1.0,19488
2022-12-04,MM,Myanmar,SEARO,151.0,633318,0.0,19488
2022-12-11,MM,Myanmar,SEARO,139.0,633457,0.0,19488
2022-12-18,MM,Myanmar,SEARO,98.0,633555,0.0,19488
2022-12-25,MM,Myanmar,SEARO,57.0,633612,2.0,19490
2023-01-01,MM,Myanmar,SEARO,73.0,633685,0.0,19490
2023-01-08,MM,Myanmar,SEARO,32.0,633717,0.0,19490
2023-01-15,MM,Myanmar,SEARO,33.0,633750,0.0,19490
2023-01-22,MM,Myanmar,SEARO,51.0,633801,0.0,19490
2023-01-29,MM,Myanmar,SEARO,18.0,633819,0.0,19490
2023-02-05,MM,Myanmar,SEARO,23.0,633842,0.0,19490
2023-02-12,MM,Myanmar,SEARO,24.0,633866,0.0,19490
2023-02-19,MM,Myanmar,SEARO,35.0,633901,0.0,19490
2023-02-26,MM,Myanmar,SEARO,10.0,633911,0.0,19490
2023-03-05,MM,Myanmar,SEARO,35.0,633946,0.0,19490
2023-03-12,MM,Myanmar,SEARO,9.0,633955,0.0,19490
2023-03-19,MM,Myanmar,SEARO,37.0,633992,0.0,19490
2023-03-26,MM,Myanmar,SEARO,81.0,634073,0.0,19490
2023-04-02,MM,Myanmar,SEARO,12.0,634085,0.0,19490
2023-04-09,MM,Myanmar,SEARO,13.0,634098,0.0,19490
2023-04-16,MM,Myanmar,SEARO,62.0,634160,0.0,19490
2023-04-23,MM,Myanmar,SEARO,189.0,634349,0.0,19490
2023-04-30,MM,Myanmar,SEARO,528.0,634877,2.0,19492
2023-05-07,MM,Myanmar,SEARO,1154.0,636031,0.0,19492
2023-05-14,MM,Myanmar,SEARO,1218.0,637249,2.0,19494
2023-05-21,MM,Myanmar,SEARO,785.0,638034,0.0,19494
2023-05-28,MM,Myanmar,SEARO,634.0,638668,0.0,19494
2023-06-04,MM,Myanmar,SEARO,507.0,639175,0.0,19494
2023-06-11,MM,Myanmar,SEARO,487.0,639662,0.0,19494
2023-06-18,MM,Myanmar,SEARO,387.0,640049,0.0,19494
2023-06-25,MM,Myanmar,SEARO,253.0,640302,0.0,19494
2023-07-02,MM,Myanmar,SEARO,194.0,640496,0.0,19494
2023-07-09,MM,Myanmar,SEARO,263.0,640759,0.0,19494
2023-07-16,MM,Myanmar,SEARO,127.0,640886,0.0,19494
2023-07-23,MM,Myanmar,SEARO,91.0,640977,0.0,19494
2023-07-30,MM,Myanmar,SEARO,79.0,641056,0.0,19494
2023-08-06,MM,Myanmar,SEARO,34.0,641090,0.0,19494
2023-08-13,MM,Myanmar,SEARO,41.0,641131,0.0,19494
2023-08-20,MM,Myanmar,SEARO,17.0,641148,0.0,19494
2023-08-27,MM,Myanmar,SEARO,19.0,641167,0.0,19494
2023-09-03,MM,Myanmar,SEARO,21.0,641188,0.0,19494
2023-09-10,MM,Myanmar,SEARO,26.0,641214,0.0,19494
2023-09-17,MM,Myanmar,SEARO,11.0,641225,0.0,19494
2023-09-24,MM,Myanmar,SEARO,28.0,641253,0.0,19494
2023-10-01,MM,Myanmar,SEARO,27.0,641280,0.0,19494
2023-10-08,MM,Myanmar,SEARO,27.0,641307,0.0,19494
2023-10-15,MM,Myanmar,SEARO,17.0,641324,0.0,19494
2023-10-22,MM,Myanmar,SEARO,11.0,641335,0.0,19494
2023-10-29,MM,Myanmar,SEARO,6.0,641341,0.0,19494
2023-11-05,MM,Myanmar,SEARO,15.0,641356,0.0,19494
2023-11-12,MM,Myanmar,SEARO,10.0,641366,0.0,19494
2023-11-19,MM,Myanmar,SEARO,8.0,641374,0.0,19494
2023-11-26,MM,Myanmar,SEARO,2.0,641376,0.0,19494
2023-12-03,MM,Myanmar,SEARO,7.0,641383,0.0,19494
2023-12-10,MM,Myanmar,SEARO,3.0,641386,0.0,19494
2023-12-17,MM,Myanmar,SEARO,7.0,641393,0.0,19494
2023-12-24,MM,Myanmar,SEARO,29.0,641422,0.0,19494
2023-12-31,MM,Myanmar,SEARO,26.0,641448,0.0,19494
2024-01-07,MM,Myanmar,SEARO,48.0,641496,0.0,19494
2024-01-14,MM,Myanmar,SEARO,54.0,641550,0.0,19494
2024-01-21,MM,Myanmar,SEARO,64.0,641614,0.0,19494
2024-01-28,MM,Myanmar,SEARO,73.0,641687,0.0,19494
2024-02-04,MM,Myanmar,SEARO,43.0,641730,0.0,19494
2024-02-11,MM,Myanmar,SEARO,26.0,641756,0.0,19494
2024-02-18,MM,Myanmar,SEARO,19.0,641775,0.0,19494
2024-02-25,MM,Myanmar,SEARO,31.0,641806,0.0,19494
2024-03-03,MM,Myanmar,SEARO,31.0,641837,0.0,19494
2024-03-10,MM,Myanmar,SEARO,36.0,641873,0.0,19494
2024-03-17,MM,Myanmar,SEARO,22.0,641895,0.0,19494
2024-03-24,MM,Myanmar,SEARO,28.0,641923,0.0,19494
2024-03-31,MM,Myanmar,SEARO,28.0,641951,0.0,19494
2024-04-07,MM,Myanmar,SEARO,39.0,641990,0.0,19494
2024-04-14,MM,Myanmar,SEARO,23.0,642013,0.0,19494
2024-04-21,MM,Myanmar,SEARO,31.0,642044,0.0,19494
2024-04-28,MM,Myanmar,SEARO,48.0,642092,0.0,19494
