Date_reported,Country_code,Country,WHO_region,New_cases,Cumulative_cases,New_deaths,Cumulative_deaths
2020-01-05,MS,Montserrat,AMRO,0.0,0,0.0,0
2020-01-12,MS,Montserrat,AMRO,0.0,0,0.0,0
2020-01-19,MS,Montserrat,AMRO,0.0,0,0.0,0
2020-01-26,MS,Montserrat,AMRO,0.0,0,0.0,0
2020-02-02,MS,Montserrat,AMRO,0.0,0,0.0,0
2020-02-09,MS,Montserrat,AMRO,0.0,0,0.0,0
2020-02-16,MS,Montserrat,AMRO,0.0,0,0.0,0
2020-02-23,MS,Montserrat,AMRO,0.0,0,0.0,0
2020-03-01,MS,Montserrat,AMRO,0.0,0,0.0,0
2020-03-08,MS,Montserrat,AMRO,0.0,0,0.0,0
2020-03-15,MS,Montserrat,AMRO,0.0,0,0.0,0
2020-03-22,MS,Montserrat,AMRO,1.0,1,0.0,0
2020-03-29,MS,Montserrat,AMRO,4.0,5,0.0,0
2020-04-05,MS,Montserrat,AMRO,1.0,6,0.0,0
2020-04-12,MS,Montserrat,AMRO,3.0,9,0.0,0
2020-04-19,MS,Montserrat,AMRO,2.0,11,0.0,0
2020-04-26,MS,Montserrat,AMRO,0.0,11,1.0,1
2020-05-03,MS,Montserrat,AMRO,0.0,11,0.0,1
2020-05-10,MS,Montserrat,AMRO,0.0,11,0.0,1
2020-05-17,MS,Montserrat,AMRO,0.0,11,0.0,1
2020-05-24,MS,Montserrat,AMRO,0.0,11,0.0,1
2020-05-31,MS,Montserrat,AMRO,0.0,11,0.0,1
2020-06-07,MS,Montserrat,AMRO,0.0,11,0.0,1
2020-06-14,MS,Montserrat,AMRO,0.0,11,0.0,1
2020-06-21,MS,Montserrat,AMRO,0.0,11,0.0,1
2020-06-28,MS,Montserrat,AMRO,0.0,11,0.0,1
2020-07-05,MS,Montserrat,AMRO,0.0,11,0.0,1
2020-07-12,MS,Montserrat,AMRO,1.0,12,0.0,1
2020-07-19,MS,Montserrat,AMRO,0.0,12,0.0,1
2020-07-26,MS,Montserrat,AMRO,1.0,13,0.0,1
2020-08-02,MS,Montserrat,AMRO,0.0,13,0.0,1
2020-08-09,MS,Montserrat,AMRO,0.0,13,0.0,1
2020-08-16,MS,Montserrat,AMRO,0.0,13,0.0,1
2020-08-23,MS,Montserrat,AMRO,0.0,13,0.0,1
2020-08-30,MS,Montserrat,AMRO,0.0,13,0.0,1
2020-09-06,MS,Montserrat,AMRO,0.0,13,0.0,1
2020-09-13,MS,Montserrat,AMRO,0.0,13,0.0,1
2020-09-20,MS,Montserrat,AMRO,0.0,13,0.0,1
2020-09-27,MS,Montserrat,AMRO,0.0,13,0.0,1
2020-10-04,MS,Montserrat,AMRO,0.0,13,0.0,1
2020-10-11,MS,Montserrat,AMRO,0.0,13,0.0,1
2020-10-18,MS,Montserrat,AMRO,0.0,13,0.0,1
2020-10-25,MS,Montserrat,AMRO,0.0,13,0.0,1
2020-11-01,MS,Montserrat,AMRO,0.0,13,0.0,1
2020-11-08,MS,Montserrat,AMRO,0.0,13,0.0,1
2020-11-15,MS,Montserrat,AMRO,0.0,13,0.0,1
2020-11-22,MS,Montserrat,AMRO,0.0,13,0.0,1
2020-11-29,MS,Montserrat,AMRO,0.0,13,0.0,1
2020-12-06,MS,Montserrat,AMRO,0.0,13,0.0,1
2020-12-13,MS,Montserrat,AMRO,0.0,13,0.0,1
2020-12-20,MS,Montserrat,AMRO,0.0,13,0.0,1
2020-12-27,MS,Montserrat,AMRO,0.0,13,0.0,1
2021-01-03,MS,Montserrat,AMRO,0.0,13,0.0,1
2021-01-10,MS,Montserrat,AMRO,0.0,13,0.0,1
2021-01-17,MS,Montserrat,AMRO,0.0,13,0.0,1
2021-01-24,MS,Montserrat,AMRO,0.0,13,0.0,1
2021-01-31,MS,Montserrat,AMRO,0.0,13,0.0,1
2021-02-07,MS,Montserrat,AMRO,2.0,15,0.0,1
2021-02-14,MS,Montserrat,AMRO,4.0,19,0.0,1
2021-02-21,MS,Montserrat,AMRO,1.0,20,0.0,1
2021-02-28,MS,Montserrat,AMRO,0.0,20,0.0,1
2021-03-07,MS,Montserrat,AMRO,0.0,20,0.0,1
2021-03-14,MS,Montserrat,AMRO,0.0,20,0.0,1
2021-03-21,MS,Montserrat,AMRO,0.0,20,0.0,1
2021-03-28,MS,Montserrat,AMRO,0.0,20,0.0,1
2021-04-04,MS,Montserrat,AMRO,0.0,20,0.0,1
2021-04-11,MS,Montserrat,AMRO,0.0,20,0.0,1
2021-04-18,MS,Montserrat,AMRO,0.0,20,0.0,1
2021-04-25,MS,Montserrat,AMRO,0.0,20,0.0,1
2021-05-02,MS,Montserrat,AMRO,0.0,20,0.0,1
2021-05-09,MS,Montserrat,AMRO,0.0,20,0.0,1
2021-05-16,MS,Montserrat,AMRO,0.0,20,0.0,1
2021-05-23,MS,Montserrat,AMRO,0.0,20,0.0,1
2021-05-30,MS,Montserrat,AMRO,0.0,20,0.0,1
2021-06-06,MS,Montserrat,AMRO,0.0,20,0.0,1
2021-06-13,MS,Montserrat,AMRO,0.0,20,0.0,1
2021-06-20,MS,Montserrat,AMRO,0.0,20,0.0,1
2021-06-27,MS,Montserrat,AMRO,0.0,20,0.0,1
2021-07-04,MS,Montserrat,AMRO,0.0,20,0.0,1
2021-07-11,MS,Montserrat,AMRO,1.0,21,0.0,1
2021-07-18,MS,Montserrat,AMRO,0.0,21,0.0,1
2021-07-25,MS,Montserrat,AMRO,0.0,21,0.0,1
2021-08-01,MS,Montserrat,AMRO,0.0,21,0.0,1
2021-08-08,MS,Montserrat,AMRO,1.0,22,0.0,1
2021-08-15,MS,Montserrat,AMRO,0.0,22,0.0,1
2021-08-22,MS,Montserrat,AMRO,3.0,25,0.0,1
2021-08-29,MS,Montserrat,AMRO,1.0,26,0.0,1
2021-09-05,MS,Montserrat,AMRO,5.0,31,0.0,1
2021-09-12,MS,Montserrat,AMRO,1.0,32,0.0,1
2021-09-19,MS,Montserrat,AMRO,1.0,33,0.0,1
2021-09-26,MS,Montserrat,AMRO,0.0,33,0.0,1
2021-10-03,MS,Montserrat,AMRO,1.0,34,0.0,1
2021-10-10,MS,Montserrat,AMRO,7.0,41,0.0,1
2021-10-17,MS,Montserrat,AMRO,0.0,41,0.0,1
2021-10-24,MS,Montserrat,AMRO,0.0,41,0.0,1
2021-10-31,MS,Montserrat,AMRO,0.0,41,0.0,1
2021-11-07,MS,Montserrat,AMRO,0.0,41,0.0,1
2021-11-14,MS,Montserrat,AMRO,0.0,41,0.0,1
2021-11-21,MS,Montserrat,AMRO,3.0,44,0.0,1
2021-11-28,MS,Montserrat,AMRO,0.0,44,0.0,1
2021-12-05,MS,Montserrat,AMRO,0.0,44,0.0,1
2021-12-12,MS,Montserrat,AMRO,0.0,44,0.0,1
2021-12-19,MS,Montserrat,AMRO,1.0,45,0.0,1
2021-12-26,MS,Montserrat,AMRO,0.0,45,0.0,1
2022-01-02,MS,Montserrat,AMRO,5.0,50,0.0,1
2022-01-09,MS,Montserrat,AMRO,60.0,110,0.0,1
2022-01-16,MS,Montserrat,AMRO,19.0,129,0.0,1
2022-01-23,MS,Montserrat,AMRO,23.0,152,0.0,1
2022-01-30,MS,Montserrat,AMRO,10.0,162,0.0,1
2022-02-06,MS,Montserrat,AMRO,1.0,163,0.0,1
2022-02-13,MS,Montserrat,AMRO,0.0,163,1.0,2
2022-02-20,MS,Montserrat,AMRO,0.0,163,0.0,2
2022-02-27,MS,Montserrat,AMRO,0.0,163,0.0,2
2022-03-06,MS,Montserrat,AMRO,1.0,164,0.0,2
2022-03-13,MS,Montserrat,AMRO,2.0,166,0.0,2
2022-03-20,MS,Montserrat,AMRO,8.0,174,0.0,2
2022-03-27,MS,Montserrat,AMRO,1.0,175,0.0,2
2022-04-03,MS,Montserrat,AMRO,0.0,175,0.0,2
2022-04-10,MS,Montserrat,AMRO,0.0,175,0.0,2
2022-04-17,MS,Montserrat,AMRO,1.0,176,0.0,2
2022-04-24,MS,Montserrat,AMRO,1.0,177,0.0,2
2022-05-01,MS,Montserrat,AMRO,39.0,216,0.0,2
2022-05-08,MS,Montserrat,AMRO,236.0,452,0.0,2
2022-05-15,MS,Montserrat,AMRO,295.0,747,0.0,2
2022-05-22,MS,Montserrat,AMRO,139.0,886,2.0,4
2022-05-29,MS,Montserrat,AMRO,72.0,958,0.0,4
2022-06-05,MS,Montserrat,AMRO,45.0,1003,4.0,8
2022-06-12,MS,Montserrat,AMRO,7.0,1010,0.0,8
2022-06-19,MS,Montserrat,AMRO,5.0,1015,0.0,8
2022-06-26,MS,Montserrat,AMRO,1.0,1016,0.0,8
2022-07-03,MS,Montserrat,AMRO,4.0,1020,0.0,8
2022-07-10,MS,Montserrat,AMRO,3.0,1023,0.0,8
2022-07-17,MS,Montserrat,AMRO,2.0,1025,0.0,8
2022-07-24,MS,Montserrat,AMRO,7.0,1032,0.0,8
2022-07-31,MS,Montserrat,AMRO,22.0,1054,0.0,8
2022-08-07,MS,Montserrat,AMRO,23.0,1077,0.0,8
2022-08-14,MS,Montserrat,AMRO,20.0,1097,0.0,8
2022-08-21,MS,Montserrat,AMRO,9.0,1106,0.0,8
2022-08-28,MS,Montserrat,AMRO,20.0,1126,0.0,8
2022-09-04,MS,Montserrat,AMRO,64.0,1190,0.0,8
2022-09-11,MS,Montserrat,AMRO,86.0,1276,0.0,8
2022-09-18,MS,Montserrat,AMRO,80.0,1356,0.0,8
2022-09-25,MS,Montserrat,AMRO,36.0,1392,0.0,8
2022-10-02,MS,Montserrat,AMRO,11.0,1403,0.0,8
2022-10-09,MS,Montserrat,AMRO,0.0,1403,0.0,8
2022-10-16,MS,Montserrat,AMRO,0.0,1403,0.0,8
2022-10-23,MS,Montserrat,AMRO,0.0,1403,0.0,8
2022-10-30,MS,Montserrat,AMRO,0.0,1403,0.0,8
2022-11-06,MS,Montserrat,AMRO,0.0,1403,0.0,8
2022-11-13,MS,Montserrat,AMRO,0.0,1403,0.0,8
2022-11-20,MS,Montserrat,AMRO,0.0,1403,0.0,8
2022-11-27,MS,Montserrat,AMRO,0.0,1403,0.0,8
2022-12-04,MS,Montserrat,AMRO,0.0,1403,0.0,8
2022-12-11,MS,Montserrat,AMRO,0.0,1403,0.0,8
2022-12-18,MS,Montserrat,AMRO,0.0,1403,0.0,8
2022-12-25,MS,Montserrat,AMRO,0.0,1403,0.0,8
2023-01-01,MS,Montserrat,AMRO,0.0,1403,0.0,8
2023-01-08,MS,Montserrat,AMRO,0.0,1403,0.0,8
2023-01-15,MS,Montserrat,AMRO,0.0,1403,0.0,8
2023-01-22,MS,Montserrat,AMRO,0.0,1403,0.0,8
2023-01-29,MS,Montserrat,AMRO,0.0,1403,0.0,8
2023-02-05,MS,Montserrat,AMRO,0.0,1403,0.0,8
2023-02-12,MS,Montserrat,AMRO,0.0,1403,0.0,8
2023-02-19,MS,Montserrat,AMRO,0.0,1403,0.0,8
2023-02-26,MS,Montserrat,AMRO,0.0,1403,0.0,8
2023-03-05,MS,Montserrat,AMRO,0.0,1403,0.0,8
2023-03-12,MS,Montserrat,AMRO,0.0,1403,0.0,8
2023-03-19,MS,Montserrat,AMRO,0.0,1403,0.0,8
2023-03-26,MS,Montserrat,AMRO,0.0,1403,0.0,8
2023-04-02,MS,Montserrat,AMRO,0.0,1403,0.0,8
2023-04-09,MS,Montserrat,AMRO,0.0,1403,0.0,8
2023-04-16,MS,Montserrat,AMRO,0.0,1403,0.0,8
2023-04-23,MS,Montserrat,AMRO,0.0,1403,0.0,8
2023-04-30,MS,Montserrat,AMRO,0.0,1403,0.0,8
2023-05-07,MS,Montserrat,AMRO,0.0,1403,0.0,8
2023-05-14,MS,Montserrat,AMRO,0.0,1403,0.0,8
2023-05-21,MS,Montserrat,AMRO,0.0,1403,0.0,8
2023-05-28,MS,Montserrat,AMRO,0.0,1403,0.0,8
2023-06-04,MS,Montserrat,AMRO,0.0,1403,0.0,8
2023-06-11,MS,Montserrat,AMRO,0.0,1403,0.0,8
2023-06-18,MS,Montserrat,AMRO,0.0,1403,0.0,8
2023-06-25,MS,Montserrat,AMRO,0.0,1403,0.0,8
2023-07-02,MS,Montserrat,AMRO,0.0,1403,0.0,8
2023-07-09,MS,Montserrat,AMRO,0.0,1403,0.0,8
2023-07-16,MS,Montserrat,AMRO,0.0,1403,0.0,8
2023-07-23,MS,Montserrat,AMRO,0.0,1403,0.0,8
2023-07-30,MS,Montserrat,AMRO,0.0,1403,0.0,8
2023-08-06,MS,Montserrat,AMRO,0.0,1403,0.0,8
2023-08-13,MS,Montserrat,AMRO,0.0,1403,0.0,8
2023-08-20,MS,Montserrat,AMRO,0.0,1403,0.0,8
2023-08-27,MS,Montserrat,AMRO,0.0,1403,0.0,8
2023-09-03,MS,Montserrat,AMRO,0.0,1403,0.0,8
2023-09-10,MS,Montserrat,AMRO,0.0,1403,0.0,8
2023-09-17,MS,Montserrat,AMRO,0.0,1403,0.0,8
2023-09-24,MS,Montserrat,AMRO,0.0,1403,0.0,8
2023-10-01,MS,Montserrat,AMRO,0.0,1403,0.0,8
2023-10-08,MS,Montserrat,AMRO,0.0,1403,0.0,8
2023-10-15,MS,Montserrat,AMRO,0.0,1403,0.0,8
2023-10-22,MS,Montserrat,AMRO,0.0,1403,0.0,8
2023-10-29,MS,Montserrat,AMRO,0.0,1403,0.0,8
2023-11-05,MS,Montserrat,AMRO,0.0,1403,0.0,8
2023-11-12,MS,Montserrat,AMRO,0.0,1403,0.0,8
2023-11-19,MS,Montserrat,AMRO,0.0,1403,0.0,8
2023-11-26,MS,Montserrat,AMRO,0.0,1403,0.0,8
2023-12-03,MS,Montserrat,AMRO,0.0,1403,0.0,8
2023-12-10,MS,Montserrat,AMRO,0.0,1403,0.0,8
2023-12-17,MS,Montserrat,AMRO,0.0,1403,0.0,8
2023-12-24,MS,Montserrat,AMRO,0.0,1403,0.0,8
2023-12-31,MS,Montserrat,AMRO,0.0,1403,0.0,8
2024-01-07,MS,Montserrat,AMRO,0.0,1403,0.0,8
2024-01-14,MS,Montserrat,AMRO,0.0,1403,0.0,8
2024-01-21,MS,Montserrat,AMRO,0.0,1403,0.0,8
2024-01-28,MS,Montserrat,AMRO,0.0,1403,0.0,8
2024-02-04,MS,Montserrat,AMRO,0.0,1403,0.0,8
2024-02-11,MS,Montserrat,AMRO,0.0,1403,0.0,8
2024-02-18,MS,Montserrat,AMRO,0.0,1403,0.0,8
2024-02-25,MS,Montserrat,AMRO,0.0,1403,0.0,8
2024-03-03,MS,Montserrat,AMRO,0.0,1403,0.0,8
2024-03-10,MS,Montserrat,AMRO,0.0,1403,0.0,8
2024-03-17,MS,Montserrat,AMRO,0.0,1403,0.0,8
2024-03-24,MS,Montserrat,AMRO,0.0,1403,0.0,8
2024-03-31,MS,Montserrat,AMRO,0.0,1403,0.0,8
2024-04-07,MS,Montserrat,AMRO,0.0,1403,0.0,8
2024-04-14,MS,Montserrat,AMRO,0.0,1403,0.0,8
2024-04-21,MS,Montserrat,AMRO,0.0,1403,0.0,8
2024-04-28,MS,Montserrat,AMRO,0.0,1403,0.0,8
