Date_reported,Country_code,Country,WHO_region,New_cases,Cumulative_cases,New_deaths,Cumulative_deaths
2020-01-05,MV,Maldives,SEARO,0.0,0,0.0,0
2020-01-12,MV,Maldives,SEARO,0.0,0,0.0,0
2020-01-19,MV,Maldives,SEARO,0.0,0,0.0,0
2020-01-26,MV,Maldives,SEARO,0.0,0,0.0,0
2020-02-02,MV,Maldives,SEARO,0.0,0,0.0,0
2020-02-09,MV,Maldives,SEARO,0.0,0,0.0,0
2020-02-16,MV,Maldives,SEARO,0.0,0,0.0,0
2020-02-23,MV,Maldives,SEARO,0.0,0,0.0,0
2020-03-01,MV,Maldives,SEARO,0.0,0,0.0,0
2020-03-08,MV,Maldives,SEARO,2.0,2,0.0,0
2020-03-15,MV,Maldives,SEARO,9.0,11,0.0,0
2020-03-22,MV,Maldives,SEARO,6.0,17,0.0,0
2020-03-29,MV,Maldives,SEARO,-1.0,16,0.0,0
2020-04-05,MV,Maldives,SEARO,3.0,19,0.0,0
2020-04-12,MV,Maldives,SEARO,1.0,20,0.0,0
2020-04-19,MV,Maldives,SEARO,31.0,51,0.0,0
2020-04-26,MV,Maldives,SEARO,137.0,188,0.0,0
2020-05-03,MV,Maldives,SEARO,339.0,527,1.0,1
2020-05-10,MV,Maldives,SEARO,308.0,835,2.0,3
2020-05-17,MV,Maldives,SEARO,259.0,1094,1.0,4
2020-05-24,MV,Maldives,SEARO,277.0,1371,0.0,4
2020-05-31,MV,Maldives,SEARO,301.0,1672,1.0,5
2020-06-07,MV,Maldives,SEARO,231.0,1903,3.0,8
2020-06-14,MV,Maldives,SEARO,132.0,2035,0.0,8
2020-06-21,MV,Maldives,SEARO,168.0,2203,0.0,8
2020-06-28,MV,Maldives,SEARO,121.0,2324,0.0,8
2020-07-05,MV,Maldives,SEARO,144.0,2468,3.0,11
2020-07-12,MV,Maldives,SEARO,263.0,2731,2.0,13
2020-07-19,MV,Maldives,SEARO,235.0,2966,2.0,15
2020-07-26,MV,Maldives,SEARO,336.0,3302,0.0,15
2020-08-02,MV,Maldives,SEARO,862.0,4164,3.0,18
2020-08-09,MV,Maldives,SEARO,877.0,5041,1.0,19
2020-08-16,MV,Maldives,SEARO,744.0,5785,3.0,22
2020-08-23,MV,Maldives,SEARO,994.0,6779,4.0,26
2020-08-30,MV,Maldives,SEARO,888.0,7667,2.0,28
2020-09-06,MV,Maldives,SEARO,917.0,8584,1.0,29
2020-09-13,MV,Maldives,SEARO,589.0,9173,3.0,32
2020-09-20,MV,Maldives,SEARO,551.0,9724,1.0,33
2020-09-27,MV,Maldives,SEARO,374.0,10098,1.0,34
2020-10-04,MV,Maldives,SEARO,432.0,10530,0.0,34
2020-10-11,MV,Maldives,SEARO,364.0,10894,1.0,35
2020-10-18,MV,Maldives,SEARO,316.0,11210,2.0,37
2020-10-25,MV,Maldives,SEARO,295.0,11505,0.0,37
2020-11-01,MV,Maldives,SEARO,196.0,11701,1.0,38
2020-11-08,MV,Maldives,SEARO,285.0,11986,2.0,40
2020-11-15,MV,Maldives,SEARO,218.0,12204,3.0,43
2020-11-22,MV,Maldives,SEARO,404.0,12608,3.0,46
2020-11-29,MV,Maldives,SEARO,386.0,12994,0.0,46
2020-12-06,MV,Maldives,SEARO,204.0,13198,1.0,47
2020-12-13,MV,Maldives,SEARO,170.0,13368,1.0,48
2020-12-20,MV,Maldives,SEARO,125.0,13493,0.0,48
2020-12-27,MV,Maldives,SEARO,151.0,13644,0.0,48
2021-01-03,MV,Maldives,SEARO,223.0,13867,0.0,48
2021-01-10,MV,Maldives,SEARO,242.0,14109,1.0,49
2021-01-17,MV,Maldives,SEARO,404.0,14513,0.0,49
2021-01-24,MV,Maldives,SEARO,480.0,14993,2.0,51
2021-01-31,MV,Maldives,SEARO,848.0,15841,1.0,52
2021-02-07,MV,Maldives,SEARO,942.0,16783,3.0,55
2021-02-14,MV,Maldives,SEARO,1045.0,17828,3.0,58
2021-02-21,MV,Maldives,SEARO,941.0,18769,2.0,60
2021-02-28,MV,Maldives,SEARO,1024.0,19793,2.0,62
2021-03-07,MV,Maldives,SEARO,1001.0,20794,2.0,64
2021-03-14,MV,Maldives,SEARO,778.0,21572,0.0,64
2021-03-21,MV,Maldives,SEARO,941.0,22513,2.0,66
2021-03-28,MV,Maldives,SEARO,1011.0,23524,0.0,66
2021-04-04,MV,Maldives,SEARO,1259.0,24783,1.0,67
2021-04-11,MV,Maldives,SEARO,834.0,25617,0.0,67
2021-04-18,MV,Maldives,SEARO,731.0,26348,3.0,70
2021-04-25,MV,Maldives,SEARO,1526.0,27874,1.0,71
2021-05-02,MV,Maldives,SEARO,2871.0,30745,3.0,74
2021-05-09,MV,Maldives,SEARO,5070.0,35815,10.0,84
2021-05-16,MV,Maldives,SEARO,8708.0,44523,13.0,97
2021-05-23,MV,Maldives,SEARO,11401.0,55924,32.0,129
2021-05-30,MV,Maldives,SEARO,7762.0,63686,29.0,158
2021-06-06,MV,Maldives,SEARO,4264.0,67950,27.0,185
2021-06-13,MV,Maldives,SEARO,2351.0,70301,12.0,197
2021-06-20,MV,Maldives,SEARO,1595.0,71896,9.0,206
2021-06-27,MV,Maldives,SEARO,1431.0,73327,3.0,209
2021-07-04,MV,Maldives,SEARO,1024.0,74351,4.0,213
2021-07-11,MV,Maldives,SEARO,720.0,75071,1.0,214
2021-07-18,MV,Maldives,SEARO,808.0,75879,2.0,216
2021-07-25,MV,Maldives,SEARO,871.0,76750,3.0,219
2021-08-01,MV,Maldives,SEARO,797.0,77547,2.0,221
2021-08-08,MV,Maldives,SEARO,809.0,78356,1.0,222
2021-08-15,MV,Maldives,SEARO,781.0,79137,0.0,222
2021-08-22,MV,Maldives,SEARO,822.0,79959,1.0,223
2021-08-29,MV,Maldives,SEARO,832.0,80791,3.0,226
2021-09-05,MV,Maldives,SEARO,1188.0,81979,0.0,226
2021-09-12,MV,Maldives,SEARO,843.0,82822,1.0,227
2021-09-19,MV,Maldives,SEARO,754.0,83576,2.0,229
2021-09-26,MV,Maldives,SEARO,786.0,84362,2.0,231
2021-10-03,MV,Maldives,SEARO,680.0,85042,0.0,231
2021-10-10,MV,Maldives,SEARO,506.0,85548,3.0,234
2021-10-17,MV,Maldives,SEARO,617.0,86165,4.0,238
2021-10-24,MV,Maldives,SEARO,757.0,86922,2.0,240
2021-10-31,MV,Maldives,SEARO,862.0,87784,3.0,243
2021-11-07,MV,Maldives,SEARO,1033.0,88817,2.0,245
2021-11-14,MV,Maldives,SEARO,1023.0,89840,2.0,247
2021-11-21,MV,Maldives,SEARO,885.0,90725,1.0,248
2021-11-28,MV,Maldives,SEARO,739.0,91464,0.0,248
2021-12-05,MV,Maldives,SEARO,747.0,92211,6.0,254
2021-12-12,MV,Maldives,SEARO,908.0,93119,4.0,258
2021-12-19,MV,Maldives,SEARO,838.0,93957,1.0,259
2021-12-26,MV,Maldives,SEARO,907.0,94864,2.0,261
2022-01-02,MV,Maldives,SEARO,1188.0,96052,1.0,262
2022-01-09,MV,Maldives,SEARO,2000.0,98052,2.0,264
2022-01-16,MV,Maldives,SEARO,5529.0,103581,1.0,265
2022-01-23,MV,Maldives,SEARO,13880.0,117461,5.0,270
2022-01-30,MV,Maldives,SEARO,18665.0,136126,5.0,275
2022-02-06,MV,Maldives,SEARO,14211.0,150337,8.0,283
2022-02-13,MV,Maldives,SEARO,8724.0,159061,6.0,289
2022-02-20,MV,Maldives,SEARO,6012.0,165073,2.0,291
2022-02-27,MV,Maldives,SEARO,4559.0,169632,6.0,297
2022-03-06,MV,Maldives,SEARO,2944.0,172576,0.0,297
2022-03-13,MV,Maldives,SEARO,2082.0,174658,0.0,297
2022-03-20,MV,Maldives,SEARO,1341.0,175999,0.0,297
2022-03-27,MV,Maldives,SEARO,1104.0,177103,1.0,298
2022-04-03,MV,Maldives,SEARO,656.0,177759,0.0,298
2022-04-10,MV,Maldives,SEARO,718.0,178477,0.0,298
2022-04-17,MV,Maldives,SEARO,441.0,178918,0.0,298
2022-04-24,MV,Maldives,SEARO,282.0,179200,0.0,298
2022-05-01,MV,Maldives,SEARO,179.0,179379,0.0,298
2022-05-08,MV,Maldives,SEARO,123.0,179502,0.0,298
2022-05-15,MV,Maldives,SEARO,67.0,179569,0.0,298
2022-05-22,MV,Maldives,SEARO,101.0,179670,0.0,298
2022-05-29,MV,Maldives,SEARO,95.0,179765,0.0,298
2022-06-05,MV,Maldives,SEARO,90.0,179855,1.0,299
2022-06-12,MV,Maldives,SEARO,160.0,180015,0.0,299
2022-06-19,MV,Maldives,SEARO,528.0,180543,1.0,300
2022-06-26,MV,Maldives,SEARO,1043.0,181586,5.0,305
2022-07-03,MV,Maldives,SEARO,1134.0,182720,1.0,306
2022-07-10,MV,Maldives,SEARO,771.0,183491,1.0,307
2022-07-17,MV,Maldives,SEARO,417.0,183908,0.0,307
2022-07-24,MV,Maldives,SEARO,394.0,184302,0.0,307
2022-07-31,MV,Maldives,SEARO,183.0,184485,0.0,307
2022-08-07,MV,Maldives,SEARO,106.0,184591,0.0,307
2022-08-14,MV,Maldives,SEARO,98.0,184689,0.0,307
2022-08-21,MV,Maldives,SEARO,99.0,184788,0.0,307
2022-08-28,MV,Maldives,SEARO,68.0,184856,1.0,308
2022-09-04,MV,Maldives,SEARO,68.0,184924,0.0,308
2022-09-11,MV,Maldives,SEARO,42.0,184966,0.0,308
2022-09-18,MV,Maldives,SEARO,38.0,185004,0.0,308
2022-09-25,MV,Maldives,SEARO,38.0,185042,0.0,308
2022-10-02,MV,Maldives,SEARO,40.0,185082,0.0,308
2022-10-09,MV,Maldives,SEARO,43.0,185125,0.0,308
2022-10-16,MV,Maldives,SEARO,69.0,185194,0.0,308
2022-10-23,MV,Maldives,SEARO,86.0,185280,0.0,308
2022-10-30,MV,Maldives,SEARO,84.0,185364,0.0,308
2022-11-06,MV,Maldives,SEARO,90.0,185454,1.0,309
2022-11-13,MV,Maldives,SEARO,95.0,185549,1.0,310
2022-11-20,MV,Maldives,SEARO,35.0,185584,1.0,311
2022-11-27,MV,Maldives,SEARO,34.0,185618,0.0,311
2022-12-04,MV,Maldives,SEARO,14.0,185632,0.0,311
2022-12-11,MV,Maldives,SEARO,19.0,185651,0.0,311
2022-12-18,MV,Maldives,SEARO,15.0,185666,0.0,311
2022-12-25,MV,Maldives,SEARO,12.0,185678,0.0,311
2023-01-01,MV,Maldives,SEARO,15.0,185693,0.0,311
2023-01-08,MV,Maldives,SEARO,9.0,185702,0.0,311
2023-01-15,MV,Maldives,SEARO,6.0,185708,0.0,311
2023-01-22,MV,Maldives,SEARO,5.0,185713,0.0,311
2023-01-29,MV,Maldives,SEARO,2.0,185715,0.0,311
2023-02-05,MV,Maldives,SEARO,6.0,185721,0.0,311
2023-02-12,MV,Maldives,SEARO,2.0,185723,0.0,311
2023-02-19,MV,Maldives,SEARO,6.0,185729,0.0,311
2023-02-26,MV,Maldives,SEARO,3.0,185732,0.0,311
2023-03-05,MV,Maldives,SEARO,6.0,185738,0.0,311
2023-03-12,MV,Maldives,SEARO,6.0,185744,0.0,311
2023-03-19,MV,Maldives,SEARO,11.0,185755,0.0,311
2023-03-26,MV,Maldives,SEARO,16.0,185771,0.0,311
2023-04-02,MV,Maldives,SEARO,39.0,185810,0.0,311
2023-04-09,MV,Maldives,SEARO,84.0,185894,0.0,311
2023-04-16,MV,Maldives,SEARO,148.0,186042,0.0,311
2023-04-23,MV,Maldives,SEARO,199.0,186241,2.0,313
2023-04-30,MV,Maldives,SEARO,194.0,186435,0.0,313
2023-05-07,MV,Maldives,SEARO,91.0,186526,1.0,314
2023-05-14,MV,Maldives,SEARO,63.0,186589,0.0,314
2023-05-21,MV,Maldives,SEARO,36.0,186625,1.0,315
2023-05-28,MV,Maldives,SEARO,26.0,186651,0.0,315
2023-06-04,MV,Maldives,SEARO,21.0,186672,1.0,316
2023-06-11,MV,Maldives,SEARO,11.0,186683,0.0,316
2023-06-18,MV,Maldives,SEARO,0.0,186683,0.0,316
2023-06-25,MV,Maldives,SEARO,0.0,186683,0.0,316
2023-07-02,MV,Maldives,SEARO,4.0,186687,0.0,316
2023-07-09,MV,Maldives,SEARO,0.0,186687,0.0,316
2023-07-16,MV,Maldives,SEARO,0.0,186687,0.0,316
2023-07-23,MV,Maldives,SEARO,0.0,186687,0.0,316
2023-07-30,MV,Maldives,SEARO,0.0,186687,0.0,316
2023-08-06,MV,Maldives,SEARO,7.0,186694,0.0,316
2023-08-13,MV,Maldives,SEARO,0.0,186694,0.0,316
2023-08-20,MV,Maldives,SEARO,0.0,186694,0.0,316
2023-08-27,MV,Maldives,SEARO,0.0,186694,0.0,316
2023-09-03,MV,Maldives,SEARO,0.0,186694,0.0,316
2023-09-10,MV,Maldives,SEARO,0.0,186694,0.0,316
2023-09-17,MV,Maldives,SEARO,0.0,186694,0.0,316
2023-09-24,MV,Maldives,SEARO,0.0,186694,0.0,316
2023-10-01,MV,Maldives,SEARO,0.0,186694,0.0,316
2023-10-08,MV,Maldives,SEARO,0.0,186694,0.0,316
2023-10-15,MV,Maldives,SEARO,0.0,186694,0.0,316
2023-10-22,MV,Maldives,SEARO,0.0,186694,0.0,316
2023-10-29,MV,Maldives,SEARO,0.0,186694,0.0,316
2023-11-05,MV,Maldives,SEARO,0.0,186694,0.0,316
2023-11-12,MV,Maldives,SEARO,0.0,186694,0.0,316
2023-11-19,MV,Maldives,SEARO,0.0,186694,0.0,316
2023-11-26,MV,Maldives,SEARO,0.0,186694,0.0,316
2023-12-03,MV,Maldives,SEARO,0.0,186694,0.0,316
2023-12-10,MV,Maldives,SEARO,0.0,186694,0.0,316
2023-12-17,MV,Maldives,SEARO,0.0,186694,0.0,316
2023-12-24,MV,Maldives,SEARO,0.0,186694,0.0,316
2023-12-31,MV,Maldives,SEARO,0.0,186694,0.0,316
2024-01-07,MV,Maldives,SEARO,0.0,186694,0.0,316
2024-01-14,MV,Maldives,SEARO,0.0,186694,0.0,316
2024-01-21,MV,Maldives,SEARO,0.0,186694,0.0,316
2024-01-28,MV,Maldives,SEARO,0.0,186694,0.0,316
2024-02-04,MV,Maldives,SEARO,0.0,186694,0.0,316
2024-02-11,MV,Maldives,SEARO,0.0,186694,0.0,316
2024-02-18,MV,Maldives,SEARO,0.0,186694,0.0,316
2024-02-25,MV,Maldives,SEARO,0.0,186694,0.0,316
2024-03-03,MV,Maldives,SEARO,0.0,186694,0.0,316
2024-03-10,MV,Maldives,SEARO,0.0,186694,0.0,316
2024-03-17,MV,Maldives,SEARO,0.0,186694,0.0,316
2024-03-24,MV,Maldives,SEARO,0.0,186694,0.0,316
2024-03-31,MV,Maldives,SEARO,0.0,186694,0.0,316
2024-04-07,MV,Maldives,SEARO,0.0,186694,0.0,316
2024-04-14,MV,Maldives,SEARO,0.0,186694,0.0,316
2024-04-21,MV,Maldives,SEARO,0.0,186694,0.0,316
2024-04-28,MV,Maldives,SEARO,0.0,186694,0.0,316
