Date_reported,Country_code,Country,WHO_region,New_cases,Cumulative_cases,New_deaths,Cumulative_deaths
2020-01-05,MW,Malawi,AFRO,0.0,0,0.0,0
2020-01-12,MW,Malawi,AFRO,0.0,0,0.0,0
2020-01-19,MW,Malawi,AFRO,0.0,0,0.0,0
2020-01-26,MW,Malawi,AFRO,0.0,0,0.0,0
2020-02-02,MW,Malawi,AFRO,0.0,0,0.0,0
2020-02-09,MW,Malawi,AFRO,0.0,0,0.0,0
2020-02-16,MW,Malawi,AFRO,0.0,0,0.0,0
2020-02-23,MW,Malawi,AFRO,0.0,0,0.0,0
2020-03-01,MW,Malawi,AFRO,0.0,0,0.0,0
2020-03-08,MW,Malawi,AFRO,0.0,0,0.0,0
2020-03-15,MW,Malawi,AFRO,0.0,0,0.0,0
2020-03-22,MW,Malawi,AFRO,0.0,0,0.0,0
2020-03-29,MW,Malawi,AFRO,0.0,0,0.0,0
2020-04-05,MW,Malawi,AFRO,3.0,3,0.0,0
2020-04-12,MW,Malawi,AFRO,9.0,12,1.0,1
2020-04-19,MW,Malawi,AFRO,5.0,17,1.0,2
2020-04-26,MW,Malawi,AFRO,16.0,33,1.0,3
2020-05-03,MW,Malawi,AFRO,5.0,38,0.0,3
2020-05-10,MW,Malawi,AFRO,18.0,56,0.0,3
2020-05-17,MW,Malawi,AFRO,14.0,70,0.0,3
2020-05-24,MW,Malawi,AFRO,13.0,83,1.0,4
2020-05-31,MW,Malawi,AFRO,196.0,279,0.0,4
2020-06-07,MW,Malawi,AFRO,130.0,409,0.0,4
2020-06-14,MW,Malawi,AFRO,120.0,529,1.0,5
2020-06-21,MW,Malawi,AFRO,201.0,730,6.0,11
2020-06-28,MW,Malawi,AFRO,308.0,1038,2.0,13
2020-07-05,MW,Malawi,AFRO,575.0,1613,11.0,24
2020-07-12,MW,Malawi,AFRO,648.0,2261,10.0,34
2020-07-19,MW,Malawi,AFRO,646.0,2907,26.0,60
2020-07-26,MW,Malawi,AFRO,650.0,3557,34.0,94
2020-08-02,MW,Malawi,AFRO,629.0,4186,28.0,122
2020-08-09,MW,Malawi,AFRO,438.0,4624,21.0,143
2020-08-16,MW,Malawi,AFRO,402.0,5026,14.0,157
2020-08-23,MW,Malawi,AFRO,356.0,5382,11.0,168
2020-08-30,MW,Malawi,AFRO,146.0,5528,6.0,174
2020-09-06,MW,Malawi,AFRO,83.0,5611,1.0,175
2020-09-13,MW,Malawi,AFRO,65.0,5676,2.0,177
2020-09-20,MW,Malawi,AFRO,42.0,5718,2.0,179
2020-09-27,MW,Malawi,AFRO,48.0,5766,0.0,179
2020-10-04,MW,Malawi,AFRO,17.0,5783,0.0,179
2020-10-11,MW,Malawi,AFRO,38.0,5821,1.0,180
2020-10-18,MW,Malawi,AFRO,31.0,5852,1.0,181
2020-10-25,MW,Malawi,AFRO,35.0,5887,2.0,183
2020-11-01,MW,Malawi,AFRO,43.0,5930,1.0,184
2020-11-08,MW,Malawi,AFRO,18.0,5948,0.0,184
2020-11-15,MW,Malawi,AFRO,16.0,5964,1.0,185
2020-11-22,MW,Malawi,AFRO,39.0,6003,0.0,185
2020-11-29,MW,Malawi,AFRO,22.0,6025,0.0,185
2020-12-06,MW,Malawi,AFRO,24.0,6049,0.0,185
2020-12-13,MW,Malawi,AFRO,14.0,6063,1.0,186
2020-12-20,MW,Malawi,AFRO,90.0,6153,1.0,187
2020-12-27,MW,Malawi,AFRO,190.0,6343,1.0,188
2021-01-03,MW,Malawi,AFRO,367.0,6710,4.0,192
2021-01-10,MW,Malawi,AFRO,1594.0,8304,28.0,220
2021-01-17,MW,Malawi,AFRO,3479.0,11783,107.0,327
2021-01-24,MW,Malawi,AFRO,6656.0,18439,193.0,520
2021-01-31,MW,Malawi,AFRO,5058.0,23497,187.0,707
2021-02-07,MW,Malawi,AFRO,3378.0,26875,135.0,842
2021-02-14,MW,Malawi,AFRO,2001.0,28876,100.0,942
2021-02-21,MW,Malawi,AFRO,1652.0,30528,62.0,1004
2021-02-28,MW,Malawi,AFRO,1270.0,31798,37.0,1041
2021-03-07,MW,Malawi,AFRO,600.0,32398,26.0,1067
2021-03-14,MW,Malawi,AFRO,391.0,32789,15.0,1082
2021-03-21,MW,Malawi,AFRO,427.0,33216,11.0,1093
2021-03-28,MW,Malawi,AFRO,242.0,33458,20.0,1113
2021-04-04,MW,Malawi,AFRO,189.0,33647,7.0,1120
2021-04-11,MW,Malawi,AFRO,158.0,33805,7.0,1127
2021-04-18,MW,Malawi,AFRO,129.0,33934,11.0,1138
2021-04-25,MW,Malawi,AFRO,77.0,34011,9.0,1147
2021-05-02,MW,Malawi,AFRO,84.0,34095,1.0,1148
2021-05-09,MW,Malawi,AFRO,71.0,34166,5.0,1153
2021-05-16,MW,Malawi,AFRO,44.0,34210,0.0,1153
2021-05-23,MW,Malawi,AFRO,64.0,34274,0.0,1153
2021-05-30,MW,Malawi,AFRO,55.0,34329,1.0,1154
2021-06-06,MW,Malawi,AFRO,55.0,34384,2.0,1156
2021-06-13,MW,Malawi,AFRO,101.0,34485,3.0,1159
2021-06-20,MW,Malawi,AFRO,347.0,34832,9.0,1168
2021-06-27,MW,Malawi,AFRO,722.0,35554,13.0,1181
2021-07-04,MW,Malawi,AFRO,1266.0,36820,24.0,1205
2021-07-11,MW,Malawi,AFRO,2126.0,38946,37.0,1242
2021-07-18,MW,Malawi,AFRO,4097.0,43043,83.0,1325
2021-07-25,MW,Malawi,AFRO,5023.0,48066,133.0,1458
2021-08-01,MW,Malawi,AFRO,4281.0,52347,177.0,1635
2021-08-08,MW,Malawi,AFRO,3352.0,55699,170.0,1805
2021-08-15,MW,Malawi,AFRO,2197.0,57896,150.0,1955
2021-08-22,MW,Malawi,AFRO,1503.0,59399,104.0,2059
2021-08-29,MW,Malawi,AFRO,914.0,60313,98.0,2157
2021-09-05,MW,Malawi,AFRO,490.0,60803,49.0,2206
2021-09-12,MW,Malawi,AFRO,295.0,61098,30.0,2236
2021-09-19,MW,Malawi,AFRO,239.0,61337,20.0,2256
2021-09-26,MW,Malawi,AFRO,160.0,61497,19.0,2275
2021-10-03,MW,Malawi,AFRO,112.0,61609,8.0,2283
2021-10-10,MW,Malawi,AFRO,63.0,61672,5.0,2288
2021-10-17,MW,Malawi,AFRO,40.0,61712,4.0,2292
2021-10-24,MW,Malawi,AFRO,45.0,61757,4.0,2296
2021-10-31,MW,Malawi,AFRO,37.0,61794,4.0,2300
2021-11-07,MW,Malawi,AFRO,21.0,61815,2.0,2302
2021-11-14,MW,Malawi,AFRO,28.0,61843,0.0,2302
2021-11-21,MW,Malawi,AFRO,20.0,61863,2.0,2304
2021-11-28,MW,Malawi,AFRO,26.0,61889,0.0,2304
2021-12-05,MW,Malawi,AFRO,77.0,61966,3.0,2307
2021-12-12,MW,Malawi,AFRO,264.0,62230,0.0,2307
2021-12-19,MW,Malawi,AFRO,2182.0,64412,4.0,2311
2021-12-26,MW,Malawi,AFRO,6270.0,70682,17.0,2328
2022-01-02,MW,Malawi,AFRO,5146.0,75828,40.0,2368
2022-01-09,MW,Malawi,AFRO,3885.0,79713,43.0,2411
2022-01-16,MW,Malawi,AFRO,2793.0,82506,48.0,2459
2022-01-23,MW,Malawi,AFRO,1259.0,83765,60.0,2519
2022-01-30,MW,Malawi,AFRO,624.0,84389,38.0,2557
2022-02-06,MW,Malawi,AFRO,406.0,84795,13.0,2570
2022-02-13,MW,Malawi,AFRO,214.0,85009,24.0,2594
2022-02-20,MW,Malawi,AFRO,196.0,85205,11.0,2605
2022-02-27,MW,Malawi,AFRO,109.0,85314,8.0,2613
2022-03-06,MW,Malawi,AFRO,97.0,85411,5.0,2618
2022-03-13,MW,Malawi,AFRO,84.0,85495,2.0,2620
2022-03-20,MW,Malawi,AFRO,61.0,85556,6.0,2626
2022-03-27,MW,Malawi,AFRO,52.0,85608,0.0,2626
2022-04-03,MW,Malawi,AFRO,49.0,85657,0.0,2626
2022-04-10,MW,Malawi,AFRO,45.0,85702,2.0,2628
2022-04-17,MW,Malawi,AFRO,25.0,85727,3.0,2631
2022-04-24,MW,Malawi,AFRO,20.0,85747,2.0,2633
2022-05-01,MW,Malawi,AFRO,34.0,85781,1.0,2634
2022-05-08,MW,Malawi,AFRO,30.0,85811,0.0,2634
2022-05-15,MW,Malawi,AFRO,76.0,85887,2.0,2636
2022-05-22,MW,Malawi,AFRO,42.0,85929,2.0,2638
2022-05-29,MW,Malawi,AFRO,35.0,85964,1.0,2639
2022-06-05,MW,Malawi,AFRO,37.0,86001,3.0,2642
2022-06-12,MW,Malawi,AFRO,89.0,86090,0.0,2642
2022-06-19,MW,Malawi,AFRO,99.0,86189,1.0,2643
2022-06-26,MW,Malawi,AFRO,159.0,86348,2.0,2645
2022-07-03,MW,Malawi,AFRO,186.0,86534,0.0,2645
2022-07-10,MW,Malawi,AFRO,200.0,86734,2.0,2647
2022-07-17,MW,Malawi,AFRO,89.0,86823,4.0,2651
2022-07-24,MW,Malawi,AFRO,393.0,87216,6.0,2657
2022-07-31,MW,Malawi,AFRO,149.0,87365,7.0,2664
2022-08-07,MW,Malawi,AFRO,252.0,87617,6.0,2670
2022-08-14,MW,Malawi,AFRO,93.0,87710,3.0,2673
2022-08-21,MW,Malawi,AFRO,69.0,87779,2.0,2675
2022-08-28,MW,Malawi,AFRO,55.0,87834,0.0,2675
2022-09-04,MW,Malawi,AFRO,67.0,87901,3.0,2678
2022-09-11,MW,Malawi,AFRO,35.0,87936,1.0,2679
2022-09-18,MW,Malawi,AFRO,44.0,87980,1.0,2680
2022-09-25,MW,Malawi,AFRO,29.0,88009,0.0,2680
2022-10-02,MW,Malawi,AFRO,19.0,88028,2.0,2682
2022-10-09,MW,Malawi,AFRO,13.0,88041,0.0,2682
2022-10-16,MW,Malawi,AFRO,16.0,88057,0.0,2682
2022-10-23,MW,Malawi,AFRO,16.0,88073,1.0,2683
2022-10-30,MW,Malawi,AFRO,24.0,88097,0.0,2683
2022-11-06,MW,Malawi,AFRO,-88.0,88009,2.0,2685
2022-11-13,MW,Malawi,AFRO,0.0,88009,0.0,2685
2022-11-20,MW,Malawi,AFRO,36.0,88045,0.0,2685
2022-11-27,MW,Malawi,AFRO,25.0,88070,0.0,2685
2022-12-04,MW,Malawi,AFRO,53.0,88123,0.0,2685
2022-12-11,MW,Malawi,AFRO,0.0,88123,0.0,2685
2022-12-18,MW,Malawi,AFRO,5.0,88128,0.0,2685
2022-12-25,MW,Malawi,AFRO,32.0,88160,0.0,2685
2023-01-01,MW,Malawi,AFRO,51.0,88211,0.0,2685
2023-01-08,MW,Malawi,AFRO,3.0,88214,0.0,2685
2023-01-15,MW,Malawi,AFRO,68.0,88282,0.0,2685
2023-01-22,MW,Malawi,AFRO,67.0,88349,1.0,2686
2023-01-29,MW,Malawi,AFRO,59.0,88408,0.0,2686
2023-02-05,MW,Malawi,AFRO,54.0,88462,0.0,2686
2023-02-12,MW,Malawi,AFRO,41.0,88503,0.0,2686
2023-02-19,MW,Malawi,AFRO,40.0,88543,0.0,2686
2023-02-26,MW,Malawi,AFRO,41.0,88584,0.0,2686
2023-03-05,MW,Malawi,AFRO,21.0,88605,0.0,2686
2023-03-12,MW,Malawi,AFRO,5.0,88610,0.0,2686
2023-03-19,MW,Malawi,AFRO,3.0,88613,0.0,2686
2023-03-26,MW,Malawi,AFRO,1.0,88614,0.0,2686
2023-04-02,MW,Malawi,AFRO,2.0,88616,0.0,2686
2023-04-09,MW,Malawi,AFRO,4.0,88620,0.0,2686
2023-04-16,MW,Malawi,AFRO,0.0,88620,0.0,2686
2023-04-23,MW,Malawi,AFRO,5.0,88625,0.0,2686
2023-04-30,MW,Malawi,AFRO,6.0,88631,0.0,2686
2023-05-07,MW,Malawi,AFRO,7.0,88638,0.0,2686
2023-05-14,MW,Malawi,AFRO,0.0,88638,0.0,2686
2023-05-21,MW,Malawi,AFRO,0.0,88638,0.0,2686
2023-05-28,MW,Malawi,AFRO,2.0,88640,0.0,2686
2023-06-04,MW,Malawi,AFRO,13.0,88653,0.0,2686
2023-06-11,MW,Malawi,AFRO,9.0,88662,0.0,2686
2023-06-18,MW,Malawi,AFRO,12.0,88674,0.0,2686
2023-06-25,MW,Malawi,AFRO,29.0,88703,0.0,2686
2023-07-02,MW,Malawi,AFRO,36.0,88739,0.0,2686
2023-07-09,MW,Malawi,AFRO,31.0,88770,0.0,2686
2023-07-16,MW,Malawi,AFRO,21.0,88791,0.0,2686
2023-07-23,MW,Malawi,AFRO,13.0,88804,0.0,2686
2023-07-30,MW,Malawi,AFRO,21.0,88825,0.0,2686
2023-08-06,MW,Malawi,AFRO,10.0,88835,0.0,2686
2023-08-13,MW,Malawi,AFRO,23.0,88858,0.0,2686
2023-08-20,MW,Malawi,AFRO,18.0,88876,0.0,2686
2023-08-27,MW,Malawi,AFRO,17.0,88893,0.0,2686
2023-09-03,MW,Malawi,AFRO,28.0,88921,0.0,2686
2023-09-10,MW,Malawi,AFRO,12.0,88933,0.0,2686
2023-09-17,MW,Malawi,AFRO,12.0,88945,0.0,2686
2023-09-24,MW,Malawi,AFRO,15.0,88960,0.0,2686
2023-10-01,MW,Malawi,AFRO,26.0,88986,0.0,2686
2023-10-08,MW,Malawi,AFRO,31.0,89017,0.0,2686
2023-10-15,MW,Malawi,AFRO,23.0,89040,0.0,2686
2023-10-22,MW,Malawi,AFRO,19.0,89059,0.0,2686
2023-10-29,MW,Malawi,AFRO,23.0,89082,0.0,2686
2023-11-05,MW,Malawi,AFRO,29.0,89111,0.0,2686
2023-11-12,MW,Malawi,AFRO,16.0,89127,0.0,2686
2023-11-19,MW,Malawi,AFRO,16.0,89143,0.0,2686
2023-11-26,MW,Malawi,AFRO,9.0,89152,0.0,2686
2023-12-03,MW,Malawi,AFRO,10.0,89162,0.0,2686
2023-12-10,MW,Malawi,AFRO,6.0,89168,0.0,2686
2023-12-17,MW,Malawi,AFRO,0.0,89168,0.0,2686
2023-12-24,MW,Malawi,AFRO,0.0,89168,0.0,2686
2023-12-31,MW,Malawi,AFRO,0.0,89168,0.0,2686
2024-01-07,MW,Malawi,AFRO,0.0,89168,0.0,2686
2024-01-14,MW,Malawi,AFRO,0.0,89168,0.0,2686
2024-01-21,MW,Malawi,AFRO,0.0,89168,0.0,2686
2024-01-28,MW,Malawi,AFRO,0.0,89168,0.0,2686
2024-02-04,MW,Malawi,AFRO,0.0,89168,0.0,2686
2024-02-11,MW,Malawi,AFRO,0.0,89168,0.0,2686
2024-02-18,MW,Malawi,AFRO,0.0,89168,0.0,2686
2024-02-25,MW,Malawi,AFRO,0.0,89168,0.0,2686
2024-03-03,MW,Malawi,AFRO,0.0,89168,0.0,2686
2024-03-10,MW,Malawi,AFRO,0.0,89168,0.0,2686
2024-03-17,MW,Malawi,AFRO,0.0,89168,0.0,2686
2024-03-24,MW,Malawi,AFRO,0.0,89168,0.0,2686
2024-03-31,MW,Malawi,AFRO,0.0,89168,0.0,2686
2024-04-07,MW,Malawi,AFRO,0.0,89168,0.0,2686
2024-04-14,MW,Malawi,AFRO,0.0,89168,0.0,2686
2024-04-21,MW,Malawi,AFRO,0.0,89168,0.0,2686
2024-04-28,MW,Malawi,AFRO,0.0,89168,0.0,2686
