Date_reported,Country_code,Country,WHO_region,New_cases,Cumulative_cases,New_deaths,Cumulative_deaths
2020-01-05,MX,Mexico,AMRO,0.0,0,0.0,0
2020-01-12,MX,Mexico,AMRO,0.0,0,0.0,0
2020-01-19,MX,Mexico,AMRO,0.0,0,0.0,0
2020-01-26,MX,Mexico,AMRO,0.0,0,0.0,0
2020-02-02,MX,Mexico,AMRO,0.0,0,0.0,0
2020-02-09,MX,Mexico,AMRO,0.0,0,0.0,0
2020-02-16,MX,Mexico,AMRO,0.0,0,0.0,0
2020-02-23,MX,Mexico,AMRO,1.0,1,0.0,0
2020-03-01,MX,Mexico,AMRO,5.0,6,0.0,0
2020-03-08,MX,Mexico,AMRO,45.0,51,0.0,0
2020-03-15,MX,Mexico,AMRO,183.0,234,0.0,0
2020-03-22,MX,Mexico,AMRO,669.0,903,4.0,4
2020-03-29,MX,Mexico,AMRO,1214.0,2117,24.0,28
2020-04-05,MX,Mexico,AMRO,2134.0,4251,146.0,174
2020-04-12,MX,Mexico,AMRO,3291.0,7542,382.0,556
2020-04-19,MX,Mexico,AMRO,5958.0,13500,749.0,1305
2020-04-26,MX,Mexico,AMRO,9264.0,22764,1453.0,2758
2020-05-03,MX,Mexico,AMRO,11571.0,34335,2361.0,5119
2020-05-10,MX,Mexico,AMRO,15196.0,49531,2893.0,8012
2020-05-17,MX,Mexico,AMRO,19538.0,69069,3414.0,11426
2020-05-24,MX,Mexico,AMRO,24187.0,93256,3994.0,15420
2020-05-31,MX,Mexico,AMRO,26973.0,120229,4178.0,19598
2020-06-07,MX,Mexico,AMRO,30556.0,150785,4512.0,24110
2020-06-14,MX,Mexico,AMRO,34822.0,185607,4891.0,29001
2020-06-21,MX,Mexico,AMRO,37587.0,223194,4986.0,33987
2020-06-28,MX,Mexico,AMRO,39306.0,262500,4569.0,38556
2020-07-05,MX,Mexico,AMRO,43553.0,306053,4971.0,43527
2020-07-12,MX,Mexico,AMRO,44406.0,350459,5374.0,48901
2020-07-19,MX,Mexico,AMRO,49775.0,400234,5534.0,54435
2020-07-26,MX,Mexico,AMRO,50177.0,450411,5464.0,59899
2020-08-02,MX,Mexico,AMRO,45999.0,496410,5258.0,65157
2020-08-09,MX,Mexico,AMRO,41814.0,538224,5027.0,70184
2020-08-16,MX,Mexico,AMRO,39452.0,577676,4522.0,74706
2020-08-23,MX,Mexico,AMRO,37867.0,615543,4065.0,78771
2020-08-30,MX,Mexico,AMRO,39230.0,654773,3731.0,82502
2020-09-06,MX,Mexico,AMRO,38873.0,693646,3556.0,86058
2020-09-13,MX,Mexico,AMRO,35339.0,728985,3208.0,89266
2020-09-20,MX,Mexico,AMRO,29659.0,758644,2955.0,92221
2020-09-27,MX,Mexico,AMRO,33716.0,792360,2840.0,95061
2020-10-04,MX,Mexico,AMRO,32636.0,824996,2586.0,97647
2020-10-11,MX,Mexico,AMRO,33071.0,858067,2488.0,100135
2020-10-18,MX,Mexico,AMRO,38778.0,896845,2689.0,102824
2020-10-25,MX,Mexico,AMRO,44301.0,941146,3107.0,105931
2020-11-01,MX,Mexico,AMRO,42679.0,983825,3336.0,109267
2020-11-08,MX,Mexico,AMRO,40741.0,1024566,3482.0,112749
2020-11-15,MX,Mexico,AMRO,48200.0,1072766,3561.0,116310
2020-11-22,MX,Mexico,AMRO,44816.0,1117582,3709.0,120019
2020-11-29,MX,Mexico,AMRO,56457.0,1174039,4060.0,124079
2020-12-06,MX,Mexico,AMRO,64076.0,1238115,4235.0,128314
2020-12-13,MX,Mexico,AMRO,73050.0,1311165,4644.0,132958
2020-12-20,MX,Mexico,AMRO,77433.0,1388598,5157.0,138115
2020-12-27,MX,Mexico,AMRO,64816.0,1453414,5775.0,143890
2021-01-03,MX,Mexico,AMRO,72877.0,1526291,6552.0,150442
2021-01-10,MX,Mexico,AMRO,105375.0,1631666,7632.0,158074
2021-01-17,MX,Mexico,AMRO,110588.0,1742254,8745.0,166819
2021-01-24,MX,Mexico,AMRO,104374.0,1846628,9877.0,176696
2021-01-31,MX,Mexico,AMRO,90123.0,1936751,9495.0,186191
2021-02-07,MX,Mexico,AMRO,61598.0,1998349,8292.0,194483
2021-02-14,MX,Mexico,AMRO,53192.0,2051541,6731.0,201214
2021-02-21,MX,Mexico,AMRO,43136.0,2094677,5321.0,206535
2021-02-28,MX,Mexico,AMRO,42204.0,2136881,4449.0,210984
2021-03-07,MX,Mexico,AMRO,40192.0,2177073,3889.0,214873
2021-03-14,MX,Mexico,AMRO,34305.0,2211378,3411.0,218284
2021-03-21,MX,Mexico,AMRO,28302.0,2239680,2881.0,221165
2021-03-28,MX,Mexico,AMRO,28664.0,2268344,2442.0,223607
2021-04-04,MX,Mexico,AMRO,21218.0,2289562,2273.0,225880
2021-04-11,MX,Mexico,AMRO,26011.0,2315573,2060.0,227940
2021-04-18,MX,Mexico,AMRO,23767.0,2339340,1923.0,229863
2021-04-25,MX,Mexico,AMRO,20925.0,2360265,1611.0,231474
2021-05-02,MX,Mexico,AMRO,19142.0,2379407,1400.0,232874
2021-05-09,MX,Mexico,AMRO,16175.0,2395582,1164.0,234038
2021-05-16,MX,Mexico,AMRO,14482.0,2410064,963.0,235001
2021-05-23,MX,Mexico,AMRO,14750.0,2424814,827.0,235828
2021-05-30,MX,Mexico,AMRO,15313.0,2440127,746.0,236574
2021-06-06,MX,Mexico,AMRO,16193.0,2456320,654.0,237228
2021-06-13,MX,Mexico,AMRO,19451.0,2475771,708.0,237936
2021-06-20,MX,Mexico,AMRO,22779.0,2498550,686.0,238622
2021-06-27,MX,Mexico,AMRO,29738.0,2528288,769.0,239391
2021-07-04,MX,Mexico,AMRO,37423.0,2565711,931.0,240322
2021-07-11,MX,Mexico,AMRO,55106.0,2620817,1114.0,241436
2021-07-18,MX,Mexico,AMRO,78515.0,2699332,1460.0,242896
2021-07-25,MX,Mexico,AMRO,102995.0,2802327,2197.0,245093
2021-08-01,MX,Mexico,AMRO,122311.0,2924638,3135.0,248228
2021-08-08,MX,Mexico,AMRO,128282.0,3052920,4191.0,252419
2021-08-15,MX,Mexico,AMRO,135141.0,3188061,4909.0,257328
2021-08-22,MX,Mexico,AMRO,120883.0,3308944,5528.0,262856
2021-08-29,MX,Mexico,AMRO,103015.0,3411959,5539.0,268395
2021-09-05,MX,Mexico,AMRO,87342.0,3499301,5103.0,273498
2021-09-12,MX,Mexico,AMRO,76284.0,3575585,4561.0,278059
2021-09-19,MX,Mexico,AMRO,57961.0,3633546,3950.0,282009
2021-09-26,MX,Mexico,AMRO,58868.0,3692414,3416.0,285425
2021-10-03,MX,Mexico,AMRO,44758.0,3737172,2863.0,288288
2021-10-10,MX,Mexico,AMRO,36194.0,3773366,2389.0,290677
2021-10-17,MX,Mexico,AMRO,31059.0,3804425,2006.0,292683
2021-10-24,MX,Mexico,AMRO,25762.0,3830187,1633.0,294316
2021-10-31,MX,Mexico,AMRO,23445.0,3853632,1375.0,295691
2021-11-07,MX,Mexico,AMRO,18907.0,3872539,1159.0,296850
2021-11-14,MX,Mexico,AMRO,20001.0,3892540,1012.0,297862
2021-11-21,MX,Mexico,AMRO,17228.0,3909768,965.0,298827
2021-11-28,MX,Mexico,AMRO,19349.0,3929117,927.0,299754
2021-12-05,MX,Mexico,AMRO,18247.0,3947364,940.0,300694
2021-12-12,MX,Mexico,AMRO,17484.0,3964848,903.0,301597
2021-12-19,MX,Mexico,AMRO,16128.0,3980976,848.0,302445
2021-12-26,MX,Mexico,AMRO,21003.0,4001979,810.0,303255
2022-01-02,MX,Mexico,AMRO,56920.0,4058899,770.0,304025
2022-01-09,MX,Mexico,AMRO,194803.0,4253702,909.0,304934
2022-01-16,MX,Mexico,AMRO,406782.0,4660484,1385.0,306319
2022-01-23,MX,Mexico,AMRO,406815.0,5067299,2395.0,308714
2022-01-30,MX,Mexico,AMRO,282729.0,5350028,3603.0,312317
2022-02-06,MX,Mexico,AMRO,166547.0,5516575,3901.0,316218
2022-02-13,MX,Mexico,AMRO,86372.0,5602947,3308.0,319526
2022-02-20,MX,Mexico,AMRO,61576.0,5664523,2385.0,321911
2022-02-27,MX,Mexico,AMRO,37281.0,5701804,1571.0,323482
2022-03-06,MX,Mexico,AMRO,21369.0,5723173,930.0,324412
2022-03-13,MX,Mexico,AMRO,14069.0,5737242,532.0,324944
2022-03-20,MX,Mexico,AMRO,10068.0,5747310,349.0,325293
2022-03-27,MX,Mexico,AMRO,6920.0,5754230,209.0,325502
2022-04-03,MX,Mexico,AMRO,6523.0,5760753,153.0,325655
2022-04-10,MX,Mexico,AMRO,4757.0,5765510,117.0,325772
2022-04-17,MX,Mexico,AMRO,3205.0,5768715,71.0,325843
2022-04-24,MX,Mexico,AMRO,3846.0,5772561,70.0,325913
2022-05-01,MX,Mexico,AMRO,3993.0,5776554,41.0,325954
2022-05-08,MX,Mexico,AMRO,4324.0,5780878,42.0,325996
2022-05-15,MX,Mexico,AMRO,5359.0,5786237,34.0,326030
2022-05-22,MX,Mexico,AMRO,7750.0,5793987,40.0,326070
2022-05-29,MX,Mexico,AMRO,12237.0,5806224,38.0,326108
2022-06-05,MX,Mexico,AMRO,19550.0,5825774,35.0,326143
2022-06-12,MX,Mexico,AMRO,34371.0,5860145,37.0,326180
2022-06-19,MX,Mexico,AMRO,55313.0,5915458,76.0,326256
2022-06-26,MX,Mexico,AMRO,97266.0,6012724,118.0,326374
2022-07-03,MX,Mexico,AMRO,152465.0,6165189,186.0,326560
2022-07-10,MX,Mexico,AMRO,200105.0,6365294,315.0,326875
2022-07-17,MX,Mexico,AMRO,213873.0,6579167,559.0,327434
2022-07-24,MX,Mexico,AMRO,179987.0,6759154,607.0,328041
2022-07-31,MX,Mexico,AMRO,122038.0,6881192,638.0,328679
2022-08-07,MX,Mexico,AMRO,80263.0,6961455,596.0,329275
2022-08-14,MX,Mexico,AMRO,53654.0,7015109,423.0,329698
2022-08-21,MX,Mexico,AMRO,33244.0,7048353,292.0,329990
2022-08-28,MX,Mexico,AMRO,22956.0,7071309,231.0,330221
2022-09-04,MX,Mexico,AMRO,16411.0,7087720,171.0,330392
2022-09-11,MX,Mexico,AMRO,12055.0,7099775,105.0,330497
2022-09-18,MX,Mexico,AMRO,7691.0,7107466,86.0,330583
2022-09-25,MX,Mexico,AMRO,7673.0,7115139,55.0,330638
2022-10-02,MX,Mexico,AMRO,5199.0,7120338,55.0,330693
2022-10-09,MX,Mexico,AMRO,3878.0,7124216,53.0,330746
2022-10-16,MX,Mexico,AMRO,2867.0,7127083,22.0,330768
2022-10-23,MX,Mexico,AMRO,2657.0,7129740,25.0,330793
2022-10-30,MX,Mexico,AMRO,2840.0,7132580,25.0,330818
2022-11-06,MX,Mexico,AMRO,2896.0,7135476,24.0,330842
2022-11-13,MX,Mexico,AMRO,4403.0,7139879,19.0,330861
2022-11-20,MX,Mexico,AMRO,5670.0,7145549,33.0,330894
2022-11-27,MX,Mexico,AMRO,7419.0,7152968,22.0,330916
2022-12-04,MX,Mexico,AMRO,12749.0,7165717,61.0,330977
2022-12-11,MX,Mexico,AMRO,19203.0,7184920,69.0,331046
2022-12-18,MX,Mexico,AMRO,26720.0,7211640,117.0,331163
2022-12-25,MX,Mexico,AMRO,33950.0,7245590,159.0,331322
2023-01-01,MX,Mexico,AMRO,30816.0,7276406,206.0,331528
2023-01-08,MX,Mexico,AMRO,31932.0,7308338,280.0,331808
2023-01-15,MX,Mexico,AMRO,29637.0,7337975,301.0,332109
2023-01-22,MX,Mexico,AMRO,25514.0,7363489,261.0,332370
2023-01-29,MX,Mexico,AMRO,23596.0,7387085,251.0,332621
2023-02-05,MX,Mexico,AMRO,20573.0,7407658,194.0,332815
2023-02-12,MX,Mexico,AMRO,18694.0,7426352,148.0,332963
2023-02-19,MX,Mexico,AMRO,19702.0,7446054,170.0,333133
2023-02-26,MX,Mexico,AMRO,20305.0,7466359,117.0,333250
2023-03-05,MX,Mexico,AMRO,19418.0,7485777,98.0,333348
2023-03-12,MX,Mexico,AMRO,20313.0,7506090,107.0,333455
2023-03-19,MX,Mexico,AMRO,19021.0,7525111,74.0,333529
2023-03-26,MX,Mexico,AMRO,15357.0,7540468,111.0,333640
2023-04-02,MX,Mexico,AMRO,15113.0,7555581,96.0,333736
2023-04-09,MX,Mexico,AMRO,8608.0,7564189,84.0,333820
2023-04-16,MX,Mexico,AMRO,9869.0,7574058,69.0,333889
2023-04-23,MX,Mexico,AMRO,9401.0,7583459,73.0,333962
2023-04-30,MX,Mexico,AMRO,9419.0,7592878,72.0,334034
2023-05-07,MX,Mexico,AMRO,8109.0,7600987,54.0,334088
2023-05-14,MX,Mexico,AMRO,7429.0,7608416,38.0,334126
2023-05-21,MX,Mexico,AMRO,6938.0,7615354,53.0,334179
2023-05-28,MX,Mexico,AMRO,5719.0,7621073,50.0,334229
2023-06-04,MX,Mexico,AMRO,3841.0,7624914,37.0,334266
2023-06-11,MX,Mexico,AMRO,3017.0,7627931,40.0,334306
2023-06-18,MX,Mexico,AMRO,2661.0,7630592,34.0,334340
2023-06-25,MX,Mexico,AMRO,2710.0,7633302,33.0,334373
2023-07-02,MX,Mexico,AMRO,2778.0,7636080,32.0,334405
2023-07-09,MX,Mexico,AMRO,2932.0,7639012,23.0,334428
2023-07-16,MX,Mexico,AMRO,3111.0,7642123,24.0,334452
2023-07-23,MX,Mexico,AMRO,3480.0,7645603,21.0,334473
2023-07-30,MX,Mexico,AMRO,3744.0,7649347,34.0,334507
2023-08-06,MX,Mexico,AMRO,5223.0,7654570,31.0,334538
2023-08-13,MX,Mexico,AMRO,6362.0,7660932,33.0,334571
2023-08-20,MX,Mexico,AMRO,6772.0,7667704,39.0,334610
2023-08-27,MX,Mexico,AMRO,7862.0,7675566,50.0,334660
2023-09-03,MX,Mexico,AMRO,9089.0,7684655,38.0,334698
2023-09-10,MX,Mexico,AMRO,9672.0,7694327,51.0,334749
2023-09-17,MX,Mexico,AMRO,7093.0,7701420,35.0,334784
2023-09-24,MX,Mexico,AMRO,4801.0,7706221,40.0,334824
2023-10-01,MX,Mexico,AMRO,2093.0,7708314,42.0,334866
2023-10-08,MX,Mexico,AMRO,264.0,7708578,28.0,334894
2023-10-15,MX,Mexico,AMRO,191.0,7708769,25.0,334919
2023-10-22,MX,Mexico,AMRO,166.0,7708935,16.0,334935
2023-10-29,MX,Mexico,AMRO,99.0,7709034,10.0,334945
2023-11-05,MX,Mexico,AMRO,73.0,7709107,15.0,334960
2023-11-12,MX,Mexico,AMRO,95.0,7709202,8.0,334968
2023-11-19,MX,Mexico,AMRO,60.0,7709262,6.0,334974
2023-11-26,MX,Mexico,AMRO,88.0,7709350,9.0,334983
2023-12-03,MX,Mexico,AMRO,105.0,7709455,9.0,334992
2023-12-10,MX,Mexico,AMRO,102.0,7709557,2.0,334994
2023-12-17,MX,Mexico,AMRO,119.0,7709676,8.0,335002
2023-12-24,MX,Mexico,AMRO,64.0,7709740,6.0,335008
2023-12-31,MX,Mexico,AMRO,7.0,7709747,3.0,335011
2024-01-07,MX,Mexico,AMRO,0.0,7709747,0.0,335011
2024-01-14,MX,Mexico,AMRO,0.0,7709747,0.0,335011
2024-01-21,MX,Mexico,AMRO,0.0,7709747,0.0,335011
2024-01-28,MX,Mexico,AMRO,0.0,7709747,0.0,335011
2024-02-04,MX,Mexico,AMRO,0.0,7709747,0.0,335011
2024-02-11,MX,Mexico,AMRO,0.0,7709747,0.0,335011
2024-02-18,MX,Mexico,AMRO,0.0,7709747,0.0,335011
2024-02-25,MX,Mexico,AMRO,0.0,7709747,0.0,335011
2024-03-03,MX,Mexico,AMRO,0.0,7709747,0.0,335011
2024-03-10,MX,Mexico,AMRO,0.0,7709747,0.0,335011
2024-03-17,MX,Mexico,AMRO,0.0,7709747,0.0,335011
2024-03-24,MX,Mexico,AMRO,0.0,7709747,0.0,335011
2024-03-31,MX,Mexico,AMRO,0.0,7709747,0.0,335011
2024-04-07,MX,Mexico,AMRO,0.0,7709747,0.0,335011
2024-04-14,MX,Mexico,AMRO,0.0,7709747,0.0,335011
2024-04-21,MX,Mexico,AMRO,0.0,7709747,0.0,335011
2024-04-28,MX,Mexico,AMRO,0.0,7709747,0.0,335011
