Date_reported,Country_code,Country,WHO_region,New_cases,Cumulative_cases,New_deaths,Cumulative_deaths
2020-01-05,MZ,Mozambique,AFRO,0.0,0,0.0,0
2020-01-12,MZ,Mozambique,AFRO,0.0,0,0.0,0
2020-01-19,MZ,Mozambique,AFRO,0.0,0,0.0,0
2020-01-26,MZ,Mozambique,AFRO,0.0,0,0.0,0
2020-02-02,MZ,Mozambique,AFRO,0.0,0,0.0,0
2020-02-09,MZ,Mozambique,AFRO,0.0,0,0.0,0
2020-02-16,MZ,Mozambique,AFRO,0.0,0,0.0,0
2020-02-23,MZ,Mozambique,AFRO,0.0,0,0.0,0
2020-03-01,MZ,Mozambique,AFRO,0.0,0,0.0,0
2020-03-08,MZ,Mozambique,AFRO,0.0,0,0.0,0
2020-03-15,MZ,Mozambique,AFRO,0.0,0,0.0,0
2020-03-22,MZ,Mozambique,AFRO,0.0,0,0.0,0
2020-03-29,MZ,Mozambique,AFRO,8.0,8,0.0,0
2020-04-05,MZ,Mozambique,AFRO,2.0,10,0.0,0
2020-04-12,MZ,Mozambique,AFRO,10.0,20,0.0,0
2020-04-19,MZ,Mozambique,AFRO,15.0,35,0.0,0
2020-04-26,MZ,Mozambique,AFRO,35.0,70,0.0,0
2020-05-03,MZ,Mozambique,AFRO,10.0,80,0.0,0
2020-05-10,MZ,Mozambique,AFRO,7.0,87,0.0,0
2020-05-17,MZ,Mozambique,AFRO,42.0,129,0.0,0
2020-05-24,MZ,Mozambique,AFRO,39.0,168,0.0,0
2020-05-31,MZ,Mozambique,AFRO,76.0,244,2.0,2
2020-06-07,MZ,Mozambique,AFRO,167.0,411,0.0,2
2020-06-14,MZ,Mozambique,AFRO,142.0,553,0.0,2
2020-06-21,MZ,Mozambique,AFRO,135.0,688,2.0,4
2020-06-28,MZ,Mozambique,AFRO,151.0,839,1.0,5
2020-07-05,MZ,Mozambique,AFRO,130.0,969,2.0,7
2020-07-12,MZ,Mozambique,AFRO,166.0,1135,2.0,9
2020-07-19,MZ,Mozambique,AFRO,300.0,1435,1.0,10
2020-07-26,MZ,Mozambique,AFRO,181.0,1616,1.0,11
2020-08-02,MZ,Mozambique,AFRO,291.0,1907,1.0,12
2020-08-09,MZ,Mozambique,AFRO,334.0,2241,6.0,18
2020-08-16,MZ,Mozambique,AFRO,550.0,2791,1.0,19
2020-08-23,MZ,Mozambique,AFRO,513.0,3304,1.0,20
2020-08-30,MZ,Mozambique,AFRO,456.0,3760,2.0,22
2020-09-06,MZ,Mozambique,AFRO,581.0,4341,4.0,26
2020-09-13,MZ,Mozambique,AFRO,699.0,5040,9.0,35
2020-09-20,MZ,Mozambique,AFRO,1497.0,6537,6.0,41
2020-09-27,MZ,Mozambique,AFRO,1220.0,7757,13.0,54
2020-10-04,MZ,Mozambique,AFRO,1292.0,9049,10.0,64
2020-10-11,MZ,Mozambique,AFRO,795.0,9844,7.0,71
2020-10-18,MZ,Mozambique,AFRO,863.0,10707,3.0,74
2020-10-25,MZ,Mozambique,AFRO,1188.0,11895,11.0,85
2020-11-01,MZ,Mozambique,AFRO,974.0,12869,7.0,92
2020-11-08,MZ,Mozambique,AFRO,708.0,13577,7.0,99
2020-11-15,MZ,Mozambique,AFRO,763.0,14340,11.0,110
2020-11-22,MZ,Mozambique,AFRO,641.0,14981,13.0,123
2020-11-29,MZ,Mozambique,AFRO,605.0,15586,6.0,129
2020-12-06,MZ,Mozambique,AFRO,547.0,16133,4.0,133
2020-12-13,MZ,Mozambique,AFRO,679.0,16812,7.0,140
2020-12-20,MZ,Mozambique,AFRO,665.0,17477,7.0,147
2020-12-27,MZ,Mozambique,AFRO,685.0,18162,12.0,159
2021-01-03,MZ,Mozambique,AFRO,806.0,18968,9.0,168
2021-01-10,MZ,Mozambique,AFRO,2393.0,21361,19.0,187
2021-01-17,MZ,Mozambique,AFRO,4501.0,25862,47.0,234
2021-01-24,MZ,Mozambique,AFRO,5766.0,31628,63.0,297
2021-01-31,MZ,Mozambique,AFRO,6077.0,37705,66.0,363
2021-02-07,MZ,Mozambique,AFRO,6407.0,44112,88.0,451
2021-02-14,MZ,Mozambique,AFRO,5339.0,49451,74.0,525
2021-02-21,MZ,Mozambique,AFRO,5517.0,54968,62.0,587
2021-02-28,MZ,Mozambique,AFRO,3804.0,58772,43.0,630
2021-03-07,MZ,Mozambique,AFRO,3359.0,62131,56.0,686
2021-03-14,MZ,Mozambique,AFRO,2165.0,64296,36.0,722
2021-03-21,MZ,Mozambique,AFRO,1768.0,66064,24.0,746
2021-03-28,MZ,Mozambique,AFRO,947.0,67011,16.0,762
2021-04-04,MZ,Mozambique,AFRO,994.0,68005,20.0,782
2021-04-11,MZ,Mozambique,AFRO,573.0,68578,7.0,789
2021-04-18,MZ,Mozambique,AFRO,556.0,69134,9.0,798
2021-04-25,MZ,Mozambique,AFRO,509.0,69643,9.0,807
2021-05-02,MZ,Mozambique,AFRO,322.0,69965,7.0,814
2021-05-09,MZ,Mozambique,AFRO,201.0,70166,7.0,821
2021-05-16,MZ,Mozambique,AFRO,244.0,70410,5.0,826
2021-05-23,MZ,Mozambique,AFRO,158.0,70568,5.0,831
2021-05-30,MZ,Mozambique,AFRO,156.0,70724,5.0,836
2021-06-06,MZ,Mozambique,AFRO,358.0,71082,1.0,837
2021-06-13,MZ,Mozambique,AFRO,379.0,71461,3.0,840
2021-06-20,MZ,Mozambique,AFRO,906.0,72367,7.0,847
2021-06-27,MZ,Mozambique,AFRO,2337.0,74704,20.0,867
2021-07-04,MZ,Mozambique,AFRO,4509.0,79213,30.0,897
2021-07-11,MZ,Mozambique,AFRO,8722.0,87935,65.0,962
2021-07-18,MZ,Mozambique,AFRO,10217.0,98152,137.0,1099
2021-07-25,MZ,Mozambique,AFRO,10608.0,108760,158.0,1257
2021-08-01,MZ,Mozambique,AFRO,13268.0,122028,177.0,1434
2021-08-08,MZ,Mozambique,AFRO,9771.0,131799,166.0,1600
2021-08-15,MZ,Mozambique,AFRO,6545.0,138344,107.0,1707
2021-08-22,MZ,Mozambique,AFRO,4179.0,142523,78.0,1785
2021-08-29,MZ,Mozambique,AFRO,3201.0,145724,57.0,1842
2021-09-05,MZ,Mozambique,AFRO,2061.0,147785,35.0,1877
2021-09-12,MZ,Mozambique,AFRO,1303.0,149088,15.0,1892
2021-09-19,MZ,Mozambique,AFRO,893.0,149981,11.0,1903
2021-09-26,MZ,Mozambique,AFRO,513.0,150494,6.0,1909
2021-10-03,MZ,Mozambique,AFRO,296.0,150790,9.0,1918
2021-10-10,MZ,Mozambique,AFRO,173.0,150963,4.0,1922
2021-10-17,MZ,Mozambique,AFRO,134.0,151097,3.0,1925
2021-10-24,MZ,Mozambique,AFRO,123.0,151220,3.0,1928
2021-10-31,MZ,Mozambique,AFRO,68.0,151288,2.0,1930
2021-11-07,MZ,Mozambique,AFRO,79.0,151367,4.0,1934
2021-11-14,MZ,Mozambique,AFRO,55.0,151422,0.0,1934
2021-11-21,MZ,Mozambique,AFRO,66.0,151488,2.0,1936
2021-11-28,MZ,Mozambique,AFRO,32.0,151520,4.0,1940
2021-12-05,MZ,Mozambique,AFRO,348.0,151868,1.0,1941
2021-12-12,MZ,Mozambique,AFRO,1540.0,153408,1.0,1942
2021-12-19,MZ,Mozambique,AFRO,5955.0,159363,8.0,1950
2021-12-26,MZ,Mozambique,AFRO,5499.0,164862,10.0,1960
2022-01-02,MZ,Mozambique,AFRO,26860.0,191722,52.0,2012
2022-01-09,MZ,Mozambique,AFRO,17667.0,209389,65.0,2077
2022-01-16,MZ,Mozambique,AFRO,9408.0,218797,46.0,2123
2022-01-23,MZ,Mozambique,AFRO,3618.0,222415,30.0,2153
2022-01-30,MZ,Mozambique,AFRO,1323.0,223738,14.0,2167
2022-02-06,MZ,Mozambique,AFRO,571.0,224309,16.0,2183
2022-02-13,MZ,Mozambique,AFRO,344.0,224653,6.0,2189
2022-02-20,MZ,Mozambique,AFRO,229.0,224882,0.0,2189
2022-02-27,MZ,Mozambique,AFRO,154.0,225036,3.0,2192
2022-03-06,MZ,Mozambique,AFRO,99.0,225135,4.0,2196
2022-03-13,MZ,Mozambique,AFRO,38.0,225173,2.0,2198
2022-03-20,MZ,Mozambique,AFRO,33.0,225206,1.0,2199
2022-03-27,MZ,Mozambique,AFRO,31.0,225237,1.0,2200
2022-04-03,MZ,Mozambique,AFRO,27.0,225264,0.0,2200
2022-04-10,MZ,Mozambique,AFRO,16.0,225280,0.0,2200
2022-04-17,MZ,Mozambique,AFRO,43.0,225323,0.0,2200
2022-04-24,MZ,Mozambique,AFRO,35.0,225358,1.0,2201
2022-05-01,MZ,Mozambique,AFRO,29.0,225387,0.0,2201
2022-05-08,MZ,Mozambique,AFRO,32.0,225419,0.0,2201
2022-05-15,MZ,Mozambique,AFRO,74.0,225493,0.0,2201
2022-05-22,MZ,Mozambique,AFRO,70.0,225563,0.0,2201
2022-05-29,MZ,Mozambique,AFRO,138.0,225701,2.0,2203
2022-06-05,MZ,Mozambique,AFRO,232.0,225933,1.0,2204
2022-06-12,MZ,Mozambique,AFRO,392.0,226325,2.0,2206
2022-06-19,MZ,Mozambique,AFRO,758.0,227083,3.0,2209
2022-06-26,MZ,Mozambique,AFRO,444.0,227527,3.0,2212
2022-07-03,MZ,Mozambique,AFRO,495.0,228022,0.0,2212
2022-07-10,MZ,Mozambique,AFRO,617.0,228639,1.0,2213
2022-07-17,MZ,Mozambique,AFRO,381.0,229020,2.0,2215
2022-07-24,MZ,Mozambique,AFRO,331.0,229351,0.0,2215
2022-07-31,MZ,Mozambique,AFRO,213.0,229564,0.0,2215
2022-08-07,MZ,Mozambique,AFRO,132.0,229696,1.0,2216
2022-08-14,MZ,Mozambique,AFRO,182.0,229878,3.0,2219
2022-08-21,MZ,Mozambique,AFRO,114.0,229992,0.0,2219
2022-08-28,MZ,Mozambique,AFRO,72.0,230064,1.0,2220
2022-09-04,MZ,Mozambique,AFRO,61.0,230125,0.0,2220
2022-09-11,MZ,Mozambique,AFRO,46.0,230171,2.0,2222
2022-09-18,MZ,Mozambique,AFRO,48.0,230219,0.0,2222
2022-09-25,MZ,Mozambique,AFRO,0.0,230219,0.0,2222
2022-10-02,MZ,Mozambique,AFRO,93.0,230312,0.0,2222
2022-10-09,MZ,Mozambique,AFRO,58.0,230370,2.0,2224
2022-10-16,MZ,Mozambique,AFRO,31.0,230401,0.0,2224
2022-10-23,MZ,Mozambique,AFRO,30.0,230431,0.0,2224
2022-10-30,MZ,Mozambique,AFRO,44.0,230475,0.0,2224
2022-11-06,MZ,Mozambique,AFRO,24.0,230499,0.0,2224
2022-11-13,MZ,Mozambique,AFRO,44.0,230543,0.0,2224
2022-11-20,MZ,Mozambique,AFRO,47.0,230590,0.0,2224
2022-11-27,MZ,Mozambique,AFRO,34.0,230624,2.0,2226
2022-12-04,MZ,Mozambique,AFRO,91.0,230715,0.0,2226
2022-12-11,MZ,Mozambique,AFRO,101.0,230816,3.0,2229
2022-12-18,MZ,Mozambique,AFRO,102.0,230918,0.0,2229
2022-12-25,MZ,Mozambique,AFRO,52.0,230970,1.0,2230
2023-01-01,MZ,Mozambique,AFRO,69.0,231039,2.0,2232
2023-01-08,MZ,Mozambique,AFRO,180.0,231219,0.0,2232
2023-01-15,MZ,Mozambique,AFRO,185.0,231404,0.0,2232
2023-01-22,MZ,Mozambique,AFRO,590.0,231994,1.0,2233
2023-01-29,MZ,Mozambique,AFRO,516.0,232510,3.0,2236
2023-02-05,MZ,Mozambique,AFRO,309.0,232819,1.0,2237
2023-02-12,MZ,Mozambique,AFRO,184.0,233003,2.0,2239
2023-02-19,MZ,Mozambique,AFRO,95.0,233098,3.0,2242
2023-02-26,MZ,Mozambique,AFRO,50.0,233148,0.0,2242
2023-03-05,MZ,Mozambique,AFRO,66.0,233214,0.0,2242
2023-03-12,MZ,Mozambique,AFRO,0.0,233214,0.0,2242
2023-03-19,MZ,Mozambique,AFRO,0.0,233214,0.0,2242
2023-03-26,MZ,Mozambique,AFRO,120.0,233334,0.0,2242
2023-04-02,MZ,Mozambique,AFRO,9.0,233343,0.0,2242
2023-04-09,MZ,Mozambique,AFRO,27.0,233370,0.0,2242
2023-04-16,MZ,Mozambique,AFRO,12.0,233382,0.0,2242
2023-04-23,MZ,Mozambique,AFRO,16.0,233398,0.0,2242
2023-04-30,MZ,Mozambique,AFRO,19.0,233417,1.0,2243
2023-05-07,MZ,Mozambique,AFRO,0.0,233417,0.0,2243
2023-05-14,MZ,Mozambique,AFRO,0.0,233417,0.0,2243
2023-05-21,MZ,Mozambique,AFRO,0.0,233417,0.0,2243
2023-05-28,MZ,Mozambique,AFRO,0.0,233417,0.0,2243
2023-06-04,MZ,Mozambique,AFRO,0.0,233417,0.0,2243
2023-06-11,MZ,Mozambique,AFRO,0.0,233417,0.0,2243
2023-06-18,MZ,Mozambique,AFRO,0.0,233417,0.0,2243
2023-06-25,MZ,Mozambique,AFRO,0.0,233417,0.0,2243
2023-07-02,MZ,Mozambique,AFRO,0.0,233417,0.0,2243
2023-07-09,MZ,Mozambique,AFRO,0.0,233417,0.0,2243
2023-07-16,MZ,Mozambique,AFRO,0.0,233417,0.0,2243
2023-07-23,MZ,Mozambique,AFRO,0.0,233417,0.0,2243
2023-07-30,MZ,Mozambique,AFRO,0.0,233417,0.0,2243
2023-08-06,MZ,Mozambique,AFRO,0.0,233417,0.0,2243
2023-08-13,MZ,Mozambique,AFRO,214.0,233631,6.0,2249
2023-08-20,MZ,Mozambique,AFRO,3.0,233634,0.0,2249
2023-08-27,MZ,Mozambique,AFRO,4.0,233638,0.0,2249
2023-09-03,MZ,Mozambique,AFRO,4.0,233642,0.0,2249
2023-09-10,MZ,Mozambique,AFRO,3.0,233645,0.0,2249
2023-09-17,MZ,Mozambique,AFRO,4.0,233649,0.0,2249
2023-09-24,MZ,Mozambique,AFRO,2.0,233651,0.0,2249
2023-10-01,MZ,Mozambique,AFRO,1.0,233652,0.0,2249
2023-10-08,MZ,Mozambique,AFRO,2.0,233654,0.0,2249
2023-10-15,MZ,Mozambique,AFRO,4.0,233658,0.0,2249
2023-10-22,MZ,Mozambique,AFRO,1.0,233659,0.0,2249
2023-10-29,MZ,Mozambique,AFRO,3.0,233662,0.0,2249
2023-11-05,MZ,Mozambique,AFRO,2.0,233664,1.0,2250
2023-11-12,MZ,Mozambique,AFRO,4.0,233668,0.0,2250
2023-11-19,MZ,Mozambique,AFRO,12.0,233680,0.0,2250
2023-11-26,MZ,Mozambique,AFRO,31.0,233711,0.0,2250
2023-12-03,MZ,Mozambique,AFRO,9.0,233720,0.0,2250
2023-12-10,MZ,Mozambique,AFRO,11.0,233731,0.0,2250
2023-12-17,MZ,Mozambique,AFRO,0.0,233731,0.0,2250
2023-12-24,MZ,Mozambique,AFRO,0.0,233731,0.0,2250
2023-12-31,MZ,Mozambique,AFRO,0.0,233731,0.0,2250
2024-01-07,MZ,Mozambique,AFRO,0.0,233731,0.0,2250
2024-01-14,MZ,Mozambique,AFRO,22.0,233753,1.0,2251
2024-01-21,MZ,Mozambique,AFRO,6.0,233759,0.0,2251
2024-01-28,MZ,Mozambique,AFRO,4.0,233763,1.0,2252
2024-02-04,MZ,Mozambique,AFRO,1.0,233764,0.0,2252
2024-02-11,MZ,Mozambique,AFRO,1.0,233765,0.0,2252
2024-02-18,MZ,Mozambique,AFRO,0.0,233765,0.0,2252
2024-02-25,MZ,Mozambique,AFRO,0.0,233765,0.0,2252
2024-03-03,MZ,Mozambique,AFRO,0.0,233765,0.0,2252
2024-03-10,MZ,Mozambique,AFRO,0.0,233765,0.0,2252
2024-03-17,MZ,Mozambique,AFRO,7.0,233772,0.0,2252
2024-03-24,MZ,Mozambique,AFRO,0.0,233772,0.0,2252
2024-03-31,MZ,Mozambique,AFRO,0.0,233772,0.0,2252
2024-04-07,MZ,Mozambique,AFRO,5.0,233777,0.0,2252
2024-04-14,MZ,Mozambique,AFRO,3.0,233780,0.0,2252
2024-04-21,MZ,Mozambique,AFRO,3.0,233783,0.0,2252
2024-04-28,MZ,Mozambique,AFRO,9.0,233792,0.0,2252
