Date_reported,Country_code,Country,WHO_region,New_cases,Cumulative_cases,New_deaths,Cumulative_deaths
2020-01-05,NE,Niger,AFRO,0.0,0,0.0,0
2020-01-12,NE,Niger,AFRO,0.0,0,0.0,0
2020-01-19,NE,Niger,AFRO,0.0,0,0.0,0
2020-01-26,NE,Niger,AFRO,0.0,0,0.0,0
2020-02-02,NE,Niger,AFRO,0.0,0,0.0,0
2020-02-09,NE,Niger,AFRO,0.0,0,0.0,0
2020-02-16,NE,Niger,AFRO,0.0,0,0.0,0
2020-02-23,NE,Niger,AFRO,0.0,0,0.0,0
2020-03-01,NE,Niger,AFRO,0.0,0,0.0,0
2020-03-08,NE,Niger,AFRO,0.0,0,0.0,0
2020-03-15,NE,Niger,AFRO,0.0,0,0.0,0
2020-03-22,NE,Niger,AFRO,2.0,2,0.0,0
2020-03-29,NE,Niger,AFRO,18.0,20,0.0,0
2020-04-05,NE,Niger,AFRO,124.0,144,57.0,57
2020-04-12,NE,Niger,AFRO,385.0,529,1.0,58
2020-04-19,NE,Niger,AFRO,119.0,648,0.0,58
2020-04-26,NE,Niger,AFRO,36.0,684,0.0,58
2020-05-03,NE,Niger,AFRO,52.0,736,2.0,60
2020-05-10,NE,Niger,AFRO,79.0,815,10.0,70
2020-05-17,NE,Niger,AFRO,74.0,889,5.0,75
2020-05-24,NE,Niger,AFRO,54.0,943,10.0,85
2020-05-31,NE,Niger,AFRO,13.0,956,3.0,88
2020-06-07,NE,Niger,AFRO,14.0,970,1.0,89
2020-06-14,NE,Niger,AFRO,10.0,980,1.0,90
2020-06-21,NE,Niger,AFRO,55.0,1035,1.0,91
2020-06-28,NE,Niger,AFRO,33.0,1068,0.0,91
2020-07-05,NE,Niger,AFRO,20.0,1088,1.0,92
2020-07-12,NE,Niger,AFRO,11.0,1099,0.0,92
2020-07-19,NE,Niger,AFRO,5.0,1104,1.0,93
2020-07-26,NE,Niger,AFRO,20.0,1124,0.0,93
2020-08-02,NE,Niger,AFRO,14.0,1138,0.0,93
2020-08-09,NE,Niger,AFRO,19.0,1157,0.0,93
2020-08-16,NE,Niger,AFRO,9.0,1166,0.0,93
2020-08-23,NE,Niger,AFRO,6.0,1172,0.0,93
2020-08-30,NE,Niger,AFRO,3.0,1175,0.0,93
2020-09-06,NE,Niger,AFRO,2.0,1177,0.0,93
2020-09-13,NE,Niger,AFRO,1.0,1178,0.0,93
2020-09-20,NE,Niger,AFRO,4.0,1182,0.0,93
2020-09-27,NE,Niger,AFRO,12.0,1194,0.0,93
2020-10-04,NE,Niger,AFRO,6.0,1200,0.0,93
2020-10-11,NE,Niger,AFRO,0.0,1200,0.0,93
2020-10-18,NE,Niger,AFRO,9.0,1209,0.0,93
2020-10-25,NE,Niger,AFRO,6.0,1215,0.0,93
2020-11-01,NE,Niger,AFRO,6.0,1221,0.0,93
2020-11-08,NE,Niger,AFRO,21.0,1242,0.0,93
2020-11-15,NE,Niger,AFRO,59.0,1301,1.0,94
2020-11-22,NE,Niger,AFRO,50.0,1351,0.0,94
2020-11-29,NE,Niger,AFRO,133.0,1484,0.0,94
2020-12-06,NE,Niger,AFRO,305.0,1789,7.0,101
2020-12-13,NE,Niger,AFRO,427.0,2216,0.0,101
2020-12-20,NE,Niger,AFRO,398.0,2614,0.0,101
2020-12-27,NE,Niger,AFRO,495.0,3109,0.0,101
2021-01-03,NE,Niger,AFRO,328.0,3437,9.0,110
2021-01-10,NE,Niger,AFRO,382.0,3819,18.0,128
2021-01-17,NE,Niger,AFRO,313.0,4132,12.0,140
2021-01-24,NE,Niger,AFRO,189.0,4321,13.0,153
2021-01-31,NE,Niger,AFRO,195.0,4516,8.0,161
2021-02-07,NE,Niger,AFRO,82.0,4598,4.0,165
2021-02-14,NE,Niger,AFRO,92.0,4690,4.0,169
2021-02-21,NE,Niger,AFRO,43.0,4733,1.0,170
2021-02-28,NE,Niger,AFRO,39.0,4772,5.0,175
2021-03-07,NE,Niger,AFRO,50.0,4822,2.0,177
2021-03-14,NE,Niger,AFRO,35.0,4857,4.0,181
2021-03-21,NE,Niger,AFRO,61.0,4918,4.0,185
2021-03-28,NE,Niger,AFRO,69.0,4987,0.0,185
2021-04-04,NE,Niger,AFRO,46.0,5033,3.0,188
2021-04-11,NE,Niger,AFRO,39.0,5072,0.0,188
2021-04-18,NE,Niger,AFRO,55.0,5127,2.0,190
2021-04-25,NE,Niger,AFRO,31.0,5158,1.0,191
2021-05-02,NE,Niger,AFRO,71.0,5229,0.0,191
2021-05-09,NE,Niger,AFRO,90.0,5319,1.0,192
2021-05-16,NE,Niger,AFRO,11.0,5330,0.0,192
2021-05-23,NE,Niger,AFRO,39.0,5369,0.0,192
2021-05-30,NE,Niger,AFRO,41.0,5410,0.0,192
2021-06-06,NE,Niger,AFRO,28.0,5438,0.0,192
2021-06-13,NE,Niger,AFRO,8.0,5446,0.0,192
2021-06-20,NE,Niger,AFRO,23.0,5469,1.0,193
2021-06-27,NE,Niger,AFRO,9.0,5478,0.0,193
2021-07-04,NE,Niger,AFRO,28.0,5506,1.0,194
2021-07-11,NE,Niger,AFRO,32.0,5538,0.0,194
2021-07-18,NE,Niger,AFRO,35.0,5573,0.0,194
2021-07-25,NE,Niger,AFRO,25.0,5598,1.0,195
2021-08-01,NE,Niger,AFRO,25.0,5623,0.0,195
2021-08-08,NE,Niger,AFRO,59.0,5682,1.0,196
2021-08-15,NE,Niger,AFRO,40.0,5722,0.0,196
2021-08-22,NE,Niger,AFRO,45.0,5767,0.0,196
2021-08-29,NE,Niger,AFRO,72.0,5839,2.0,198
2021-09-05,NE,Niger,AFRO,41.0,5880,1.0,199
2021-09-12,NE,Niger,AFRO,39.0,5919,0.0,199
2021-09-19,NE,Niger,AFRO,38.0,5957,2.0,201
2021-09-26,NE,Niger,AFRO,17.0,5974,0.0,201
2021-10-03,NE,Niger,AFRO,61.0,6035,2.0,203
2021-10-10,NE,Niger,AFRO,58.0,6093,1.0,204
2021-10-17,NE,Niger,AFRO,67.0,6160,0.0,204
2021-10-24,NE,Niger,AFRO,88.0,6248,3.0,207
2021-10-31,NE,Niger,AFRO,91.0,6339,5.0,212
2021-11-07,NE,Niger,AFRO,151.0,6490,8.0,220
2021-11-14,NE,Niger,AFRO,179.0,6669,11.0,231
2021-11-21,NE,Niger,AFRO,124.0,6793,7.0,238
2021-11-28,NE,Niger,AFRO,165.0,6958,16.0,254
2021-12-05,NE,Niger,AFRO,103.0,7061,7.0,261
2021-12-12,NE,Niger,AFRO,93.0,7154,7.0,268
2021-12-19,NE,Niger,AFRO,45.0,7199,4.0,272
2021-12-26,NE,Niger,AFRO,69.0,7268,2.0,274
2022-01-02,NE,Niger,AFRO,170.0,7438,2.0,276
2022-01-09,NE,Niger,AFRO,523.0,7961,4.0,280
2022-01-16,NE,Niger,AFRO,405.0,8366,8.0,288
2022-01-23,NE,Niger,AFRO,176.0,8542,7.0,295
2022-01-30,NE,Niger,AFRO,106.0,8648,3.0,298
2022-02-06,NE,Niger,AFRO,34.0,8682,4.0,302
2022-02-13,NE,Niger,AFRO,27.0,8709,1.0,303
2022-02-20,NE,Niger,AFRO,25.0,8734,0.0,303
2022-02-27,NE,Niger,AFRO,12.0,8746,3.0,306
2022-03-06,NE,Niger,AFRO,16.0,8762,1.0,307
2022-03-13,NE,Niger,AFRO,19.0,8781,1.0,308
2022-03-20,NE,Niger,AFRO,7.0,8788,0.0,308
2022-03-27,NE,Niger,AFRO,13.0,8801,0.0,308
2022-04-03,NE,Niger,AFRO,9.0,8810,0.0,308
2022-04-10,NE,Niger,AFRO,13.0,8823,0.0,308
2022-04-17,NE,Niger,AFRO,48.0,8871,0.0,308
2022-04-24,NE,Niger,AFRO,43.0,8914,1.0,309
2022-05-01,NE,Niger,AFRO,27.0,8941,0.0,309
2022-05-08,NE,Niger,AFRO,45.0,8986,0.0,309
2022-05-15,NE,Niger,AFRO,27.0,9013,1.0,310
2022-05-22,NE,Niger,AFRO,21.0,9034,0.0,310
2022-05-29,NE,Niger,AFRO,12.0,9046,0.0,310
2022-06-05,NE,Niger,AFRO,10.0,9056,0.0,310
2022-06-12,NE,Niger,AFRO,14.0,9070,0.0,310
2022-06-19,NE,Niger,AFRO,8.0,9078,0.0,310
2022-06-26,NE,Niger,AFRO,10.0,9088,1.0,311
2022-07-03,NE,Niger,AFRO,2.0,9090,0.0,311
2022-07-10,NE,Niger,AFRO,7.0,9097,0.0,311
2022-07-17,NE,Niger,AFRO,7.0,9104,0.0,311
2022-07-24,NE,Niger,AFRO,4.0,9108,0.0,311
2022-07-31,NE,Niger,AFRO,6.0,9114,0.0,311
2022-08-07,NE,Niger,AFRO,6.0,9120,0.0,311
2022-08-14,NE,Niger,AFRO,18.0,9138,0.0,311
2022-08-21,NE,Niger,AFRO,55.0,9193,1.0,312
2022-08-28,NE,Niger,AFRO,127.0,9320,0.0,312
2022-09-04,NE,Niger,AFRO,37.0,9357,0.0,312
2022-09-11,NE,Niger,AFRO,20.0,9377,0.0,312
2022-09-18,NE,Niger,AFRO,18.0,9395,1.0,313
2022-09-25,NE,Niger,AFRO,10.0,9405,0.0,313
2022-10-02,NE,Niger,AFRO,6.0,9411,0.0,313
2022-10-09,NE,Niger,AFRO,4.0,9415,1.0,314
2022-10-16,NE,Niger,AFRO,1.0,9416,0.0,314
2022-10-23,NE,Niger,AFRO,9.0,9425,0.0,314
2022-10-30,NE,Niger,AFRO,3.0,9428,0.0,314
2022-11-06,NE,Niger,AFRO,2.0,9430,0.0,314
2022-11-13,NE,Niger,AFRO,2.0,9432,0.0,314
2022-11-20,NE,Niger,AFRO,2.0,9434,0.0,314
2022-11-27,NE,Niger,AFRO,0.0,9434,0.0,314
2022-12-04,NE,Niger,AFRO,11.0,9445,0.0,314
2022-12-11,NE,Niger,AFRO,12.0,9457,0.0,314
2022-12-18,NE,Niger,AFRO,16.0,9473,0.0,314
2022-12-25,NE,Niger,AFRO,13.0,9486,0.0,314
2023-01-01,NE,Niger,AFRO,18.0,9504,1.0,315
2023-01-08,NE,Niger,AFRO,2.0,9506,0.0,315
2023-01-15,NE,Niger,AFRO,1.0,9507,0.0,315
2023-01-22,NE,Niger,AFRO,2.0,9509,0.0,315
2023-01-29,NE,Niger,AFRO,1.0,9510,0.0,315
2023-02-05,NE,Niger,AFRO,0.0,9510,0.0,315
2023-02-12,NE,Niger,AFRO,2.0,9512,0.0,315
2023-02-19,NE,Niger,AFRO,0.0,9512,0.0,315
2023-02-26,NE,Niger,AFRO,1.0,9513,0.0,315
2023-03-05,NE,Niger,AFRO,0.0,9513,0.0,315
2023-03-12,NE,Niger,AFRO,0.0,9513,0.0,315
2023-03-19,NE,Niger,AFRO,0.0,9513,0.0,315
2023-03-26,NE,Niger,AFRO,0.0,9513,0.0,315
2023-04-02,NE,Niger,AFRO,0.0,9513,0.0,315
2023-04-09,NE,Niger,AFRO,0.0,9513,0.0,315
2023-04-16,NE,Niger,AFRO,0.0,9513,0.0,315
2023-04-23,NE,Niger,AFRO,0.0,9513,0.0,315
2023-04-30,NE,Niger,AFRO,0.0,9513,0.0,315
2023-05-07,NE,Niger,AFRO,0.0,9513,0.0,315
2023-05-14,NE,Niger,AFRO,0.0,9513,0.0,315
2023-05-21,NE,Niger,AFRO,1.0,9514,0.0,315
2023-05-28,NE,Niger,AFRO,0.0,9514,0.0,315
2023-06-04,NE,Niger,AFRO,0.0,9514,0.0,315
2023-06-11,NE,Niger,AFRO,0.0,9514,0.0,315
2023-06-18,NE,Niger,AFRO,0.0,9514,0.0,315
2023-06-25,NE,Niger,AFRO,0.0,9514,0.0,315
2023-07-02,NE,Niger,AFRO,1.0,9515,0.0,315
2023-07-09,NE,Niger,AFRO,0.0,9515,0.0,315
2023-07-16,NE,Niger,AFRO,0.0,9515,0.0,315
2023-07-23,NE,Niger,AFRO,0.0,9515,0.0,315
2023-07-30,NE,Niger,AFRO,0.0,9515,0.0,315
2023-08-06,NE,Niger,AFRO,0.0,9515,0.0,315
2023-08-13,NE,Niger,AFRO,0.0,9515,0.0,315
2023-08-20,NE,Niger,AFRO,0.0,9515,0.0,315
2023-08-27,NE,Niger,AFRO,0.0,9515,0.0,315
2023-09-03,NE,Niger,AFRO,0.0,9515,0.0,315
2023-09-10,NE,Niger,AFRO,0.0,9515,0.0,315
2023-09-17,NE,Niger,AFRO,0.0,9515,0.0,315
2023-09-24,NE,Niger,AFRO,0.0,9515,0.0,315
2023-10-01,NE,Niger,AFRO,0.0,9515,0.0,315
2023-10-08,NE,Niger,AFRO,0.0,9515,0.0,315
2023-10-15,NE,Niger,AFRO,0.0,9515,0.0,315
2023-10-22,NE,Niger,AFRO,0.0,9515,0.0,315
2023-10-29,NE,Niger,AFRO,0.0,9515,0.0,315
2023-11-05,NE,Niger,AFRO,0.0,9515,0.0,315
2023-11-12,NE,Niger,AFRO,0.0,9515,0.0,315
2023-11-19,NE,Niger,AFRO,0.0,9515,0.0,315
2023-11-26,NE,Niger,AFRO,0.0,9515,0.0,315
2023-12-03,NE,Niger,AFRO,0.0,9515,0.0,315
2023-12-10,NE,Niger,AFRO,0.0,9515,0.0,315
2023-12-17,NE,Niger,AFRO,0.0,9515,0.0,315
2023-12-24,NE,Niger,AFRO,0.0,9515,0.0,315
2023-12-31,NE,Niger,AFRO,0.0,9515,0.0,315
2024-01-07,NE,Niger,AFRO,0.0,9515,0.0,315
2024-01-14,NE,Niger,AFRO,0.0,9515,0.0,315
2024-01-21,NE,Niger,AFRO,0.0,9515,0.0,315
2024-01-28,NE,Niger,AFRO,0.0,9515,0.0,315
2024-02-04,NE,Niger,AFRO,0.0,9515,0.0,315
2024-02-11,NE,Niger,AFRO,0.0,9515,0.0,315
2024-02-18,NE,Niger,AFRO,0.0,9515,0.0,315
2024-02-25,NE,Niger,AFRO,0.0,9515,0.0,315
2024-03-03,NE,Niger,AFRO,0.0,9515,0.0,315
2024-03-10,NE,Niger,AFRO,0.0,9515,0.0,315
2024-03-17,NE,Niger,AFRO,0.0,9515,0.0,315
2024-03-24,NE,Niger,AFRO,0.0,9515,0.0,315
2024-03-31,NE,Niger,AFRO,0.0,9515,0.0,315
2024-04-07,NE,Niger,AFRO,0.0,9515,0.0,315
2024-04-14,NE,Niger,AFRO,0.0,9515,0.0,315
2024-04-21,NE,Niger,AFRO,0.0,9515,0.0,315
2024-04-28,NE,Niger,AFRO,0.0,9515,0.0,315
