Date_reported,Country_code,Country,WHO_region,New_cases,Cumulative_cases,New_deaths,Cumulative_deaths
2020-01-05,NI,Nicaragua,AMRO,0.0,0,0.0,0
2020-01-12,NI,Nicaragua,AMRO,0.0,0,0.0,0
2020-01-19,NI,Nicaragua,AMRO,0.0,0,0.0,0
2020-01-26,NI,Nicaragua,AMRO,0.0,0,0.0,0
2020-02-02,NI,Nicaragua,AMRO,0.0,0,0.0,0
2020-02-09,NI,Nicaragua,AMRO,0.0,0,0.0,0
2020-02-16,NI,Nicaragua,AMRO,0.0,0,0.0,0
2020-02-23,NI,Nicaragua,AMRO,0.0,0,0.0,0
2020-03-01,NI,Nicaragua,AMRO,0.0,0,0.0,0
2020-03-08,NI,Nicaragua,AMRO,0.0,0,0.0,0
2020-03-15,NI,Nicaragua,AMRO,0.0,0,0.0,0
2020-03-22,NI,Nicaragua,AMRO,2.0,2,0.0,0
2020-03-29,NI,Nicaragua,AMRO,0.0,2,1.0,1
2020-04-05,NI,Nicaragua,AMRO,3.0,5,0.0,1
2020-04-12,NI,Nicaragua,AMRO,2.0,7,0.0,1
2020-04-19,NI,Nicaragua,AMRO,2.0,9,0.0,1
2020-04-26,NI,Nicaragua,AMRO,2.0,11,2.0,3
2020-05-03,NI,Nicaragua,AMRO,3.0,14,1.0,4
2020-05-10,NI,Nicaragua,AMRO,2.0,16,1.0,5
2020-05-17,NI,Nicaragua,AMRO,9.0,25,3.0,8
2020-05-24,NI,Nicaragua,AMRO,254.0,279,9.0,17
2020-05-31,NI,Nicaragua,AMRO,606.0,885,18.0,35
2020-06-07,NI,Nicaragua,AMRO,424.0,1309,11.0,46
2020-06-14,NI,Nicaragua,AMRO,346.0,1655,9.0,55
2020-06-21,NI,Nicaragua,AMRO,359.0,2014,9.0,64
2020-06-28,NI,Nicaragua,AMRO,0.0,2014,10.0,74
2020-07-05,NI,Nicaragua,AMRO,168.0,2182,9.0,83
2020-07-12,NI,Nicaragua,AMRO,229.0,2411,8.0,91
2020-07-19,NI,Nicaragua,AMRO,301.0,2712,8.0,99
2020-07-26,NI,Nicaragua,AMRO,292.0,3004,9.0,108
2020-08-02,NI,Nicaragua,AMRO,76.0,3080,8.0,116
2020-08-09,NI,Nicaragua,AMRO,186.0,3266,7.0,123
2020-08-16,NI,Nicaragua,AMRO,147.0,3413,5.0,128
2020-08-23,NI,Nicaragua,AMRO,127.0,3540,5.0,133
2020-08-30,NI,Nicaragua,AMRO,119.0,3659,4.0,137
2020-09-06,NI,Nicaragua,AMRO,114.0,3773,4.0,141
2020-09-13,NI,Nicaragua,AMRO,104.0,3877,3.0,144
2020-09-20,NI,Nicaragua,AMRO,102.0,3979,3.0,147
2020-09-27,NI,Nicaragua,AMRO,86.0,4065,2.0,149
2020-10-04,NI,Nicaragua,AMRO,81.0,4146,2.0,151
2020-10-11,NI,Nicaragua,AMRO,79.0,4225,2.0,153
2020-10-18,NI,Nicaragua,AMRO,72.0,4297,1.0,154
2020-10-25,NI,Nicaragua,AMRO,65.0,4362,1.0,155
2020-11-01,NI,Nicaragua,AMRO,62.0,4424,1.0,156
2020-11-08,NI,Nicaragua,AMRO,56.0,4480,1.0,157
2020-11-15,NI,Nicaragua,AMRO,53.0,4533,1.0,158
2020-11-22,NI,Nicaragua,AMRO,50.0,4583,1.0,159
2020-11-29,NI,Nicaragua,AMRO,46.0,4629,1.0,160
2020-12-06,NI,Nicaragua,AMRO,42.0,4671,1.0,161
2020-12-13,NI,Nicaragua,AMRO,38.0,4709,1.0,162
2020-12-20,NI,Nicaragua,AMRO,39.0,4748,1.0,163
2020-12-27,NI,Nicaragua,AMRO,42.0,4790,1.0,164
2021-01-03,NI,Nicaragua,AMRO,39.0,4829,1.0,165
2021-01-10,NI,Nicaragua,AMRO,38.0,4867,1.0,166
2021-01-17,NI,Nicaragua,AMRO,49.0,4916,1.0,167
2021-01-24,NI,Nicaragua,AMRO,37.0,4953,1.0,168
2021-01-31,NI,Nicaragua,AMRO,39.0,4992,1.0,169
2021-02-07,NI,Nicaragua,AMRO,35.0,5027,1.0,170
2021-02-14,NI,Nicaragua,AMRO,37.0,5064,1.0,171
2021-02-21,NI,Nicaragua,AMRO,42.0,5106,1.0,172
2021-02-28,NI,Nicaragua,AMRO,36.0,5142,1.0,173
2021-03-07,NI,Nicaragua,AMRO,34.0,5176,1.0,174
2021-03-14,NI,Nicaragua,AMRO,40.0,5216,1.0,175
2021-03-21,NI,Nicaragua,AMRO,35.0,5251,1.0,176
2021-03-28,NI,Nicaragua,AMRO,37.0,5288,1.0,177
2021-04-04,NI,Nicaragua,AMRO,38.0,5326,1.0,178
2021-04-11,NI,Nicaragua,AMRO,40.0,5366,1.0,179
2021-04-18,NI,Nicaragua,AMRO,41.0,5407,1.0,180
2021-04-25,NI,Nicaragua,AMRO,43.0,5450,1.0,181
2021-05-02,NI,Nicaragua,AMRO,48.0,5498,1.0,182
2021-05-09,NI,Nicaragua,AMRO,77.0,5575,1.0,183
2021-05-16,NI,Nicaragua,AMRO,74.0,5649,1.0,184
2021-05-23,NI,Nicaragua,AMRO,82.0,5731,1.0,185
2021-05-30,NI,Nicaragua,AMRO,102.0,5833,1.0,186
2021-06-06,NI,Nicaragua,AMRO,116.0,5949,1.0,187
2021-06-13,NI,Nicaragua,AMRO,136.0,6085,1.0,188
2021-06-20,NI,Nicaragua,AMRO,158.0,6243,1.0,189
2021-06-27,NI,Nicaragua,AMRO,159.0,6402,1.0,190
2021-07-04,NI,Nicaragua,AMRO,202.0,6604,1.0,191
2021-07-11,NI,Nicaragua,AMRO,215.0,6819,1.0,192
2021-07-18,NI,Nicaragua,AMRO,225.0,7044,1.0,193
2021-07-25,NI,Nicaragua,AMRO,269.0,7313,1.0,194
2021-08-01,NI,Nicaragua,AMRO,279.0,7592,1.0,195
2021-08-08,NI,Nicaragua,AMRO,298.0,7890,1.0,196
2021-08-15,NI,Nicaragua,AMRO,303.0,8193,1.0,197
2021-08-22,NI,Nicaragua,AMRO,303.0,8496,1.0,198
2021-08-29,NI,Nicaragua,AMRO,371.0,8867,1.0,199
2021-09-05,NI,Nicaragua,AMRO,416.0,9283,1.0,200
2021-09-12,NI,Nicaragua,AMRO,449.0,9732,1.0,201
2021-09-19,NI,Nicaragua,AMRO,513.0,10245,1.0,202
2021-09-26,NI,Nicaragua,AMRO,512.0,10757,1.0,203
2021-10-03,NI,Nicaragua,AMRO,516.0,11273,1.0,204
2021-10-10,NI,Nicaragua,AMRO,466.0,11739,1.0,205
2021-10-17,NI,Nicaragua,AMRO,430.0,12169,1.0,206
2021-10-24,NI,Nicaragua,AMRO,380.0,12549,1.0,207
2021-10-31,NI,Nicaragua,AMRO,317.0,12866,1.0,208
2021-11-07,NI,Nicaragua,AMRO,181.0,13047,1.0,209
2021-11-14,NI,Nicaragua,AMRO,103.0,13150,1.0,210
2021-11-21,NI,Nicaragua,AMRO,92.0,13242,1.0,211
2021-11-28,NI,Nicaragua,AMRO,88.0,13330,1.0,212
2021-12-05,NI,Nicaragua,AMRO,67.0,13397,1.0,213
2021-12-12,NI,Nicaragua,AMRO,52.0,13449,1.0,214
2021-12-19,NI,Nicaragua,AMRO,44.0,13493,1.0,215
2021-12-26,NI,Nicaragua,AMRO,38.0,13531,1.0,216
2022-01-02,NI,Nicaragua,AMRO,32.0,13563,1.0,217
2022-01-09,NI,Nicaragua,AMRO,26.0,13589,1.0,218
2022-01-16,NI,Nicaragua,AMRO,0.0,13589,0.0,218
2022-01-23,NI,Nicaragua,AMRO,57.0,13646,1.0,219
2022-01-30,NI,Nicaragua,AMRO,35.0,13681,1.0,220
2022-02-06,NI,Nicaragua,AMRO,46.0,13727,1.0,221
2022-02-13,NI,Nicaragua,AMRO,65.0,13792,1.0,222
2022-02-20,NI,Nicaragua,AMRO,85.0,13877,1.0,223
2022-02-27,NI,Nicaragua,AMRO,81.0,13958,1.0,224
2022-03-06,NI,Nicaragua,AMRO,77.0,14035,1.0,225
2022-03-13,NI,Nicaragua,AMRO,73.0,14108,1.0,226
2022-03-20,NI,Nicaragua,AMRO,62.0,14170,2.0,228
2022-03-27,NI,Nicaragua,AMRO,52.0,14222,1.0,229
2022-04-03,NI,Nicaragua,AMRO,47.0,14269,1.0,230
2022-04-10,NI,Nicaragua,AMRO,37.0,14306,1.0,231
2022-04-17,NI,Nicaragua,AMRO,33.0,14339,1.0,232
2022-04-24,NI,Nicaragua,AMRO,32.0,14371,1.0,233
2022-05-01,NI,Nicaragua,AMRO,24.0,14395,1.0,234
2022-05-08,NI,Nicaragua,AMRO,27.0,14422,1.0,235
2022-05-15,NI,Nicaragua,AMRO,25.0,14447,1.0,236
2022-05-22,NI,Nicaragua,AMRO,26.0,14473,1.0,237
2022-05-29,NI,Nicaragua,AMRO,35.0,14508,1.0,238
2022-06-05,NI,Nicaragua,AMRO,30.0,14538,1.0,239
2022-06-12,NI,Nicaragua,AMRO,39.0,14577,1.0,240
2022-06-19,NI,Nicaragua,AMRO,42.0,14619,1.0,241
2022-06-26,NI,Nicaragua,AMRO,0.0,14619,0.0,241
2022-07-03,NI,Nicaragua,AMRO,71.0,14690,1.0,242
2022-07-10,NI,Nicaragua,AMRO,31.0,14721,1.0,243
2022-07-17,NI,Nicaragua,AMRO,30.0,14751,1.0,244
2022-07-24,NI,Nicaragua,AMRO,26.0,14777,0.0,244
2022-07-31,NI,Nicaragua,AMRO,30.0,14807,0.0,244
2022-08-07,NI,Nicaragua,AMRO,0.0,14807,0.0,244
2022-08-14,NI,Nicaragua,AMRO,65.0,14872,0.0,244
2022-08-21,NI,Nicaragua,AMRO,27.0,14899,0.0,244
2022-08-28,NI,Nicaragua,AMRO,32.0,14931,0.0,244
2022-09-04,NI,Nicaragua,AMRO,0.0,14931,0.0,244
2022-09-11,NI,Nicaragua,AMRO,59.0,14990,0.0,244
2022-09-18,NI,Nicaragua,AMRO,0.0,14990,0.0,244
2022-09-25,NI,Nicaragua,AMRO,55.0,15045,1.0,245
2022-10-02,NI,Nicaragua,AMRO,25.0,15070,0.0,245
2022-10-09,NI,Nicaragua,AMRO,22.0,15092,0.0,245
2022-10-16,NI,Nicaragua,AMRO,28.0,15120,0.0,245
2022-10-23,NI,Nicaragua,AMRO,25.0,15145,0.0,245
2022-10-30,NI,Nicaragua,AMRO,21.0,15166,0.0,245
2022-11-06,NI,Nicaragua,AMRO,20.0,15186,0.0,245
2022-11-13,NI,Nicaragua,AMRO,17.0,15203,0.0,245
2022-11-20,NI,Nicaragua,AMRO,16.0,15219,0.0,245
2022-11-27,NI,Nicaragua,AMRO,13.0,15232,0.0,245
2022-12-04,NI,Nicaragua,AMRO,18.0,15250,0.0,245
2022-12-11,NI,Nicaragua,AMRO,13.0,15263,0.0,245
2022-12-18,NI,Nicaragua,AMRO,45.0,15308,0.0,245
2022-12-25,NI,Nicaragua,AMRO,57.0,15365,0.0,245
2023-01-01,NI,Nicaragua,AMRO,0.0,15365,0.0,245
2023-01-08,NI,Nicaragua,AMRO,101.0,15466,0.0,245
2023-01-15,NI,Nicaragua,AMRO,41.0,15507,0.0,245
2023-01-22,NI,Nicaragua,AMRO,34.0,15541,0.0,245
2023-01-29,NI,Nicaragua,AMRO,28.0,15569,0.0,245
2023-02-05,NI,Nicaragua,AMRO,23.0,15592,0.0,245
2023-02-12,NI,Nicaragua,AMRO,20.0,15612,0.0,245
2023-02-19,NI,Nicaragua,AMRO,15.0,15627,0.0,245
2023-02-26,NI,Nicaragua,AMRO,11.0,15638,0.0,245
2023-03-05,NI,Nicaragua,AMRO,17.0,15655,0.0,245
2023-03-12,NI,Nicaragua,AMRO,2.0,15657,0.0,245
2023-03-19,NI,Nicaragua,AMRO,15.0,15672,0.0,245
2023-03-26,NI,Nicaragua,AMRO,3.0,15675,0.0,245
2023-04-02,NI,Nicaragua,AMRO,7.0,15682,0.0,245
2023-04-09,NI,Nicaragua,AMRO,0.0,15682,0.0,245
2023-04-16,NI,Nicaragua,AMRO,6.0,15688,0.0,245
2023-04-23,NI,Nicaragua,AMRO,3.0,15691,0.0,245
2023-04-30,NI,Nicaragua,AMRO,6.0,15697,0.0,245
2023-05-07,NI,Nicaragua,AMRO,7.0,15704,0.0,245
2023-05-14,NI,Nicaragua,AMRO,9.0,15713,0.0,245
2023-05-21,NI,Nicaragua,AMRO,9.0,15722,0.0,245
2023-05-28,NI,Nicaragua,AMRO,10.0,15732,0.0,245
2023-06-04,NI,Nicaragua,AMRO,13.0,15745,0.0,245
2023-06-11,NI,Nicaragua,AMRO,22.0,15767,0.0,245
2023-06-18,NI,Nicaragua,AMRO,47.0,15814,0.0,245
2023-06-25,NI,Nicaragua,AMRO,59.0,15873,0.0,245
2023-07-02,NI,Nicaragua,AMRO,40.0,15913,0.0,245
2023-07-09,NI,Nicaragua,AMRO,31.0,15944,0.0,245
2023-07-16,NI,Nicaragua,AMRO,24.0,15968,0.0,245
2023-07-23,NI,Nicaragua,AMRO,9.0,15977,0.0,245
2023-07-30,NI,Nicaragua,AMRO,12.0,15989,0.0,245
2023-08-06,NI,Nicaragua,AMRO,8.0,15997,0.0,245
2023-08-13,NI,Nicaragua,AMRO,11.0,16008,0.0,245
2023-08-20,NI,Nicaragua,AMRO,12.0,16020,0.0,245
2023-08-27,NI,Nicaragua,AMRO,6.0,16026,0.0,245
2023-09-03,NI,Nicaragua,AMRO,5.0,16031,0.0,245
2023-09-10,NI,Nicaragua,AMRO,8.0,16039,0.0,245
2023-09-17,NI,Nicaragua,AMRO,12.0,16051,0.0,245
2023-09-24,NI,Nicaragua,AMRO,5.0,16056,0.0,245
2023-10-01,NI,Nicaragua,AMRO,4.0,16060,0.0,245
2023-10-08,NI,Nicaragua,AMRO,3.0,16063,0.0,245
2023-10-15,NI,Nicaragua,AMRO,3.0,16066,0.0,245
2023-10-22,NI,Nicaragua,AMRO,5.0,16071,0.0,245
2023-10-29,NI,Nicaragua,AMRO,3.0,16074,0.0,245
2023-11-05,NI,Nicaragua,AMRO,1.0,16075,0.0,245
2023-11-12,NI,Nicaragua,AMRO,4.0,16079,0.0,245
2023-11-19,NI,Nicaragua,AMRO,3.0,16082,0.0,245
2023-11-26,NI,Nicaragua,AMRO,4.0,16086,0.0,245
2023-12-03,NI,Nicaragua,AMRO,7.0,16093,0.0,245
2023-12-10,NI,Nicaragua,AMRO,4.0,16097,0.0,245
2023-12-17,NI,Nicaragua,AMRO,9.0,16106,0.0,245
2023-12-24,NI,Nicaragua,AMRO,5.0,16111,0.0,245
2023-12-31,NI,Nicaragua,AMRO,4.0,16115,0.0,245
2024-01-07,NI,Nicaragua,AMRO,3.0,16118,0.0,245
2024-01-14,NI,Nicaragua,AMRO,3.0,16121,0.0,245
2024-01-21,NI,Nicaragua,AMRO,2.0,16123,0.0,245
2024-01-28,NI,Nicaragua,AMRO,2.0,16125,0.0,245
2024-02-04,NI,Nicaragua,AMRO,5.0,16130,0.0,245
2024-02-11,NI,Nicaragua,AMRO,1.0,16131,0.0,245
2024-02-18,NI,Nicaragua,AMRO,0.0,16131,0.0,245
2024-02-25,NI,Nicaragua,AMRO,1.0,16132,0.0,245
2024-03-03,NI,Nicaragua,AMRO,1.0,16133,0.0,245
2024-03-10,NI,Nicaragua,AMRO,1.0,16134,0.0,245
2024-03-17,NI,Nicaragua,AMRO,1.0,16135,0.0,245
2024-03-24,NI,Nicaragua,AMRO,1.0,16136,0.0,245
2024-03-31,NI,Nicaragua,AMRO,1.0,16137,0.0,245
2024-04-07,NI,Nicaragua,AMRO,1.0,16138,0.0,245
2024-04-14,NI,Nicaragua,AMRO,2.0,16140,0.0,245
2024-04-21,NI,Nicaragua,AMRO,1.0,16141,0.0,245
2024-04-28,NI,Nicaragua,AMRO,1.0,16142,0.0,245
