Date_reported,Country_code,Country,WHO_region,New_cases,Cumulative_cases,New_deaths,Cumulative_deaths
2020-01-05,NO,Norway,EURO,0.0,0,0.0,0
2020-01-12,NO,Norway,EURO,0.0,0,0.0,0
2020-01-19,NO,Norway,EURO,0.0,0,0.0,0
2020-01-26,NO,Norway,EURO,0.0,0,0.0,0
2020-02-02,NO,Norway,EURO,0.0,0,0.0,0
2020-02-09,NO,Norway,EURO,0.0,0,0.0,0
2020-02-16,NO,Norway,EURO,0.0,0,0.0,0
2020-02-23,NO,Norway,EURO,1.0,1,0.0,0
2020-03-01,NO,Norway,EURO,20.0,21,0.0,0
2020-03-08,NO,Norway,EURO,162.0,183,0.0,0
2020-03-15,NO,Norway,EURO,1181.0,1364,1.0,1
2020-03-22,NO,Norway,EURO,1390.0,2754,6.0,7
2020-03-29,NO,Norway,EURO,1775.0,4529,13.0,20
2020-04-05,NO,Norway,EURO,1226.0,5755,30.0,50
2020-04-12,NO,Norway,EURO,758.0,6513,48.0,98
2020-04-19,NO,Norway,EURO,616.0,7129,50.0,148
2020-04-26,NO,Norway,EURO,422.0,7551,45.0,193
2020-05-03,NO,Norway,EURO,302.0,7853,11.0,204
2020-05-10,NO,Norway,EURO,254.0,8107,9.0,213
2020-05-17,NO,Norway,EURO,135.0,8242,19.0,232
2020-05-24,NO,Norway,EURO,106.0,8348,3.0,235
2020-05-31,NO,Norway,EURO,86.0,8434,1.0,236
2020-06-07,NO,Norway,EURO,111.0,8545,2.0,238
2020-06-14,NO,Norway,EURO,86.0,8631,4.0,242
2020-06-21,NO,Norway,EURO,112.0,8743,2.0,244
2020-06-28,NO,Norway,EURO,115.0,8858,5.0,249
2020-07-05,NO,Norway,EURO,67.0,8925,2.0,251
2020-07-12,NO,Norway,EURO,61.0,8986,1.0,252
2020-07-19,NO,Norway,EURO,55.0,9041,3.0,255
2020-07-26,NO,Norway,EURO,88.0,9129,0.0,255
2020-08-02,NO,Norway,EURO,195.0,9324,0.0,255
2020-08-09,NO,Norway,EURO,351.0,9675,1.0,256
2020-08-16,NO,Norway,EURO,377.0,10052,5.0,261
2020-08-23,NO,Norway,EURO,368.0,10420,3.0,264
2020-08-30,NO,Norway,EURO,346.0,10766,0.0,264
2020-09-06,NO,Norway,EURO,731.0,11497,0.0,264
2020-09-13,NO,Norway,EURO,747.0,12244,1.0,265
2020-09-20,NO,Norway,EURO,721.0,12965,2.0,267
2020-09-27,NO,Norway,EURO,810.0,13775,3.0,270
2020-10-04,NO,Norway,EURO,783.0,14558,5.0,275
2020-10-11,NO,Norway,EURO,1069.0,15627,0.0,275
2020-10-18,NO,Norway,EURO,929.0,16556,3.0,278
2020-10-25,NO,Norway,EURO,1600.0,18156,1.0,279
2020-11-01,NO,Norway,EURO,3028.0,21184,3.0,282
2020-11-08,NO,Norway,EURO,3983.0,25167,3.0,285
2020-11-15,NO,Norway,EURO,4070.0,29237,9.0,294
2020-11-22,NO,Norway,EURO,3785.0,33022,12.0,306
2020-11-29,NO,Norway,EURO,2977.0,35999,22.0,328
2020-12-06,NO,Norway,EURO,2492.0,38491,26.0,354
2020-12-13,NO,Norway,EURO,2701.0,41192,33.0,387
2020-12-20,NO,Norway,EURO,2934.0,44126,17.0,404
2020-12-27,NO,Norway,EURO,3118.0,47244,17.0,421
2021-01-03,NO,Norway,EURO,3847.0,51091,15.0,436
2021-01-10,NO,Norway,EURO,4694.0,55785,42.0,478
2021-01-17,NO,Norway,EURO,3218.0,59003,39.0,517
2021-01-24,NO,Norway,EURO,2259.0,61262,27.0,544
2021-01-31,NO,Norway,EURO,1951.0,63213,19.0,563
2021-02-07,NO,Norway,EURO,1860.0,65073,19.0,582
2021-02-14,NO,Norway,EURO,1742.0,66815,10.0,592
2021-02-21,NO,Norway,EURO,1973.0,68788,15.0,607
2021-02-28,NO,Norway,EURO,2940.0,71728,15.0,622
2021-03-07,NO,Norway,EURO,4010.0,75738,10.0,632
2021-03-14,NO,Norway,EURO,5539.0,81277,7.0,639
2021-03-21,NO,Norway,EURO,6625.0,87902,9.0,648
2021-03-28,NO,Norway,EURO,6092.0,93994,8.0,656
2021-04-04,NO,Norway,EURO,4933.0,98927,17.0,673
2021-04-11,NO,Norway,EURO,5082.0,104009,11.0,684
2021-04-18,NO,Norway,EURO,3789.0,107798,24.0,708
2021-04-25,NO,Norway,EURO,3251.0,111049,28.0,736
2021-05-02,NO,Norway,EURO,2825.0,113874,20.0,756
2021-05-09,NO,Norway,EURO,3064.0,116938,11.0,767
2021-05-16,NO,Norway,EURO,2636.0,119574,7.0,774
2021-05-23,NO,Norway,EURO,3169.0,122743,7.0,781
2021-05-30,NO,Norway,EURO,2442.0,125185,2.0,783
2021-06-06,NO,Norway,EURO,1898.0,127083,1.0,784
2021-06-13,NO,Norway,EURO,1260.0,128343,5.0,789
2021-06-20,NO,Norway,EURO,1250.0,129593,1.0,790
2021-06-27,NO,Norway,EURO,1280.0,130873,2.0,792
2021-07-04,NO,Norway,EURO,1288.0,132161,3.0,795
2021-07-11,NO,Norway,EURO,1200.0,133361,3.0,798
2021-07-18,NO,Norway,EURO,1141.0,134502,2.0,800
2021-07-25,NO,Norway,EURO,1448.0,135950,3.0,803
2021-08-01,NO,Norway,EURO,2236.0,138186,10.0,813
2021-08-08,NO,Norway,EURO,2912.0,141098,10.0,823
2021-08-15,NO,Norway,EURO,3706.0,144804,5.0,828
2021-08-22,NO,Norway,EURO,4330.0,149134,4.0,832
2021-08-29,NO,Norway,EURO,8312.0,157446,10.0,842
2021-09-05,NO,Norway,EURO,10109.0,167555,11.0,853
2021-09-12,NO,Norway,EURO,8732.0,176287,21.0,874
2021-09-19,NO,Norway,EURO,6028.0,182315,11.0,885
2021-09-26,NO,Norway,EURO,4710.0,187025,12.0,897
2021-10-03,NO,Norway,EURO,3614.0,190639,7.0,904
2021-10-10,NO,Norway,EURO,3024.0,193663,8.0,912
2021-10-17,NO,Norway,EURO,2817.0,196480,6.0,918
2021-10-24,NO,Norway,EURO,4160.0,200640,11.0,929
2021-10-31,NO,Norway,EURO,6821.0,207461,20.0,949
2021-11-07,NO,Norway,EURO,9569.0,217030,39.0,988
2021-11-14,NO,Norway,EURO,11720.0,228750,47.0,1035
2021-11-21,NO,Norway,EURO,14431.0,243181,53.0,1088
2021-11-28,NO,Norway,EURO,17970.0,261151,56.0,1144
2021-12-05,NO,Norway,EURO,25554.0,286705,53.0,1197
2021-12-12,NO,Norway,EURO,33849.0,320554,74.0,1271
2021-12-19,NO,Norway,EURO,31740.0,352294,43.0,1314
2021-12-26,NO,Norway,EURO,22996.0,375290,21.0,1335
2022-01-02,NO,Norway,EURO,25064.0,400354,59.0,1394
2022-01-09,NO,Norway,EURO,45479.0,445833,49.0,1443
2022-01-16,NO,Norway,EURO,69632.0,515465,31.0,1474
2022-01-23,NO,Norway,EURO,115307.0,630772,29.0,1503
2022-01-30,NO,Norway,EURO,136796.0,767568,29.0,1532
2022-02-06,NO,Norway,EURO,129168.0,896736,33.0,1565
2022-02-13,NO,Norway,EURO,141784.0,1038520,54.0,1619
2022-02-20,NO,Norway,EURO,101190.0,1139710,61.0,1680
2022-02-27,NO,Norway,EURO,102327.0,1242037,86.0,1766
2022-03-06,NO,Norway,EURO,68214.0,1310251,114.0,1880
2022-03-13,NO,Norway,EURO,43203.0,1353454,156.0,2036
2022-03-20,NO,Norway,EURO,27649.0,1381103,189.0,2225
2022-03-27,NO,Norway,EURO,18009.0,1399112,203.0,2428
2022-04-03,NO,Norway,EURO,10821.0,1409933,172.0,2600
2022-04-10,NO,Norway,EURO,7074.0,1417007,130.0,2730
2022-04-17,NO,Norway,EURO,3757.0,1420764,125.0,2855
2022-04-24,NO,Norway,EURO,3862.0,1424626,81.0,2936
2022-05-01,NO,Norway,EURO,2306.0,1426932,64.0,3000
2022-05-08,NO,Norway,EURO,1880.0,1428812,72.0,3072
2022-05-15,NO,Norway,EURO,1799.0,1430611,46.0,3118
2022-05-22,NO,Norway,EURO,1545.0,1432156,26.0,3144
2022-05-29,NO,Norway,EURO,1579.0,1433735,38.0,3182
2022-06-05,NO,Norway,EURO,1875.0,1435610,36.0,3218
2022-06-12,NO,Norway,EURO,2060.0,1437670,39.0,3257
2022-06-19,NO,Norway,EURO,3023.0,1440693,33.0,3290
2022-06-26,NO,Norway,EURO,4554.0,1445247,40.0,3330
2022-07-03,NO,Norway,EURO,3907.0,1449154,68.0,3398
2022-07-10,NO,Norway,EURO,2378.0,1451532,72.0,3470
2022-07-17,NO,Norway,EURO,1990.0,1453522,96.0,3566
2022-07-24,NO,Norway,EURO,1644.0,1455166,103.0,3669
2022-07-31,NO,Norway,EURO,1325.0,1456491,91.0,3760
2022-08-07,NO,Norway,EURO,1149.0,1457640,75.0,3835
2022-08-14,NO,Norway,EURO,1121.0,1458761,66.0,3901
2022-08-21,NO,Norway,EURO,865.0,1459626,57.0,3958
2022-08-28,NO,Norway,EURO,743.0,1460369,56.0,4014
2022-09-04,NO,Norway,EURO,672.0,1461041,33.0,4047
2022-09-11,NO,Norway,EURO,547.0,1461588,25.0,4072
2022-09-18,NO,Norway,EURO,511.0,1462099,40.0,4112
2022-09-25,NO,Norway,EURO,457.0,1462556,24.0,4136
2022-10-02,NO,Norway,EURO,500.0,1463056,28.0,4164
2022-10-09,NO,Norway,EURO,504.0,1463560,24.0,4188
2022-10-16,NO,Norway,EURO,500.0,1464060,31.0,4219
2022-10-23,NO,Norway,EURO,534.0,1464594,29.0,4248
2022-10-30,NO,Norway,EURO,785.0,1465379,25.0,4273
2022-11-06,NO,Norway,EURO,891.0,1466270,23.0,4296
2022-11-13,NO,Norway,EURO,912.0,1467182,52.0,4348
2022-11-20,NO,Norway,EURO,917.0,1468099,46.0,4394
2022-11-27,NO,Norway,EURO,1007.0,1469106,50.0,4444
2022-12-04,NO,Norway,EURO,1082.0,1470188,56.0,4500
2022-12-11,NO,Norway,EURO,1295.0,1471483,70.0,4570
2022-12-18,NO,Norway,EURO,1477.0,1472960,80.0,4650
2022-12-25,NO,Norway,EURO,1564.0,1474524,95.0,4745
2023-01-01,NO,Norway,EURO,1261.0,1475785,91.0,4836
2023-01-08,NO,Norway,EURO,1068.0,1476853,97.0,4933
2023-01-15,NO,Norway,EURO,660.0,1477513,111.0,5044
2023-01-22,NO,Norway,EURO,428.0,1477941,71.0,5115
2023-01-29,NO,Norway,EURO,343.0,1478284,47.0,5162
2023-02-05,NO,Norway,EURO,300.0,1478584,27.0,5189
2023-02-12,NO,Norway,EURO,288.0,1478872,14.0,5203
2023-02-19,NO,Norway,EURO,296.0,1479168,17.0,5220
2023-02-26,NO,Norway,EURO,286.0,1479454,18.0,5238
2023-03-05,NO,Norway,EURO,348.0,1479802,10.0,5248
2023-03-12,NO,Norway,EURO,358.0,1480160,17.0,5265
2023-03-19,NO,Norway,EURO,439.0,1480599,19.0,5284
2023-03-26,NO,Norway,EURO,531.0,1481130,21.0,5305
2023-04-02,NO,Norway,EURO,643.0,1481773,18.0,5323
2023-04-09,NO,Norway,EURO,504.0,1482277,25.0,5348
2023-04-16,NO,Norway,EURO,557.0,1482834,31.0,5379
2023-04-23,NO,Norway,EURO,477.0,1483311,28.0,5407
2023-04-30,NO,Norway,EURO,423.0,1483734,39.0,5446
2023-05-07,NO,Norway,EURO,398.0,1484132,32.0,5478
2023-05-14,NO,Norway,EURO,339.0,1484471,21.0,5499
2023-05-21,NO,Norway,EURO,255.0,1484726,16.0,5515
2023-05-28,NO,Norway,EURO,240.0,1484966,17.0,5532
2023-06-04,NO,Norway,EURO,173.0,1485139,13.0,5545
2023-06-11,NO,Norway,EURO,196.0,1485335,14.0,5559
2023-06-18,NO,Norway,EURO,159.0,1485494,7.0,5566
2023-06-25,NO,Norway,EURO,21.0,1485515,0.0,5566
2023-07-02,NO,Norway,EURO,184.0,1485699,6.0,5572
2023-07-09,NO,Norway,EURO,184.0,1485883,20.0,5592
2023-07-16,NO,Norway,EURO,92.0,1485975,8.0,5600
2023-07-23,NO,Norway,EURO,73.0,1486048,6.0,5606
2023-07-30,NO,Norway,EURO,119.0,1486167,5.0,5611
2023-08-06,NO,Norway,EURO,134.0,1486301,2.0,5613
2023-08-13,NO,Norway,EURO,182.0,1486483,7.0,5620
2023-08-20,NO,Norway,EURO,212.0,1486695,1.0,5621
2023-08-27,NO,Norway,EURO,263.0,1486958,5.0,5626
2023-09-03,NO,Norway,EURO,428.0,1487386,5.0,5631
2023-09-10,NO,Norway,EURO,459.0,1487845,10.0,5641
2023-09-17,NO,Norway,EURO,409.0,1488254,12.0,5653
2023-09-24,NO,Norway,EURO,438.0,1488692,19.0,5672
2023-10-01,NO,Norway,EURO,384.0,1489076,33.0,5705
2023-10-08,NO,Norway,EURO,383.0,1489459,27.0,5732
2023-10-15,NO,Norway,EURO,0.0,1489459,0.0,5732
2023-10-22,NO,Norway,EURO,0.0,1489459,0.0,5732
2023-10-29,NO,Norway,EURO,0.0,1489459,0.0,5732
2023-11-05,NO,Norway,EURO,1181.0,1490640,0.0,5732
2023-11-12,NO,Norway,EURO,1422.0,1492062,0.0,5732
2023-11-19,NO,Norway,EURO,1612.0,1493674,0.0,5732
2023-11-26,NO,Norway,EURO,1807.0,1495481,0.0,5732
2023-12-03,NO,Norway,EURO,1855.0,1497336,0.0,5732
2023-12-10,NO,Norway,EURO,1958.0,1499294,0.0,5732
2023-12-17,NO,Norway,EURO,2047.0,1501341,0.0,5732
2023-12-24,NO,Norway,EURO,1578.0,1502919,0.0,5732
2023-12-31,NO,Norway,EURO,1012.0,1503931,0.0,5732
2024-01-07,NO,Norway,EURO,903.0,1504834,0.0,5732
2024-01-14,NO,Norway,EURO,617.0,1505451,0.0,5732
2024-01-21,NO,Norway,EURO,404.0,1505855,0.0,5732
2024-01-28,NO,Norway,EURO,303.0,1506158,0.0,5732
2024-02-04,NO,Norway,EURO,239.0,1506397,0.0,5732
2024-02-11,NO,Norway,EURO,167.0,1506564,0.0,5732
2024-02-18,NO,Norway,EURO,145.0,1506709,0.0,5732
2024-02-25,NO,Norway,EURO,125.0,1506834,0.0,5732
2024-03-03,NO,Norway,EURO,103.0,1506937,0.0,5732
2024-03-10,NO,Norway,EURO,80.0,1507017,0.0,5732
2024-03-17,NO,Norway,EURO,81.0,1507098,0.0,5732
2024-03-24,NO,Norway,EURO,57.0,1507155,0.0,5732
2024-03-31,NO,Norway,EURO,42.0,1507197,0.0,5732
2024-04-07,NO,Norway,EURO,73.0,1507270,0.0,5732
2024-04-14,NO,Norway,EURO,64.0,1507334,0.0,5732
2024-04-21,NO,Norway,EURO,54.0,1507388,0.0,5732
2024-04-28,NO,Norway,EURO,88.0,1507476,0.0,5732
