Date_reported,Country_code,Country,WHO_region,New_cases,Cumulative_cases,New_deaths,Cumulative_deaths
2020-01-05,NP,Nepal,SEARO,0.0,0,0.0,0
2020-01-12,NP,Nepal,SEARO,0.0,0,0.0,0
2020-01-19,NP,Nepal,SEARO,0.0,0,0.0,0
2020-01-26,NP,Nepal,SEARO,5.0,5,0.0,0
2020-02-02,NP,Nepal,SEARO,0.0,5,0.0,0
2020-02-09,NP,Nepal,SEARO,0.0,5,0.0,0
2020-02-16,NP,Nepal,SEARO,0.0,5,0.0,0
2020-02-23,NP,Nepal,SEARO,0.0,5,0.0,0
2020-03-01,NP,Nepal,SEARO,0.0,5,0.0,0
2020-03-08,NP,Nepal,SEARO,0.0,5,0.0,0
2020-03-15,NP,Nepal,SEARO,0.0,5,0.0,0
2020-03-22,NP,Nepal,SEARO,0.0,5,0.0,0
2020-03-29,NP,Nepal,SEARO,0.0,5,0.0,0
2020-04-05,NP,Nepal,SEARO,4.0,9,0.0,0
2020-04-12,NP,Nepal,SEARO,3.0,12,0.0,0
2020-04-19,NP,Nepal,SEARO,19.0,31,0.0,0
2020-04-26,NP,Nepal,SEARO,20.0,51,0.0,0
2020-05-03,NP,Nepal,SEARO,24.0,75,0.0,0
2020-05-10,NP,Nepal,SEARO,35.0,110,0.0,0
2020-05-17,NP,Nepal,SEARO,185.0,295,2.0,2
2020-05-24,NP,Nepal,SEARO,308.0,603,1.0,3
2020-05-31,NP,Nepal,SEARO,969.0,1572,5.0,8
2020-06-07,NP,Nepal,SEARO,1876.0,3448,6.0,14
2020-06-14,NP,Nepal,SEARO,2312.0,5760,6.0,20
2020-06-21,NP,Nepal,SEARO,3266.0,9026,4.0,24
2020-06-28,NP,Nepal,SEARO,3746.0,12772,5.0,29
2020-07-05,NP,Nepal,SEARO,3012.0,15784,7.0,36
2020-07-12,NP,Nepal,SEARO,1017.0,16801,5.0,41
2020-07-19,NP,Nepal,SEARO,857.0,17658,2.0,43
2020-07-26,NP,Nepal,SEARO,955.0,18613,5.0,48
2020-08-02,NP,Nepal,SEARO,1719.0,20332,13.0,61
2020-08-09,NP,Nepal,SEARO,2640.0,22972,19.0,80
2020-08-16,NP,Nepal,SEARO,3688.0,26660,34.0,114
2020-08-23,NP,Nepal,SEARO,5275.0,31935,50.0,164
2020-08-30,NP,Nepal,SEARO,6626.0,38561,80.0,244
2020-09-06,NP,Nepal,SEARO,7696.0,46257,83.0,327
2020-09-13,NP,Nepal,SEARO,7902.0,54159,63.0,390
2020-09-20,NP,Nepal,SEARO,9963.0,64122,82.0,472
2020-09-27,NP,Nepal,SEARO,9272.0,73394,89.0,561
2020-10-04,NP,Nepal,SEARO,13429.0,86823,98.0,659
2020-10-11,NP,Nepal,SEARO,20932.0,107755,157.0,816
2020-10-18,NP,Nepal,SEARO,24491.0,132246,176.0,992
2020-10-25,NP,Nepal,SEARO,25843.0,158089,219.0,1211
2020-11-01,NP,Nepal,SEARO,15478.0,173567,221.0,1432
2020-11-08,NP,Nepal,SEARO,20886.0,194453,230.0,1662
2020-11-15,NP,Nepal,SEARO,15323.0,209776,207.0,1869
2020-11-22,NP,Nepal,SEARO,10532.0,220308,166.0,2035
2020-11-29,NP,Nepal,SEARO,11670.0,231978,216.0,2251
2020-12-06,NP,Nepal,SEARO,9003.0,240981,168.0,2419
2020-12-13,NP,Nepal,SEARO,7442.0,248423,140.0,2559
2020-12-20,NP,Nepal,SEARO,5349.0,253772,104.0,2663
2020-12-27,NP,Nepal,SEARO,4409.0,258181,57.0,2720
2021-01-03,NP,Nepal,SEARO,3678.0,261859,65.0,2785
2021-01-10,NP,Nepal,SEARO,2921.0,264780,56.0,2841
2021-01-17,NP,Nepal,SEARO,2542.0,267322,51.0,2892
2021-01-24,NP,Nepal,SEARO,2128.0,269450,42.0,2934
2021-01-31,NP,Nepal,SEARO,1509.0,270959,28.0,2962
2021-02-07,NP,Nepal,SEARO,966.0,271925,9.0,2971
2021-02-14,NP,Nepal,SEARO,793.0,272718,16.0,2987
2021-02-21,NP,Nepal,SEARO,713.0,273431,7.0,2994
2021-02-28,NP,Nepal,SEARO,712.0,274143,13.0,3007
2021-03-07,NP,Nepal,SEARO,578.0,274721,3.0,3010
2021-03-14,NP,Nepal,SEARO,510.0,275231,4.0,3014
2021-03-21,NP,Nepal,SEARO,675.0,275906,2.0,3016
2021-03-28,NP,Nepal,SEARO,933.0,276839,11.0,3027
2021-04-04,NP,Nepal,SEARO,1105.0,277944,5.0,3032
2021-04-11,NP,Nepal,SEARO,2084.0,280028,8.0,3040
2021-04-18,NP,Nepal,SEARO,4645.0,284673,43.0,3083
2021-04-25,NP,Nepal,SEARO,15446.0,300119,81.0,3164
2021-05-02,NP,Nepal,SEARO,35911.0,336030,161.0,3325
2021-05-09,NP,Nepal,SEARO,58637.0,394667,395.0,3720
2021-05-16,NP,Nepal,SEARO,60353.0,455020,1281.0,5001
2021-05-23,NP,Nepal,SEARO,58221.0,513241,1345.0,6346
2021-05-30,NP,Nepal,SEARO,43883.0,557124,926.0,7272
2021-06-06,NP,Nepal,SEARO,31000.0,588124,626.0,7898
2021-06-13,NP,Nepal,SEARO,20348.0,608472,514.0,8412
2021-06-20,NP,Nepal,SEARO,12584.0,621056,314.0,8726
2021-06-27,NP,Nepal,SEARO,12623.0,633679,283.0,9009
2021-07-04,NP,Nepal,SEARO,10943.0,644622,216.0,9225
2021-07-11,NP,Nepal,SEARO,10827.0,655449,157.0,9382
2021-07-18,NP,Nepal,SEARO,11660.0,667109,168.0,9550
2021-07-25,NP,Nepal,SEARO,13447.0,680556,163.0,9713
2021-08-01,NP,Nepal,SEARO,16814.0,697370,162.0,9875
2021-08-08,NP,Nepal,SEARO,17507.0,714877,218.0,10093
2021-08-15,NP,Nepal,SEARO,17395.0,732272,199.0,10292
2021-08-22,NP,Nepal,SEARO,15161.0,747433,217.0,10509
2021-08-29,NP,Nepal,SEARO,11789.0,759222,205.0,10714
2021-09-05,NP,Nepal,SEARO,10049.0,769271,124.0,10838
2021-09-12,NP,Nepal,SEARO,7892.0,777163,111.0,10949
2021-09-19,NP,Nepal,SEARO,7403.0,784566,91.0,11040
2021-09-26,NP,Nepal,SEARO,6826.0,791392,56.0,11096
2021-10-03,NP,Nepal,SEARO,5800.0,797192,68.0,11164
2021-10-10,NP,Nepal,SEARO,5006.0,802198,67.0,11231
2021-10-17,NP,Nepal,SEARO,2839.0,805037,53.0,11284
2021-10-24,NP,Nepal,SEARO,4019.0,809056,64.0,11348
2021-10-31,NP,Nepal,SEARO,3514.0,812570,59.0,11407
2021-11-07,NP,Nepal,SEARO,1988.0,814558,41.0,11448
2021-11-14,NP,Nepal,SEARO,2408.0,816966,29.0,11477
2021-11-21,NP,Nepal,SEARO,2053.0,819019,19.0,11496
2021-11-28,NP,Nepal,SEARO,1859.0,820878,27.0,11523
2021-12-05,NP,Nepal,SEARO,1714.0,822592,18.0,11541
2021-12-12,NP,Nepal,SEARO,1630.0,824222,13.0,11554
2021-12-19,NP,Nepal,SEARO,1514.0,825736,19.0,11573
2021-12-26,NP,Nepal,SEARO,1535.0,827271,12.0,11585
2022-01-02,NP,Nepal,SEARO,1715.0,828986,11.0,11596
2022-01-09,NP,Nepal,SEARO,3603.0,832589,8.0,11604
2022-01-16,NP,Nepal,SEARO,21149.0,853738,16.0,11620
2022-01-23,NP,Nepal,SEARO,56656.0,910394,35.0,11655
2022-01-30,NP,Nepal,SEARO,40047.0,950441,80.0,11735
2022-02-06,NP,Nepal,SEARO,15964.0,966405,79.0,11814
2022-02-13,NP,Nepal,SEARO,6654.0,973059,78.0,11892
2022-02-20,NP,Nepal,SEARO,2500.0,975559,29.0,11921
2022-02-27,NP,Nepal,SEARO,1306.0,976865,14.0,11935
2022-03-06,NP,Nepal,SEARO,636.0,977501,12.0,11947
2022-03-13,NP,Nepal,SEARO,436.0,977937,3.0,11950
2022-03-20,NP,Nepal,SEARO,218.0,978155,0.0,11950
2022-03-27,NP,Nepal,SEARO,177.0,978332,1.0,11951
2022-04-03,NP,Nepal,SEARO,143.0,978475,0.0,11951
2022-04-10,NP,Nepal,SEARO,96.0,978571,0.0,11951
2022-04-17,NP,Nepal,SEARO,94.0,978665,0.0,11951
2022-04-24,NP,Nepal,SEARO,78.0,978743,0.0,11951
2022-05-01,NP,Nepal,SEARO,85.0,978828,0.0,11951
2022-05-08,NP,Nepal,SEARO,114.0,978942,1.0,11952
2022-05-15,NP,Nepal,SEARO,56.0,978998,0.0,11952
2022-05-22,NP,Nepal,SEARO,70.0,979068,0.0,11952
2022-05-29,NP,Nepal,SEARO,59.0,979127,0.0,11952
2022-06-05,NP,Nepal,SEARO,72.0,979199,0.0,11952
2022-06-12,NP,Nepal,SEARO,63.0,979262,0.0,11952
2022-06-19,NP,Nepal,SEARO,100.0,979362,0.0,11952
2022-06-26,NP,Nepal,SEARO,171.0,979533,0.0,11952
2022-07-03,NP,Nepal,SEARO,268.0,979801,0.0,11952
2022-07-10,NP,Nepal,SEARO,516.0,980317,0.0,11952
2022-07-17,NP,Nepal,SEARO,1091.0,981408,1.0,11953
2022-07-24,NP,Nepal,SEARO,2214.0,983622,3.0,11956
2022-07-31,NP,Nepal,SEARO,2974.0,986596,11.0,11967
2022-08-07,NP,Nepal,SEARO,3531.0,990127,4.0,11971
2022-08-14,NP,Nepal,SEARO,2905.0,993032,17.0,11988
2022-08-21,NP,Nepal,SEARO,2209.0,995241,4.0,11992
2022-08-28,NP,Nepal,SEARO,1593.0,996834,8.0,12000
2022-09-04,NP,Nepal,SEARO,1034.0,997868,7.0,12007
2022-09-11,NP,Nepal,SEARO,875.0,998743,7.0,12014
2022-09-18,NP,Nepal,SEARO,498.0,999241,2.0,12016
2022-09-25,NP,Nepal,SEARO,334.0,999575,1.0,12017
2022-10-02,NP,Nepal,SEARO,214.0,999789,1.0,12018
2022-10-09,NP,Nepal,SEARO,97.0,999886,0.0,12018
2022-10-16,NP,Nepal,SEARO,265.0,1000151,0.0,12018
2022-10-23,NP,Nepal,SEARO,304.0,1000455,0.0,12018
2022-10-30,NP,Nepal,SEARO,95.0,1000550,1.0,12019
2022-11-06,NP,Nepal,SEARO,184.0,1000734,0.0,12019
2022-11-13,NP,Nepal,SEARO,72.0,1000806,0.0,12019
2022-11-20,NP,Nepal,SEARO,45.0,1000851,0.0,12019
2022-11-27,NP,Nepal,SEARO,27.0,1000878,0.0,12019
2022-12-04,NP,Nepal,SEARO,31.0,1000909,0.0,12019
2022-12-11,NP,Nepal,SEARO,23.0,1000932,0.0,12019
2022-12-18,NP,Nepal,SEARO,14.0,1000946,0.0,12019
2022-12-25,NP,Nepal,SEARO,20.0,1000966,0.0,12019
2023-01-01,NP,Nepal,SEARO,36.0,1001002,0.0,12019
2023-01-08,NP,Nepal,SEARO,20.0,1001022,1.0,12020
2023-01-15,NP,Nepal,SEARO,29.0,1001051,0.0,12020
2023-01-22,NP,Nepal,SEARO,25.0,1001076,0.0,12020
2023-01-29,NP,Nepal,SEARO,20.0,1001096,0.0,12020
2023-02-05,NP,Nepal,SEARO,10.0,1001106,0.0,12020
2023-02-12,NP,Nepal,SEARO,9.0,1001115,0.0,12020
2023-02-19,NP,Nepal,SEARO,18.0,1001133,0.0,12020
2023-02-26,NP,Nepal,SEARO,7.0,1001140,0.0,12020
2023-03-05,NP,Nepal,SEARO,9.0,1001149,0.0,12020
2023-03-12,NP,Nepal,SEARO,15.0,1001164,0.0,12020
2023-03-19,NP,Nepal,SEARO,18.0,1001182,0.0,12020
2023-03-26,NP,Nepal,SEARO,41.0,1001223,0.0,12020
2023-04-02,NP,Nepal,SEARO,198.0,1001421,0.0,12020
2023-04-09,NP,Nepal,SEARO,379.0,1001800,0.0,12020
2023-04-16,NP,Nepal,SEARO,378.0,1002178,2.0,12022
2023-04-23,NP,Nepal,SEARO,420.0,1002598,5.0,12027
2023-04-30,NP,Nepal,SEARO,365.0,1002963,3.0,12030
2023-05-07,NP,Nepal,SEARO,127.0,1003090,1.0,12031
2023-05-14,NP,Nepal,SEARO,132.0,1003222,0.0,12031
2023-05-21,NP,Nepal,SEARO,72.0,1003294,0.0,12031
2023-05-28,NP,Nepal,SEARO,33.0,1003327,0.0,12031
2023-06-04,NP,Nepal,SEARO,16.0,1003343,0.0,12031
2023-06-11,NP,Nepal,SEARO,10.0,1003353,0.0,12031
2023-06-18,NP,Nepal,SEARO,8.0,1003361,0.0,12031
2023-06-25,NP,Nepal,SEARO,4.0,1003365,0.0,12031
2023-07-02,NP,Nepal,SEARO,3.0,1003368,0.0,12031
2023-07-09,NP,Nepal,SEARO,1.0,1003369,0.0,12031
2023-07-16,NP,Nepal,SEARO,1.0,1003370,0.0,12031
2023-07-23,NP,Nepal,SEARO,3.0,1003373,0.0,12031
2023-07-30,NP,Nepal,SEARO,9.0,1003382,0.0,12031
2023-08-06,NP,Nepal,SEARO,6.0,1003388,0.0,12031
2023-08-13,NP,Nepal,SEARO,6.0,1003394,0.0,12031
2023-08-20,NP,Nepal,SEARO,12.0,1003406,0.0,12031
2023-08-27,NP,Nepal,SEARO,10.0,1003416,0.0,12031
2023-09-03,NP,Nepal,SEARO,5.0,1003421,0.0,12031
2023-09-10,NP,Nepal,SEARO,3.0,1003424,0.0,12031
2023-09-17,NP,Nepal,SEARO,7.0,1003431,0.0,12031
2023-09-24,NP,Nepal,SEARO,7.0,1003438,0.0,12031
2023-10-01,NP,Nepal,SEARO,3.0,1003441,0.0,12031
2023-10-08,NP,Nepal,SEARO,3.0,1003444,0.0,12031
2023-10-15,NP,Nepal,SEARO,3.0,1003447,0.0,12031
2023-10-22,NP,Nepal,SEARO,3.0,1003450,0.0,12031
2023-10-29,NP,Nepal,SEARO,0.0,1003450,0.0,12031
2023-11-05,NP,Nepal,SEARO,0.0,1003450,0.0,12031
2023-11-12,NP,Nepal,SEARO,0.0,1003450,0.0,12031
2023-11-19,NP,Nepal,SEARO,0.0,1003450,0.0,12031
2023-11-26,NP,Nepal,SEARO,0.0,1003450,0.0,12031
2023-12-03,NP,Nepal,SEARO,0.0,1003450,0.0,12031
2023-12-10,NP,Nepal,SEARO,0.0,1003450,0.0,12031
2023-12-17,NP,Nepal,SEARO,0.0,1003450,0.0,12031
2023-12-24,NP,Nepal,SEARO,0.0,1003450,0.0,12031
2023-12-31,NP,Nepal,SEARO,0.0,1003450,0.0,12031
2024-01-07,NP,Nepal,SEARO,0.0,1003450,0.0,12031
2024-01-14,NP,Nepal,SEARO,0.0,1003450,0.0,12031
2024-01-21,NP,Nepal,SEARO,0.0,1003450,0.0,12031
2024-01-28,NP,Nepal,SEARO,0.0,1003450,0.0,12031
2024-02-04,NP,Nepal,SEARO,0.0,1003450,0.0,12031
2024-02-11,NP,Nepal,SEARO,0.0,1003450,0.0,12031
2024-02-18,NP,Nepal,SEARO,0.0,1003450,0.0,12031
2024-02-25,NP,Nepal,SEARO,0.0,1003450,0.0,12031
2024-03-03,NP,Nepal,SEARO,0.0,1003450,0.0,12031
2024-03-10,NP,Nepal,SEARO,0.0,1003450,0.0,12031
2024-03-17,NP,Nepal,SEARO,0.0,1003450,0.0,12031
2024-03-24,NP,Nepal,SEARO,0.0,1003450,0.0,12031
2024-03-31,NP,Nepal,SEARO,0.0,1003450,0.0,12031
2024-04-07,NP,Nepal,SEARO,0.0,1003450,0.0,12031
2024-04-14,NP,Nepal,SEARO,0.0,1003450,0.0,12031
2024-04-21,NP,Nepal,SEARO,0.0,1003450,0.0,12031
2024-04-28,NP,Nepal,SEARO,0.0,1003450,0.0,12031
