Date_reported,Country_code,Country,WHO_region,New_cases,Cumulative_cases,New_deaths,Cumulative_deaths
2020-01-05,PA,Panama,AMRO,0.0,0,0.0,0
2020-01-12,PA,Panama,AMRO,0.0,0,0.0,0
2020-01-19,PA,Panama,AMRO,0.0,0,0.0,0
2020-01-26,PA,Panama,AMRO,0.0,0,0.0,0
2020-02-02,PA,Panama,AMRO,0.0,0,0.0,0
2020-02-09,PA,Panama,AMRO,0.0,0,0.0,0
2020-02-16,PA,Panama,AMRO,0.0,0,0.0,0
2020-02-23,PA,Panama,AMRO,0.0,0,0.0,0
2020-03-01,PA,Panama,AMRO,0.0,0,0.0,0
2020-03-08,PA,Panama,AMRO,0.0,0,0.0,0
2020-03-15,PA,Panama,AMRO,27.0,27,1.0,1
2020-03-22,PA,Panama,AMRO,110.0,137,0.0,1
2020-03-29,PA,Panama,AMRO,649.0,786,13.0,14
2020-04-05,PA,Panama,AMRO,887.0,1673,27.0,41
2020-04-12,PA,Panama,AMRO,1301.0,2974,33.0,74
2020-04-19,PA,Panama,AMRO,1236.0,4210,41.0,115
2020-04-26,PA,Panama,AMRO,1128.0,5338,39.0,154
2020-05-03,PA,Panama,AMRO,1382.0,6720,38.0,192
2020-05-10,PA,Panama,AMRO,1350.0,8070,39.0,231
2020-05-17,PA,Panama,AMRO,1198.0,9268,35.0,266
2020-05-24,PA,Panama,AMRO,999.0,10267,29.0,295
2020-05-31,PA,Panama,AMRO,2264.0,12531,31.0,326
2020-06-07,PA,Panama,AMRO,2932.0,15463,44.0,370
2020-06-14,PA,Panama,AMRO,3748.0,19211,51.0,421
2020-06-21,PA,Panama,AMRO,5063.0,24274,64.0,485
2020-06-28,PA,Panama,AMRO,5631.0,29905,90.0,575
2020-07-05,PA,Panama,AMRO,6090.0,35995,123.0,698
2020-07-12,PA,Panama,AMRO,7262.0,43257,165.0,863
2020-07-19,PA,Panama,AMRO,8151.0,51408,175.0,1038
2020-07-26,PA,Panama,AMRO,6585.0,57993,212.0,1250
2020-08-02,PA,Panama,AMRO,7263.0,65256,171.0,1421
2020-08-09,PA,Panama,AMRO,7304.0,72560,170.0,1591
2020-08-16,PA,Panama,AMRO,6842.0,79402,143.0,1734
2020-08-23,PA,Panama,AMRO,4990.0,84392,125.0,1859
2020-08-30,PA,Panama,AMRO,6232.0,90624,107.0,1966
2020-09-06,PA,Panama,AMRO,4972.0,95596,97.0,2063
2020-09-13,PA,Panama,AMRO,4734.0,100330,77.0,2140
2020-09-20,PA,Panama,AMRO,4549.0,104879,89.0,2229
2020-09-27,PA,Panama,AMRO,4552.0,109431,82.0,2311
2020-10-04,PA,Panama,AMRO,4531.0,113962,95.0,2406
2020-10-11,PA,Panama,AMRO,4879.0,118841,68.0,2474
2020-10-18,PA,Panama,AMRO,4657.0,123498,72.0,2546
2020-10-25,PA,Panama,AMRO,4368.0,127866,76.0,2622
2020-11-01,PA,Panama,AMRO,5001.0,132867,66.0,2688
2020-11-08,PA,Panama,AMRO,4893.0,137760,82.0,2770
2020-11-15,PA,Panama,AMRO,6717.0,144477,86.0,2856
2020-11-22,PA,Panama,AMRO,7812.0,152289,76.0,2932
2020-11-29,PA,Panama,AMRO,9455.0,161744,98.0,3030
2020-12-06,PA,Panama,AMRO,11863.0,173607,124.0,3154
2020-12-13,PA,Panama,AMRO,14172.0,187779,155.0,3309
2020-12-20,PA,Panama,AMRO,18531.0,206310,195.0,3504
2020-12-27,PA,Panama,AMRO,20350.0,226660,252.0,3756
2021-01-03,PA,Panama,AMRO,23073.0,249733,308.0,4064
2021-01-10,PA,Panama,AMRO,23304.0,273037,299.0,4363
2021-01-17,PA,Panama,AMRO,20555.0,293592,326.0,4689
2021-01-24,PA,Panama,AMRO,14201.0,307793,291.0,4980
2021-01-31,PA,Panama,AMRO,10460.0,318253,241.0,5221
2021-02-07,PA,Panama,AMRO,7234.0,325487,205.0,5426
2021-02-14,PA,Panama,AMRO,5498.0,330985,169.0,5595
2021-02-21,PA,Panama,AMRO,4354.0,335339,116.0,5711
2021-02-28,PA,Panama,AMRO,4442.0,339781,109.0,5820
2021-03-07,PA,Panama,AMRO,3962.0,343743,87.0,5907
2021-03-14,PA,Panama,AMRO,3483.0,347226,74.0,5981
2021-03-21,PA,Panama,AMRO,2994.0,350220,54.0,6035
2021-03-28,PA,Panama,AMRO,2797.0,353017,52.0,6087
2021-04-04,PA,Panama,AMRO,2833.0,355850,39.0,6126
2021-04-11,PA,Panama,AMRO,2248.0,358098,30.0,6156
2021-04-18,PA,Panama,AMRO,2151.0,360249,29.0,6185
2021-04-25,PA,Panama,AMRO,2109.0,362358,15.0,6200
2021-05-02,PA,Panama,AMRO,2218.0,364576,32.0,6232
2021-05-09,PA,Panama,AMRO,2186.0,366762,26.0,6258
2021-05-16,PA,Panama,AMRO,3281.0,370043,34.0,6292
2021-05-23,PA,Panama,AMRO,3265.0,373308,29.0,6321
2021-05-30,PA,Panama,AMRO,3546.0,376854,44.0,6365
2021-06-06,PA,Panama,AMRO,4268.0,381122,24.0,6389
2021-06-13,PA,Panama,AMRO,5147.0,386269,38.0,6427
2021-06-20,PA,Panama,AMRO,5897.0,392166,38.0,6465
2021-06-27,PA,Panama,AMRO,6654.0,398820,40.0,6505
2021-07-04,PA,Panama,AMRO,7193.0,406013,55.0,6560
2021-07-11,PA,Panama,AMRO,7613.0,413626,54.0,6614
2021-07-18,PA,Panama,AMRO,7290.0,420916,74.0,6688
2021-07-25,PA,Panama,AMRO,7071.0,427987,55.0,6743
2021-08-01,PA,Panama,AMRO,6473.0,434460,65.0,6808
2021-08-08,PA,Panama,AMRO,6034.0,440494,77.0,6885
2021-08-15,PA,Panama,AMRO,5915.0,446409,54.0,6939
2021-08-22,PA,Panama,AMRO,4884.0,451293,59.0,6998
2021-08-29,PA,Panama,AMRO,4234.0,455527,41.0,7039
2021-09-05,PA,Panama,AMRO,3550.0,459077,34.0,7073
2021-09-12,PA,Panama,AMRO,2513.0,461590,49.0,7122
2021-09-19,PA,Panama,AMRO,2193.0,463783,47.0,7169
2021-09-26,PA,Panama,AMRO,1953.0,465736,28.0,7197
2021-10-03,PA,Panama,AMRO,1602.0,467338,33.0,7230
2021-10-10,PA,Panama,AMRO,1402.0,468740,30.0,7260
2021-10-17,PA,Panama,AMRO,1258.0,469998,28.0,7288
2021-10-24,PA,Panama,AMRO,1255.0,471253,18.0,7306
2021-10-31,PA,Panama,AMRO,1145.0,472398,9.0,7315
2021-11-07,PA,Panama,AMRO,785.0,473183,7.0,7322
2021-11-14,PA,Panama,AMRO,1048.0,474231,19.0,7341
2021-11-21,PA,Panama,AMRO,1346.0,475577,9.0,7350
2021-11-28,PA,Panama,AMRO,1519.0,477096,10.0,7360
2021-12-05,PA,Panama,AMRO,1447.0,478543,11.0,7371
2021-12-12,PA,Panama,AMRO,1547.0,480090,11.0,7382
2021-12-19,PA,Panama,AMRO,2587.0,482677,16.0,7398
2021-12-26,PA,Panama,AMRO,3700.0,486377,11.0,7409
2022-01-02,PA,Panama,AMRO,9543.0,495920,19.0,7428
2022-01-09,PA,Panama,AMRO,21525.0,517445,25.0,7453
2022-01-16,PA,Panama,AMRO,41231.0,558676,47.0,7500
2022-01-23,PA,Panama,AMRO,68214.0,626890,74.0,7574
2022-01-30,PA,Panama,AMRO,58740.0,685630,106.0,7680
2022-02-06,PA,Panama,AMRO,35849.0,721479,133.0,7813
2022-02-13,PA,Panama,AMRO,18291.0,739770,113.0,7926
2022-02-20,PA,Panama,AMRO,9365.0,749135,74.0,8000
2022-02-27,PA,Panama,AMRO,5227.0,754362,63.0,8063
2022-03-06,PA,Panama,AMRO,2699.0,757061,43.0,8106
2022-03-13,PA,Panama,AMRO,2163.0,759224,25.0,8131
2022-03-20,PA,Panama,AMRO,1780.0,761004,22.0,8153
2022-03-27,PA,Panama,AMRO,2021.0,763025,9.0,8162
2022-04-03,PA,Panama,AMRO,1806.0,764831,8.0,8170
2022-04-10,PA,Panama,AMRO,1673.0,766504,4.0,8174
2022-04-17,PA,Panama,AMRO,1966.0,768470,4.0,8178
2022-04-24,PA,Panama,AMRO,2535.0,771005,4.0,8182
2022-05-01,PA,Panama,AMRO,4483.0,775488,2.0,8184
2022-05-08,PA,Panama,AMRO,8696.0,784184,7.0,8191
2022-05-15,PA,Panama,AMRO,19039.0,803223,11.0,8202
2022-05-22,PA,Panama,AMRO,21694.0,824917,14.0,8216
2022-05-29,PA,Panama,AMRO,22458.0,847375,28.0,8244
2022-06-05,PA,Panama,AMRO,21421.0,868796,23.0,8267
2022-06-12,PA,Panama,AMRO,18841.0,887637,28.0,8295
2022-06-19,PA,Panama,AMRO,12696.0,900333,23.0,8318
2022-06-26,PA,Panama,AMRO,12015.0,912348,22.0,8340
2022-07-03,PA,Panama,AMRO,10642.0,922990,28.0,8368
2022-07-10,PA,Panama,AMRO,9120.0,932110,16.0,8384
2022-07-17,PA,Panama,AMRO,9973.0,942083,11.0,8395
2022-07-24,PA,Panama,AMRO,6390.0,948473,17.0,8412
2022-07-31,PA,Panama,AMRO,5896.0,954369,13.0,8425
2022-08-07,PA,Panama,AMRO,5931.0,960300,9.0,8434
2022-08-14,PA,Panama,AMRO,6479.0,966779,10.0,8444
2022-08-21,PA,Panama,AMRO,6021.0,972800,12.0,8456
2022-08-28,PA,Panama,AMRO,5381.0,978181,14.0,8470
2022-09-04,PA,Panama,AMRO,3641.0,981822,10.0,8480
2022-09-11,PA,Panama,AMRO,2412.0,984234,7.0,8487
2022-09-18,PA,Panama,AMRO,1580.0,985814,3.0,8490
2022-09-25,PA,Panama,AMRO,1052.0,986866,7.0,8497
2022-10-02,PA,Panama,AMRO,747.0,987613,5.0,8502
2022-10-09,PA,Panama,AMRO,667.0,988280,3.0,8505
2022-10-16,PA,Panama,AMRO,725.0,989005,1.0,8506
2022-10-23,PA,Panama,AMRO,603.0,989608,0.0,8506
2022-10-30,PA,Panama,AMRO,805.0,990413,3.0,8509
2022-11-06,PA,Panama,AMRO,838.0,991251,0.0,8509
2022-11-13,PA,Panama,AMRO,1372.0,992623,6.0,8515
2022-11-20,PA,Panama,AMRO,3103.0,995726,4.0,8519
2022-11-27,PA,Panama,AMRO,6435.0,1002161,7.0,8526
2022-12-04,PA,Panama,AMRO,7091.0,1009252,7.0,8533
2022-12-11,PA,Panama,AMRO,6718.0,1015970,10.0,8543
2022-12-18,PA,Panama,AMRO,4991.0,1020961,11.0,8554
2022-12-25,PA,Panama,AMRO,2817.0,1023778,13.0,8567
2023-01-01,PA,Panama,AMRO,2066.0,1025844,8.0,8575
2023-01-08,PA,Panama,AMRO,1403.0,1027247,9.0,8584
2023-01-15,PA,Panama,AMRO,1025.0,1028272,5.0,8589
2023-01-22,PA,Panama,AMRO,789.0,1029061,5.0,8594
2023-01-29,PA,Panama,AMRO,640.0,1029701,2.0,8596
2023-02-05,PA,Panama,AMRO,513.0,1030214,3.0,8599
2023-02-12,PA,Panama,AMRO,444.0,1030658,1.0,8600
2023-02-19,PA,Panama,AMRO,356.0,1031014,3.0,8603
2023-02-26,PA,Panama,AMRO,259.0,1031273,1.0,8604
2023-03-05,PA,Panama,AMRO,458.0,1031731,5.0,8609
2023-03-12,PA,Panama,AMRO,506.0,1032237,2.0,8611
2023-03-19,PA,Panama,AMRO,702.0,1032939,1.0,8612
2023-03-26,PA,Panama,AMRO,842.0,1033781,0.0,8612
2023-04-02,PA,Panama,AMRO,0.0,1033781,0.0,8612
2023-04-09,PA,Panama,AMRO,0.0,1033781,0.0,8612
2023-04-16,PA,Panama,AMRO,1576.0,1035357,5.0,8617
2023-04-23,PA,Panama,AMRO,743.0,1036100,1.0,8618
2023-04-30,PA,Panama,AMRO,633.0,1036733,3.0,8621
2023-05-07,PA,Panama,AMRO,591.0,1037324,-1.0,8620
2023-05-14,PA,Panama,AMRO,654.0,1037978,2.0,8622
2023-05-21,PA,Panama,AMRO,260.0,1038238,0.0,8622
2023-05-28,PA,Panama,AMRO,330.0,1038568,1.0,8623
2023-06-04,PA,Panama,AMRO,408.0,1038976,6.0,8629
2023-06-11,PA,Panama,AMRO,436.0,1039412,3.0,8632
2023-06-18,PA,Panama,AMRO,563.0,1039975,2.0,8634
2023-06-25,PA,Panama,AMRO,473.0,1040448,2.0,8636
2023-07-02,PA,Panama,AMRO,347.0,1040795,0.0,8636
2023-07-09,PA,Panama,AMRO,211.0,1041006,1.0,8637
2023-07-16,PA,Panama,AMRO,178.0,1041184,3.0,8640
2023-07-23,PA,Panama,AMRO,91.0,1041275,2.0,8642
2023-07-30,PA,Panama,AMRO,75.0,1041350,1.0,8643
2023-08-06,PA,Panama,AMRO,56.0,1041406,1.0,8644
2023-08-13,PA,Panama,AMRO,46.0,1041452,0.0,8644
2023-08-20,PA,Panama,AMRO,37.0,1041489,0.0,8644
2023-08-27,PA,Panama,AMRO,37.0,1041526,0.0,8644
2023-09-03,PA,Panama,AMRO,38.0,1041564,1.0,8645
2023-09-10,PA,Panama,AMRO,32.0,1041596,0.0,8645
2023-09-17,PA,Panama,AMRO,37.0,1041633,1.0,8646
2023-09-24,PA,Panama,AMRO,22.0,1041655,0.0,8646
2023-10-01,PA,Panama,AMRO,52.0,1041707,0.0,8646
2023-10-08,PA,Panama,AMRO,50.0,1041757,1.0,8647
2023-10-15,PA,Panama,AMRO,53.0,1041810,0.0,8647
2023-10-22,PA,Panama,AMRO,44.0,1041854,3.0,8650
2023-10-29,PA,Panama,AMRO,39.0,1041893,0.0,8650
2023-11-05,PA,Panama,AMRO,37.0,1041930,1.0,8651
2023-11-12,PA,Panama,AMRO,37.0,1041967,0.0,8651
2023-11-19,PA,Panama,AMRO,31.0,1041998,0.0,8651
2023-11-26,PA,Panama,AMRO,48.0,1042046,0.0,8651
2023-12-03,PA,Panama,AMRO,53.0,1042099,0.0,8651
2023-12-10,PA,Panama,AMRO,48.0,1042147,1.0,8652
2023-12-17,PA,Panama,AMRO,102.0,1042249,0.0,8652
2023-12-24,PA,Panama,AMRO,176.0,1042425,1.0,8653
2023-12-31,PA,Panama,AMRO,402.0,1042827,1.0,8654
2024-01-07,PA,Panama,AMRO,456.0,1043283,9.0,8663
2024-01-14,PA,Panama,AMRO,440.0,1043723,18.0,8681
2024-01-21,PA,Panama,AMRO,274.0,1043997,10.0,8691
2024-01-28,PA,Panama,AMRO,127.0,1044124,5.0,8696
2024-02-04,PA,Panama,AMRO,42.0,1044166,1.0,8697
2024-02-11,PA,Panama,AMRO,32.0,1044198,1.0,8698
2024-02-18,PA,Panama,AMRO,25.0,1044223,1.0,8699
2024-02-25,PA,Panama,AMRO,22.0,1044245,0.0,8699
2024-03-03,PA,Panama,AMRO,17.0,1044262,1.0,8700
2024-03-10,PA,Panama,AMRO,21.0,1044283,2.0,8702
2024-03-17,PA,Panama,AMRO,10.0,1044293,1.0,8703
2024-03-24,PA,Panama,AMRO,11.0,1044304,0.0,8703
2024-03-31,PA,Panama,AMRO,3.0,1044307,0.0,8703
2024-04-07,PA,Panama,AMRO,3.0,1044310,0.0,8703
2024-04-14,PA,Panama,AMRO,8.0,1044318,0.0,8703
2024-04-21,PA,Panama,AMRO,10.0,1044328,1.0,8704
2024-04-28,PA,Panama,AMRO,8.0,1044336,0.0,8704
