Date_reported,Country_code,Country,WHO_region,New_cases,Cumulative_cases,New_deaths,Cumulative_deaths
2020-01-05,PE,Peru,AMRO,0.0,0,0.0,0
2020-01-12,PE,Peru,AMRO,0.0,0,0.0,0
2020-01-19,PE,Peru,AMRO,0.0,0,0.0,0
2020-01-26,PE,Peru,AMRO,0.0,0,0.0,0
2020-02-02,PE,Peru,AMRO,0.0,0,0.0,0
2020-02-09,PE,Peru,AMRO,0.0,0,0.0,0
2020-02-16,PE,Peru,AMRO,0.0,0,0.0,0
2020-02-23,PE,Peru,AMRO,0.0,0,0.0,0
2020-03-01,PE,Peru,AMRO,0.0,0,0.0,0
2020-03-08,PE,Peru,AMRO,9.0,9,1.0,1
2020-03-15,PE,Peru,AMRO,38.0,47,2.0,3
2020-03-22,PE,Peru,AMRO,271.0,318,23.0,26
2020-03-29,PE,Peru,AMRO,317.0,635,45.0,71
2020-04-05,PE,Peru,AMRO,960.0,1595,138.0,209
2020-04-12,PE,Peru,AMRO,4302.0,5897,441.0,650
2020-04-19,PE,Peru,AMRO,7592.0,13489,840.0,1490
2020-04-26,PE,Peru,AMRO,8159.0,21648,1420.0,2910
2020-05-03,PE,Peru,AMRO,18811.0,40459,2271.0,5181
2020-05-10,PE,Peru,AMRO,21388.0,61847,3082.0,8263
2020-05-17,PE,Peru,AMRO,22648.0,84495,3561.0,11824
2020-05-24,PE,Peru,AMRO,27203.0,111698,3759.0,15583
2020-05-31,PE,Peru,AMRO,36587.0,148285,3900.0,19483
2020-06-07,PE,Peru,AMRO,39115.0,187400,4168.0,23651
2020-06-14,PE,Peru,AMRO,33349.0,220749,4205.0,27856
2020-06-21,PE,Peru,AMRO,27176.0,247925,4164.0,32020
2020-06-28,PE,Peru,AMRO,24439.0,272364,3892.0,35912
2020-07-05,PE,Peru,AMRO,23235.0,295599,3725.0,39637
2020-07-12,PE,Peru,AMRO,24047.0,319646,3870.0,43507
2020-07-19,PE,Peru,AMRO,25891.0,345537,4136.0,47643
2020-07-26,PE,Peru,AMRO,30424.0,375961,4259.0,51902
2020-08-02,PE,Peru,AMRO,38774.0,414735,4286.0,56188
2020-08-09,PE,Peru,AMRO,49140.0,463875,4439.0,60627
2020-08-16,PE,Peru,AMRO,52421.0,516296,4409.0,65036
2020-08-23,PE,Peru,AMRO,59771.0,576067,4000.0,69036
2020-08-30,PE,Peru,AMRO,53894.0,629961,3537.0,72573
2020-09-06,PE,Peru,AMRO,46887.0,676848,2865.0,75438
2020-09-13,PE,Peru,AMRO,39822.0,716670,2361.0,77799
2020-09-20,PE,Peru,AMRO,39742.0,756412,1946.0,79745
2020-09-27,PE,Peru,AMRO,38172.0,794584,1675.0,81420
2020-10-04,PE,Peru,AMRO,26980.0,821564,1335.0,82755
2020-10-11,PE,Peru,AMRO,21791.0,843355,1190.0,83945
2020-10-18,PE,Peru,AMRO,19062.0,862417,1014.0,84959
2020-10-25,PE,Peru,AMRO,20699.0,883116,917.0,85876
2020-11-01,PE,Peru,AMRO,17064.0,900180,777.0,86653
2020-11-08,PE,Peru,AMRO,17323.0,917503,761.0,87414
2020-11-15,PE,Peru,AMRO,15147.0,932650,705.0,88119
2020-11-22,PE,Peru,AMRO,13437.0,946087,664.0,88783
2020-11-29,PE,Peru,AMRO,12237.0,958324,691.0,89474
2020-12-06,PE,Peru,AMRO,12536.0,970860,669.0,90143
2020-12-13,PE,Peru,AMRO,10083.0,980943,703.0,90846
2020-12-20,PE,Peru,AMRO,12817.0,993760,811.0,91657
2020-12-27,PE,Peru,AMRO,11786.0,1005546,866.0,92523
2021-01-03,PE,Peru,AMRO,11653.0,1017199,1005.0,93528
2021-01-10,PE,Peru,AMRO,12272.0,1029471,1295.0,94823
2021-01-17,PE,Peru,AMRO,26552.0,1056023,1798.0,96621
2021-01-24,PE,Peru,AMRO,32073.0,1088096,2654.0,99275
2021-01-31,PE,Peru,AMRO,37779.0,1125875,3584.0,102859
2021-02-07,PE,Peru,AMRO,47170.0,1173045,4093.0,106952
2021-02-14,PE,Peru,AMRO,47703.0,1220748,4578.0,111530
2021-02-21,PE,Peru,AMRO,48775.0,1269523,4912.0,116442
2021-02-28,PE,Peru,AMRO,46840.0,1316363,4818.0,121260
2021-03-07,PE,Peru,AMRO,41931.0,1358294,4832.0,126092
2021-03-14,PE,Peru,AMRO,44316.0,1402610,4522.0,130614
2021-03-21,PE,Peru,AMRO,49035.0,1451645,4627.0,135241
2021-03-28,PE,Peru,AMRO,60739.0,1512384,4724.0,139965
2021-04-04,PE,Peru,AMRO,55961.0,1568345,5142.0,145107
2021-04-11,PE,Peru,AMRO,60174.0,1628519,5341.0,150448
2021-04-18,PE,Peru,AMRO,60532.0,1689051,5634.0,156082
2021-04-25,PE,Peru,AMRO,56604.0,1745655,5727.0,161809
2021-05-02,PE,Peru,AMRO,53790.0,1799445,5363.0,167172
2021-05-09,PE,Peru,AMRO,40020.0,1839465,4869.0,172041
2021-05-16,PE,Peru,AMRO,39584.0,1879049,4243.0,176284
2021-05-23,PE,Peru,AMRO,36517.0,1915566,3628.0,179912
2021-05-30,PE,Peru,AMRO,31989.0,1947555,3131.0,183043
2021-06-06,PE,Peru,AMRO,28611.0,1976166,2770.0,185813
2021-06-13,PE,Peru,AMRO,21890.0,1998056,2287.0,188100
2021-06-20,PE,Peru,AMRO,25123.0,2023179,1833.0,189933
2021-06-27,PE,Peru,AMRO,20083.0,2043262,1514.0,191447
2021-07-04,PE,Peru,AMRO,17082.0,2060344,1455.0,192902
2021-07-11,PE,Peru,AMRO,13842.0,2074186,1007.0,193909
2021-07-18,PE,Peru,AMRO,15989.0,2090175,1026.0,194935
2021-07-25,PE,Peru,AMRO,10964.0,2101139,761.0,195696
2021-08-01,PE,Peru,AMRO,8155.0,2109294,595.0,196291
2021-08-08,PE,Peru,AMRO,13263.0,2122557,527.0,196818
2021-08-15,PE,Peru,AMRO,8780.0,2131337,461.0,197279
2021-08-22,PE,Peru,AMRO,8725.0,2140062,473.0,197752
2021-08-29,PE,Peru,AMRO,7223.0,2147285,363.0,198115
2021-09-05,PE,Peru,AMRO,5807.0,2153092,305.0,198420
2021-09-12,PE,Peru,AMRO,6214.0,2159306,253.0,198673
2021-09-19,PE,Peru,AMRO,6227.0,2165533,275.0,198948
2021-09-26,PE,Peru,AMRO,5841.0,2171374,234.0,199182
2021-10-03,PE,Peru,AMRO,5909.0,2177283,241.0,199423
2021-10-10,PE,Peru,AMRO,5742.0,2183025,192.0,199615
2021-10-17,PE,Peru,AMRO,5326.0,2188351,177.0,199792
2021-10-24,PE,Peru,AMRO,5781.0,2194132,211.0,200003
2021-10-31,PE,Peru,AMRO,5744.0,2199876,194.0,200197
2021-11-07,PE,Peru,AMRO,5610.0,2205486,176.0,200373
2021-11-14,PE,Peru,AMRO,7028.0,2212514,200.0,200573
2021-11-21,PE,Peru,AMRO,8640.0,2221154,228.0,200801
2021-11-28,PE,Peru,AMRO,10021.0,2231175,225.0,201026
2021-12-05,PE,Peru,AMRO,11471.0,2242646,334.0,201360
2021-12-12,PE,Peru,AMRO,8381.0,2251027,290.0,201650
2021-12-19,PE,Peru,AMRO,10856.0,2261883,470.0,202120
2021-12-26,PE,Peru,AMRO,11002.0,2272885,334.0,202454
2022-01-02,PE,Peru,AMRO,23946.0,2296831,236.0,202690
2022-01-09,PE,Peru,AMRO,45719.0,2342550,291.0,202981
2022-01-16,PE,Peru,AMRO,170239.0,2512789,321.0,203302
2022-01-23,PE,Peru,AMRO,326730.0,2839519,692.0,203994
2022-01-30,PE,Peru,AMRO,321213.0,3160732,1118.0,205112
2022-02-06,PE,Peru,AMRO,170558.0,3331290,1534.0,206646
2022-02-13,PE,Peru,AMRO,93604.0,3424894,1319.0,207965
2022-02-20,PE,Peru,AMRO,56858.0,3481752,1145.0,209110
2022-02-27,PE,Peru,AMRO,26890.0,3508642,1119.0,210229
2022-03-06,PE,Peru,AMRO,15862.0,3524504,766.0,210995
2022-03-13,PE,Peru,AMRO,10183.0,3534687,428.0,211423
2022-03-20,PE,Peru,AMRO,5421.0,3540108,328.0,211751
2022-03-27,PE,Peru,AMRO,4230.0,3544338,299.0,212050
2022-04-03,PE,Peru,AMRO,3268.0,3547606,206.0,212256
2022-04-10,PE,Peru,AMRO,3185.0,3550791,182.0,212438
2022-04-17,PE,Peru,AMRO,3878.0,3554669,158.0,212596
2022-04-24,PE,Peru,AMRO,4674.0,3559343,128.0,212724
2022-05-01,PE,Peru,AMRO,5215.0,3564558,86.0,212810
2022-05-08,PE,Peru,AMRO,4468.0,3569026,103.0,212913
2022-05-15,PE,Peru,AMRO,2490.0,3571516,100.0,213013
2022-05-22,PE,Peru,AMRO,3360.0,3574876,73.0,213086
2022-05-29,PE,Peru,AMRO,3488.0,3578364,69.0,213155
2022-06-05,PE,Peru,AMRO,5039.0,3583403,73.0,213228
2022-06-12,PE,Peru,AMRO,5294.0,3588697,80.0,213308
2022-06-19,PE,Peru,AMRO,7680.0,3596377,66.0,213374
2022-06-26,PE,Peru,AMRO,14746.0,3611123,69.0,213443
2022-07-03,PE,Peru,AMRO,18673.0,3629796,83.0,213526
2022-07-10,PE,Peru,AMRO,32889.0,3662685,126.0,213652
2022-07-17,PE,Peru,AMRO,67194.0,3729879,117.0,213769
2022-07-24,PE,Peru,AMRO,86925.0,3816804,184.0,213953
2022-07-31,PE,Peru,AMRO,78692.0,3895496,242.0,214195
2022-08-07,PE,Peru,AMRO,55999.0,3951495,351.0,214546
2022-08-14,PE,Peru,AMRO,62336.0,4013831,344.0,214890
2022-08-21,PE,Peru,AMRO,47526.0,4061357,378.0,215268
2022-08-28,PE,Peru,AMRO,33295.0,4094652,288.0,215556
2022-09-04,PE,Peru,AMRO,16393.0,4111045,234.0,215790
2022-09-11,PE,Peru,AMRO,12390.0,4123435,255.0,216045
2022-09-18,PE,Peru,AMRO,7702.0,4131137,219.0,216264
2022-09-25,PE,Peru,AMRO,8992.0,4140129,182.0,216446
2022-10-02,PE,Peru,AMRO,4287.0,4144416,129.0,216575
2022-10-09,PE,Peru,AMRO,4041.0,4148457,152.0,216727
2022-10-16,PE,Peru,AMRO,1664.0,4150121,128.0,216855
2022-10-23,PE,Peru,AMRO,1898.0,4152019,22.0,216877
2022-10-30,PE,Peru,AMRO,2317.0,4154336,65.0,216942
2022-11-06,PE,Peru,AMRO,5615.0,4159951,120.0,217062
2022-11-13,PE,Peru,AMRO,9800.0,4169751,110.0,217172
2022-11-20,PE,Peru,AMRO,14440.0,4184191,57.0,217229
2022-11-27,PE,Peru,AMRO,32877.0,4217068,110.0,217339
2022-12-04,PE,Peru,AMRO,61929.0,4278997,102.0,217441
2022-12-11,PE,Peru,AMRO,71516.0,4350513,183.0,217624
2022-12-18,PE,Peru,AMRO,55330.0,4405843,197.0,217821
2022-12-25,PE,Peru,AMRO,32935.0,4438778,186.0,218007
2023-01-01,PE,Peru,AMRO,15458.0,4454236,194.0,218201
2023-01-08,PE,Peru,AMRO,12095.0,4466331,155.0,218356
2023-01-15,PE,Peru,AMRO,7490.0,4473821,134.0,218490
2023-01-22,PE,Peru,AMRO,4134.0,4477955,116.0,218606
2023-01-29,PE,Peru,AMRO,2873.0,4480828,123.0,218729
2023-02-05,PE,Peru,AMRO,1482.0,4482310,356.0,219085
2023-02-12,PE,Peru,AMRO,1133.0,4483443,165.0,219250
2023-02-19,PE,Peru,AMRO,1088.0,4484531,68.0,219318
2023-02-26,PE,Peru,AMRO,751.0,4485282,77.0,219395
2023-03-05,PE,Peru,AMRO,1383.0,4486665,90.0,219485
2023-03-12,PE,Peru,AMRO,1291.0,4487956,77.0,219562
2023-03-19,PE,Peru,AMRO,1191.0,4489147,75.0,219637
2023-03-26,PE,Peru,AMRO,1649.0,4490796,72.0,219709
2023-04-02,PE,Peru,AMRO,2095.0,4492891,75.0,219784
2023-04-09,PE,Peru,AMRO,0.0,4492891,82.0,219866
2023-04-16,PE,Peru,AMRO,4005.0,4496896,125.0,219991
2023-04-23,PE,Peru,AMRO,2459.0,4499355,82.0,220073
2023-04-30,PE,Peru,AMRO,1775.0,4501130,49.0,220122
2023-05-07,PE,Peru,AMRO,2092.0,4503222,74.0,220196
2023-05-14,PE,Peru,AMRO,1998.0,4505220,320.0,220516
2023-05-21,PE,Peru,AMRO,0.0,4505220,0.0,220516
2023-05-28,PE,Peru,AMRO,0.0,4505220,0.0,220516
2023-06-04,PE,Peru,AMRO,0.0,4505220,0.0,220516
2023-06-11,PE,Peru,AMRO,0.0,4505220,0.0,220516
2023-06-18,PE,Peru,AMRO,0.0,4505220,0.0,220516
2023-06-25,PE,Peru,AMRO,0.0,4505220,0.0,220516
2023-07-02,PE,Peru,AMRO,0.0,4505220,0.0,220516
2023-07-09,PE,Peru,AMRO,0.0,4505220,0.0,220516
2023-07-16,PE,Peru,AMRO,0.0,4505220,0.0,220516
2023-07-23,PE,Peru,AMRO,0.0,4505220,0.0,220516
2023-07-30,PE,Peru,AMRO,0.0,4505220,0.0,220516
2023-08-06,PE,Peru,AMRO,0.0,4505220,0.0,220516
2023-08-13,PE,Peru,AMRO,0.0,4505220,0.0,220516
2023-08-20,PE,Peru,AMRO,0.0,4505220,0.0,220516
2023-08-27,PE,Peru,AMRO,0.0,4505220,0.0,220516
2023-09-03,PE,Peru,AMRO,0.0,4505220,0.0,220516
2023-09-10,PE,Peru,AMRO,0.0,4505220,0.0,220516
2023-09-17,PE,Peru,AMRO,0.0,4505220,0.0,220516
2023-09-24,PE,Peru,AMRO,0.0,4505220,0.0,220516
2023-10-01,PE,Peru,AMRO,0.0,4505220,0.0,220516
2023-10-08,PE,Peru,AMRO,0.0,4505220,0.0,220516
2023-10-15,PE,Peru,AMRO,0.0,4505220,0.0,220516
2023-10-22,PE,Peru,AMRO,0.0,4505220,0.0,220516
2023-10-29,PE,Peru,AMRO,0.0,4505220,0.0,220516
2023-11-05,PE,Peru,AMRO,0.0,4505220,0.0,220516
2023-11-12,PE,Peru,AMRO,0.0,4505220,0.0,220516
2023-11-19,PE,Peru,AMRO,0.0,4505220,0.0,220516
2023-11-26,PE,Peru,AMRO,0.0,4505220,0.0,220516
2023-12-03,PE,Peru,AMRO,0.0,4505220,0.0,220516
2023-12-10,PE,Peru,AMRO,0.0,4505220,0.0,220516
2023-12-17,PE,Peru,AMRO,0.0,4505220,0.0,220516
2023-12-24,PE,Peru,AMRO,0.0,4505220,0.0,220516
2023-12-31,PE,Peru,AMRO,0.0,4505220,0.0,220516
2024-01-07,PE,Peru,AMRO,8687.0,4513907,61.0,220577
2024-01-14,PE,Peru,AMRO,4646.0,4518553,76.0,220653
2024-01-21,PE,Peru,AMRO,2347.0,4520900,54.0,220707
2024-01-28,PE,Peru,AMRO,2139.0,4523039,48.0,220755
2024-02-04,PE,Peru,AMRO,637.0,4523676,23.0,220778
2024-02-11,PE,Peru,AMRO,426.0,4524102,23.0,220801
2024-02-18,PE,Peru,AMRO,340.0,4524442,13.0,220814
2024-02-25,PE,Peru,AMRO,250.0,4524692,13.0,220827
2024-03-03,PE,Peru,AMRO,56.0,4524748,4.0,220831
2024-03-10,PE,Peru,AMRO,0.0,4524748,0.0,220831
2024-03-17,PE,Peru,AMRO,0.0,4524748,0.0,220831
2024-03-24,PE,Peru,AMRO,0.0,4524748,0.0,220831
2024-03-31,PE,Peru,AMRO,0.0,4524748,0.0,220831
2024-04-07,PE,Peru,AMRO,0.0,4524748,0.0,220831
2024-04-14,PE,Peru,AMRO,0.0,4524748,0.0,220831
2024-04-21,PE,Peru,AMRO,0.0,4524748,0.0,220831
2024-04-28,PE,Peru,AMRO,0.0,4524748,0.0,220831
