Date_reported,Country_code,Country,WHO_region,New_cases,Cumulative_cases,New_deaths,Cumulative_deaths
2020-01-05,PK,Pakistan,EMRO,0.0,0,0.0,0
2020-01-12,PK,Pakistan,EMRO,0.0,0,0.0,0
2020-01-19,PK,Pakistan,EMRO,0.0,0,0.0,0
2020-01-26,PK,Pakistan,EMRO,0.0,0,0.0,0
2020-02-02,PK,Pakistan,EMRO,0.0,0,0.0,0
2020-02-09,PK,Pakistan,EMRO,0.0,0,0.0,0
2020-02-16,PK,Pakistan,EMRO,0.0,0,0.0,0
2020-02-23,PK,Pakistan,EMRO,0.0,0,0.0,0
2020-03-01,PK,Pakistan,EMRO,2.0,2,0.0,0
2020-03-08,PK,Pakistan,EMRO,4.0,6,0.0,0
2020-03-15,PK,Pakistan,EMRO,15.0,21,0.0,0
2020-03-22,PK,Pakistan,EMRO,440.0,461,2.0,2
2020-03-29,PK,Pakistan,EMRO,774.0,1235,7.0,9
2020-04-05,PK,Pakistan,EMRO,1215.0,2450,26.0,35
2020-04-12,PK,Pakistan,EMRO,2245.0,4695,31.0,66
2020-04-19,PK,Pakistan,EMRO,2330.0,7025,69.0,135
2020-04-26,PK,Pakistan,EMRO,4915.0,11940,118.0,253
2020-05-03,PK,Pakistan,EMRO,5759.0,17699,155.0,408
2020-05-10,PK,Pakistan,EMRO,8736.0,26435,191.0,599
2020-05-17,PK,Pakistan,EMRO,10783.0,37218,204.0,803
2020-05-24,PK,Pakistan,EMRO,15219.0,52437,298.0,1101
2020-05-31,PK,Pakistan,EMRO,14020.0,66457,294.0,1395
2020-06-07,PK,Pakistan,EMRO,27526.0,93983,540.0,1935
2020-06-14,PK,Pakistan,EMRO,38422.0,132405,616.0,2551
2020-06-21,PK,Pakistan,EMRO,39261.0,171666,831.0,3382
2020-06-28,PK,Pakistan,EMRO,27217.0,198883,653.0,4035
2020-07-05,PK,Pakistan,EMRO,26400.0,225283,584.0,4619
2020-07-12,PK,Pakistan,EMRO,21068.0,246351,504.0,5123
2020-07-19,PK,Pakistan,EMRO,15566.0,261917,399.0,5522
2020-07-26,PK,Pakistan,EMRO,9970.0,271887,265.0,5787
2020-08-02,PK,Pakistan,EMRO,7259.0,279146,183.0,5970
2020-08-09,PK,Pakistan,EMRO,4341.0,283487,104.0,6074
2020-08-16,PK,Pakistan,EMRO,4560.0,288047,88.0,6162
2020-08-23,PK,Pakistan,EMRO,4127.0,292174,69.0,6231
2020-08-30,PK,Pakistan,EMRO,3198.0,295372,53.0,6284
2020-09-06,PK,Pakistan,EMRO,2653.0,298025,56.0,6340
2020-09-13,PK,Pakistan,EMRO,2930.0,300955,33.0,6373
2020-09-20,PK,Pakistan,EMRO,4076.0,305031,42.0,6415
2020-09-27,PK,Pakistan,EMRO,4550.0,309581,36.0,6451
2020-10-04,PK,Pakistan,EMRO,4403.0,313984,56.0,6507
2020-10-11,PK,Pakistan,EMRO,4282.0,318266,51.0,6558
2020-10-18,PK,Pakistan,EMRO,4186.0,322452,80.0,6638
2020-10-25,PK,Pakistan,EMRO,4611.0,327063,89.0,6727
2020-11-01,PK,Pakistan,EMRO,5930.0,332993,79.0,6806
2020-11-08,PK,Pakistan,EMRO,8760.0,341753,137.0,6943
2020-11-15,PK,Pakistan,EMRO,12708.0,354461,166.0,7109
2020-11-22,PK,Pakistan,EMRO,17047.0,371508,494.0,7603
2020-11-29,PK,Pakistan,EMRO,20848.0,392356,339.0,7942
2020-12-06,PK,Pakistan,EMRO,20835.0,413191,361.0,8303
2020-12-13,PK,Pakistan,EMRO,21753.0,434944,421.0,8724
2020-12-20,PK,Pakistan,EMRO,19617.0,454561,526.0,9250
2020-12-27,PK,Pakistan,EMRO,14921.0,469482,566.0,9816
2021-01-03,PK,Pakistan,EMRO,14880.0,484362,442.0,10258
2021-01-10,PK,Pakistan,EMRO,15155.0,499517,340.0,10598
2021-01-17,PK,Pakistan,EMRO,17253.0,516770,310.0,10908
2021-01-24,PK,Pakistan,EMRO,14048.0,530818,339.0,11247
2021-01-31,PK,Pakistan,EMRO,12396.0,543214,376.0,11623
2021-02-07,PK,Pakistan,EMRO,9914.0,553128,291.0,11914
2021-02-14,PK,Pakistan,EMRO,8497.0,561625,362.0,12276
2021-02-21,PK,Pakistan,EMRO,8221.0,569846,287.0,12563
2021-02-28,PK,Pakistan,EMRO,8951.0,578797,274.0,12837
2021-03-07,PK,Pakistan,EMRO,9931.0,588728,329.0,13166
2021-03-14,PK,Pakistan,EMRO,13808.0,602536,310.0,13476
2021-03-21,PK,Pakistan,EMRO,20599.0,623135,323.0,13799
2021-03-28,PK,Pakistan,EMRO,26689.0,649824,359.0,14158
2021-04-04,PK,Pakistan,EMRO,33064.0,682888,539.0,14697
2021-04-11,PK,Pakistan,EMRO,33080.0,715968,632.0,15329
2021-04-18,PK,Pakistan,EMRO,34190.0,750158,765.0,16094
2021-04-25,PK,Pakistan,EMRO,39858.0,790016,905.0,16999
2021-05-02,PK,Pakistan,EMRO,35503.0,825519,958.0,17957
2021-05-09,PK,Pakistan,EMRO,28722.0,854241,840.0,18797
2021-05-16,PK,Pakistan,EMRO,20510.0,874751,670.0,19467
2021-05-23,PK,Pakistan,EMRO,22717.0,897468,710.0,20177
2021-05-30,PK,Pakistan,EMRO,18771.0,916239,503.0,20680
2021-06-06,PK,Pakistan,EMRO,14272.0,930511,509.0,21189
2021-06-13,PK,Pakistan,EMRO,9420.0,939931,441.0,21630
2021-06-20,PK,Pakistan,EMRO,7287.0,947218,307.0,21937
2021-06-27,PK,Pakistan,EMRO,6624.0,953842,251.0,22188
2021-07-04,PK,Pakistan,EMRO,7243.0,961085,191.0,22379
2021-07-11,PK,Pakistan,EMRO,10219.0,971304,176.0,22555
2021-07-18,PK,Pakistan,EMRO,15364.0,986668,205.0,22760
2021-07-25,PK,Pakistan,EMRO,15207.0,1001875,211.0,22971
2021-08-01,PK,Pakistan,EMRO,27936.0,1029811,389.0,23360
2021-08-08,PK,Pakistan,EMRO,33314.0,1063125,437.0,23797
2021-08-15,PK,Pakistan,EMRO,31574.0,1094699,542.0,24339
2021-08-22,PK,Pakistan,EMRO,25271.0,1119970,509.0,24848
2021-08-29,PK,Pakistan,EMRO,28602.0,1148572,687.0,25535
2021-09-05,PK,Pakistan,EMRO,26986.0,1175558,579.0,26114
2021-09-12,PK,Pakistan,EMRO,25809.0,1201367,548.0,26662
2021-09-19,PK,Pakistan,EMRO,19894.0,1221261,473.0,27135
2021-09-26,PK,Pakistan,EMRO,15627.0,1236888,389.0,27524
2021-10-03,PK,Pakistan,EMRO,11314.0,1248202,307.0,27831
2021-10-10,PK,Pakistan,EMRO,8986.0,1257188,256.0,28087
2021-10-17,PK,Pakistan,EMRO,6476.0,1263664,165.0,28252
2021-10-24,PK,Pakistan,EMRO,4281.0,1267945,107.0,28359
2021-10-31,PK,Pakistan,EMRO,4400.0,1272345,80.0,28439
2021-11-07,PK,Pakistan,EMRO,3895.0,1276240,79.0,28518
2021-11-14,PK,Pakistan,EMRO,3133.0,1279373,77.0,28595
2021-11-21,PK,Pakistan,EMRO,2186.0,1281559,60.0,28655
2021-11-28,PK,Pakistan,EMRO,2327.0,1283886,49.0,28704
2021-12-05,PK,Pakistan,EMRO,2567.0,1286453,57.0,28761
2021-12-12,PK,Pakistan,EMRO,2308.0,1288761,62.0,28823
2021-12-19,PK,Pakistan,EMRO,2087.0,1290848,47.0,28870
2021-12-26,PK,Pakistan,EMRO,2233.0,1293081,35.0,28905
2022-01-02,PK,Pakistan,EMRO,2852.0,1295933,28.0,28933
2022-01-09,PK,Pakistan,EMRO,6553.0,1302486,29.0,28962
2022-01-16,PK,Pakistan,EMRO,17634.0,1320120,41.0,29003
2022-01-23,PK,Pakistan,EMRO,39899.0,1360019,74.0,29077
2022-01-30,PK,Pakistan,EMRO,49994.0,1410013,142.0,29219
2022-02-06,PK,Pakistan,EMRO,44886.0,1454899,229.0,29448
2022-02-13,PK,Pakistan,EMRO,25693.0,1480592,283.0,29731
2022-02-20,PK,Pakistan,EMRO,18084.0,1498676,245.0,29976
2022-02-27,PK,Pakistan,EMRO,8981.0,1507657,177.0,30153
2022-03-06,PK,Pakistan,EMRO,5846.0,1513503,105.0,30258
2022-03-13,PK,Pakistan,EMRO,4580.0,1518083,46.0,30304
2022-03-20,PK,Pakistan,EMRO,3430.0,1521513,24.0,30328
2022-03-27,PK,Pakistan,EMRO,2077.0,1523590,12.0,30340
2022-04-03,PK,Pakistan,EMRO,1591.0,1525181,20.0,30360
2022-04-10,PK,Pakistan,EMRO,1291.0,1526472,1.0,30361
2022-04-17,PK,Pakistan,EMRO,679.0,1527151,2.0,30363
2022-04-24,PK,Pakistan,EMRO,600.0,1527751,6.0,30369
2022-05-01,PK,Pakistan,EMRO,205.0,1527956,0.0,30369
2022-05-08,PK,Pakistan,EMRO,0.0,1527956,0.0,30369
2022-05-15,PK,Pakistan,EMRO,1211.0,1529167,7.0,30376
2022-05-22,PK,Pakistan,EMRO,544.0,1529711,3.0,30379
2022-05-29,PK,Pakistan,EMRO,524.0,1530235,0.0,30379
2022-06-05,PK,Pakistan,EMRO,415.0,1530650,0.0,30379
2022-06-12,PK,Pakistan,EMRO,462.0,1531112,2.0,30381
2022-06-19,PK,Pakistan,EMRO,718.0,1531830,2.0,30383
2022-06-26,PK,Pakistan,EMRO,1652.0,1533482,3.0,30386
2022-07-03,PK,Pakistan,EMRO,3815.0,1537297,13.0,30399
2022-07-10,PK,Pakistan,EMRO,5080.0,1542377,21.0,30420
2022-07-17,PK,Pakistan,EMRO,3270.0,1545647,18.0,30438
2022-07-24,PK,Pakistan,EMRO,4119.0,1549766,26.0,30464
2022-07-31,PK,Pakistan,EMRO,4164.0,1553930,22.0,30486
2022-08-07,PK,Pakistan,EMRO,4627.0,1558557,19.0,30505
2022-08-14,PK,Pakistan,EMRO,3750.0,1562307,18.0,30523
2022-08-21,PK,Pakistan,EMRO,3461.0,1565768,27.0,30550
2022-08-28,PK,Pakistan,EMRO,2415.0,1568183,21.0,30571
2022-09-04,PK,Pakistan,EMRO,1605.0,1569788,17.0,30588
2022-09-11,PK,Pakistan,EMRO,1164.0,1570952,11.0,30599
2022-09-18,PK,Pakistan,EMRO,780.0,1571732,6.0,30605
2022-09-25,PK,Pakistan,EMRO,537.0,1572269,7.0,30612
2022-10-02,PK,Pakistan,EMRO,329.0,1572598,4.0,30616
2022-10-09,PK,Pakistan,EMRO,374.0,1572972,7.0,30623
2022-10-16,PK,Pakistan,EMRO,0.0,1572972,0.0,30623
2022-10-23,PK,Pakistan,EMRO,347.0,1573319,0.0,30623
2022-10-30,PK,Pakistan,EMRO,603.0,1573922,2.0,30625
2022-11-06,PK,Pakistan,EMRO,399.0,1574321,2.0,30627
2022-11-13,PK,Pakistan,EMRO,275.0,1574596,2.0,30629
2022-11-20,PK,Pakistan,EMRO,271.0,1574867,1.0,30630
2022-11-27,PK,Pakistan,EMRO,198.0,1575065,0.0,30630
2022-12-04,PK,Pakistan,EMRO,208.0,1575273,2.0,30632
2022-12-11,PK,Pakistan,EMRO,151.0,1575424,3.0,30635
2022-12-18,PK,Pakistan,EMRO,62.0,1575486,0.0,30635
2022-12-25,PK,Pakistan,EMRO,165.0,1575651,0.0,30635
2023-01-01,PK,Pakistan,EMRO,0.0,1575651,0.0,30635
2023-01-08,PK,Pakistan,EMRO,259.0,1575910,3.0,30638
2023-01-15,PK,Pakistan,EMRO,127.0,1576037,1.0,30639
2023-01-22,PK,Pakistan,EMRO,129.0,1576166,1.0,30640
2023-01-29,PK,Pakistan,EMRO,86.0,1576252,0.0,30640
2023-02-05,PK,Pakistan,EMRO,109.0,1576361,0.0,30640
2023-02-12,PK,Pakistan,EMRO,133.0,1576494,0.0,30640
2023-02-19,PK,Pakistan,EMRO,163.0,1576657,1.0,30641
2023-02-26,PK,Pakistan,EMRO,138.0,1576795,0.0,30641
2023-03-05,PK,Pakistan,EMRO,323.0,1577118,2.0,30643
2023-03-12,PK,Pakistan,EMRO,364.0,1577482,1.0,30644
2023-03-19,PK,Pakistan,EMRO,673.0,1578155,1.0,30645
2023-03-26,PK,Pakistan,EMRO,851.0,1579006,3.0,30648
2023-04-02,PK,Pakistan,EMRO,698.0,1579704,1.0,30649
2023-04-09,PK,Pakistan,EMRO,364.0,1580068,3.0,30652
2023-04-16,PK,Pakistan,EMRO,326.0,1580394,3.0,30655
2023-04-23,PK,Pakistan,EMRO,170.0,1580564,1.0,30656
2023-04-30,PK,Pakistan,EMRO,67.0,1580631,0.0,30656
2023-05-07,PK,Pakistan,EMRO,0.0,1580631,0.0,30656
2023-05-14,PK,Pakistan,EMRO,0.0,1580631,0.0,30656
2023-05-21,PK,Pakistan,EMRO,0.0,1580631,0.0,30656
2023-05-28,PK,Pakistan,EMRO,0.0,1580631,0.0,30656
2023-06-04,PK,Pakistan,EMRO,0.0,1580631,0.0,30656
2023-06-11,PK,Pakistan,EMRO,0.0,1580631,0.0,30656
2023-06-18,PK,Pakistan,EMRO,0.0,1580631,0.0,30656
2023-06-25,PK,Pakistan,EMRO,0.0,1580631,0.0,30656
2023-07-02,PK,Pakistan,EMRO,0.0,1580631,0.0,30656
2023-07-09,PK,Pakistan,EMRO,0.0,1580631,0.0,30656
2023-07-16,PK,Pakistan,EMRO,0.0,1580631,0.0,30656
2023-07-23,PK,Pakistan,EMRO,0.0,1580631,0.0,30656
2023-07-30,PK,Pakistan,EMRO,0.0,1580631,0.0,30656
2023-08-06,PK,Pakistan,EMRO,0.0,1580631,0.0,30656
2023-08-13,PK,Pakistan,EMRO,0.0,1580631,0.0,30656
2023-08-20,PK,Pakistan,EMRO,0.0,1580631,0.0,30656
2023-08-27,PK,Pakistan,EMRO,0.0,1580631,0.0,30656
2023-09-03,PK,Pakistan,EMRO,0.0,1580631,0.0,30656
2023-09-10,PK,Pakistan,EMRO,0.0,1580631,0.0,30656
2023-09-17,PK,Pakistan,EMRO,0.0,1580631,0.0,30656
2023-09-24,PK,Pakistan,EMRO,0.0,1580631,0.0,30656
2023-10-01,PK,Pakistan,EMRO,0.0,1580631,0.0,30656
2023-10-08,PK,Pakistan,EMRO,0.0,1580631,0.0,30656
2023-10-15,PK,Pakistan,EMRO,0.0,1580631,0.0,30656
2023-10-22,PK,Pakistan,EMRO,0.0,1580631,0.0,30656
2023-10-29,PK,Pakistan,EMRO,0.0,1580631,0.0,30656
2023-11-05,PK,Pakistan,EMRO,0.0,1580631,0.0,30656
2023-11-12,PK,Pakistan,EMRO,0.0,1580631,0.0,30656
2023-11-19,PK,Pakistan,EMRO,0.0,1580631,0.0,30656
2023-11-26,PK,Pakistan,EMRO,0.0,1580631,0.0,30656
2023-12-03,PK,Pakistan,EMRO,0.0,1580631,0.0,30656
2023-12-10,PK,Pakistan,EMRO,0.0,1580631,0.0,30656
2023-12-17,PK,Pakistan,EMRO,0.0,1580631,0.0,30656
2023-12-24,PK,Pakistan,EMRO,0.0,1580631,0.0,30656
2023-12-31,PK,Pakistan,EMRO,0.0,1580631,0.0,30656
2024-01-07,PK,Pakistan,EMRO,0.0,1580631,0.0,30656
2024-01-14,PK,Pakistan,EMRO,0.0,1580631,0.0,30656
2024-01-21,PK,Pakistan,EMRO,0.0,1580631,0.0,30656
2024-01-28,PK,Pakistan,EMRO,0.0,1580631,0.0,30656
2024-02-04,PK,Pakistan,EMRO,0.0,1580631,0.0,30656
2024-02-11,PK,Pakistan,EMRO,0.0,1580631,0.0,30656
2024-02-18,PK,Pakistan,EMRO,0.0,1580631,0.0,30656
2024-02-25,PK,Pakistan,EMRO,0.0,1580631,0.0,30656
2024-03-03,PK,Pakistan,EMRO,0.0,1580631,0.0,30656
2024-03-10,PK,Pakistan,EMRO,0.0,1580631,0.0,30656
2024-03-17,PK,Pakistan,EMRO,0.0,1580631,0.0,30656
2024-03-24,PK,Pakistan,EMRO,0.0,1580631,0.0,30656
2024-03-31,PK,Pakistan,EMRO,0.0,1580631,0.0,30656
2024-04-07,PK,Pakistan,EMRO,0.0,1580631,0.0,30656
2024-04-14,PK,Pakistan,EMRO,0.0,1580631,0.0,30656
2024-04-21,PK,Pakistan,EMRO,0.0,1580631,0.0,30656
2024-04-28,PK,Pakistan,EMRO,0.0,1580631,0.0,30656
