Date_reported,Country_code,Country,WHO_region,New_cases,Cumulative_cases,New_deaths,Cumulative_deaths
2020-01-05,PM,Saint Pierre and Miquelon,,0.0,0,0.0,0
2020-01-12,PM,Saint Pierre and Miquelon,,0.0,0,0.0,0
2020-01-19,PM,Saint Pierre and Miquelon,,0.0,0,0.0,0
2020-01-26,PM,Saint Pierre and Miquelon,,0.0,0,0.0,0
2020-02-02,PM,Saint Pierre and Miquelon,,0.0,0,0.0,0
2020-02-09,PM,Saint Pierre and Miquelon,,0.0,0,0.0,0
2020-02-16,PM,Saint Pierre and Miquelon,,0.0,0,0.0,0
2020-02-23,PM,Saint Pierre and Miquelon,,0.0,0,0.0,0
2020-03-01,PM,Saint Pierre and Miquelon,,0.0,0,0.0,0
2020-03-08,PM,Saint Pierre and Miquelon,,0.0,0,0.0,0
2020-03-15,PM,Saint Pierre and Miquelon,,0.0,0,0.0,0
2020-03-22,PM,Saint Pierre and Miquelon,,0.0,0,0.0,0
2020-03-29,PM,Saint Pierre and Miquelon,,0.0,0,0.0,0
2020-04-05,PM,Saint Pierre and Miquelon,,0.0,0,0.0,0
2020-04-12,PM,Saint Pierre and Miquelon,,1.0,1,0.0,0
2020-04-19,PM,Saint Pierre and Miquelon,,0.0,1,0.0,0
2020-04-26,PM,Saint Pierre and Miquelon,,0.0,1,0.0,0
2020-05-03,PM,Saint Pierre and Miquelon,,0.0,1,0.0,0
2020-05-10,PM,Saint Pierre and Miquelon,,0.0,1,0.0,0
2020-05-17,PM,Saint Pierre and Miquelon,,0.0,1,0.0,0
2020-05-24,PM,Saint Pierre and Miquelon,,0.0,1,0.0,0
2020-05-31,PM,Saint Pierre and Miquelon,,0.0,1,0.0,0
2020-06-07,PM,Saint Pierre and Miquelon,,0.0,1,0.0,0
2020-06-14,PM,Saint Pierre and Miquelon,,0.0,1,0.0,0
2020-06-21,PM,Saint Pierre and Miquelon,,0.0,1,0.0,0
2020-06-28,PM,Saint Pierre and Miquelon,,0.0,1,0.0,0
2020-07-05,PM,Saint Pierre and Miquelon,,0.0,1,0.0,0
2020-07-12,PM,Saint Pierre and Miquelon,,1.0,2,0.0,0
2020-07-19,PM,Saint Pierre and Miquelon,,2.0,4,0.0,0
2020-07-26,PM,Saint Pierre and Miquelon,,0.0,4,0.0,0
2020-08-02,PM,Saint Pierre and Miquelon,,0.0,4,0.0,0
2020-08-09,PM,Saint Pierre and Miquelon,,1.0,5,0.0,0
2020-08-16,PM,Saint Pierre and Miquelon,,0.0,5,0.0,0
2020-08-23,PM,Saint Pierre and Miquelon,,0.0,5,0.0,0
2020-08-30,PM,Saint Pierre and Miquelon,,0.0,5,0.0,0
2020-09-06,PM,Saint Pierre and Miquelon,,2.0,7,0.0,0
2020-09-13,PM,Saint Pierre and Miquelon,,4.0,11,0.0,0
2020-09-20,PM,Saint Pierre and Miquelon,,0.0,11,0.0,0
2020-09-27,PM,Saint Pierre and Miquelon,,1.0,12,0.0,0
2020-10-04,PM,Saint Pierre and Miquelon,,0.0,12,0.0,0
2020-10-11,PM,Saint Pierre and Miquelon,,0.0,12,0.0,0
2020-10-18,PM,Saint Pierre and Miquelon,,0.0,12,0.0,0
2020-10-25,PM,Saint Pierre and Miquelon,,0.0,12,0.0,0
2020-11-01,PM,Saint Pierre and Miquelon,,0.0,12,0.0,0
2020-11-08,PM,Saint Pierre and Miquelon,,2.0,14,0.0,0
2020-11-15,PM,Saint Pierre and Miquelon,,0.0,14,0.0,0
2020-11-22,PM,Saint Pierre and Miquelon,,0.0,14,0.0,0
2020-11-29,PM,Saint Pierre and Miquelon,,0.0,14,0.0,0
2020-12-06,PM,Saint Pierre and Miquelon,,0.0,14,0.0,0
2020-12-13,PM,Saint Pierre and Miquelon,,0.0,14,0.0,0
2020-12-20,PM,Saint Pierre and Miquelon,,0.0,14,0.0,0
2020-12-27,PM,Saint Pierre and Miquelon,,2.0,16,0.0,0
2021-01-03,PM,Saint Pierre and Miquelon,,0.0,16,0.0,0
2021-01-10,PM,Saint Pierre and Miquelon,,0.0,16,0.0,0
2021-01-17,PM,Saint Pierre and Miquelon,,0.0,16,0.0,0
2021-01-24,PM,Saint Pierre and Miquelon,,4.0,20,0.0,0
2021-01-31,PM,Saint Pierre and Miquelon,,4.0,24,0.0,0
2021-02-07,PM,Saint Pierre and Miquelon,,0.0,24,0.0,0
2021-02-14,PM,Saint Pierre and Miquelon,,0.0,24,0.0,0
2021-02-21,PM,Saint Pierre and Miquelon,,0.0,24,0.0,0
2021-02-28,PM,Saint Pierre and Miquelon,,0.0,24,0.0,0
2021-03-07,PM,Saint Pierre and Miquelon,,0.0,24,0.0,0
2021-03-14,PM,Saint Pierre and Miquelon,,0.0,24,0.0,0
2021-03-21,PM,Saint Pierre and Miquelon,,0.0,24,0.0,0
2021-03-28,PM,Saint Pierre and Miquelon,,0.0,24,0.0,0
2021-04-04,PM,Saint Pierre and Miquelon,,0.0,24,0.0,0
2021-04-11,PM,Saint Pierre and Miquelon,,1.0,25,0.0,0
2021-04-18,PM,Saint Pierre and Miquelon,,0.0,25,0.0,0
2021-04-25,PM,Saint Pierre and Miquelon,,0.0,25,0.0,0
2021-05-02,PM,Saint Pierre and Miquelon,,0.0,25,0.0,0
2021-05-09,PM,Saint Pierre and Miquelon,,0.0,25,0.0,0
2021-05-16,PM,Saint Pierre and Miquelon,,0.0,25,0.0,0
2021-05-23,PM,Saint Pierre and Miquelon,,0.0,25,0.0,0
2021-05-30,PM,Saint Pierre and Miquelon,,0.0,25,0.0,0
2021-06-06,PM,Saint Pierre and Miquelon,,0.0,25,0.0,0
2021-06-13,PM,Saint Pierre and Miquelon,,1.0,26,0.0,0
2021-06-20,PM,Saint Pierre and Miquelon,,0.0,26,0.0,0
2021-06-27,PM,Saint Pierre and Miquelon,,0.0,26,0.0,0
2021-07-04,PM,Saint Pierre and Miquelon,,0.0,26,0.0,0
2021-07-11,PM,Saint Pierre and Miquelon,,0.0,26,0.0,0
2021-07-18,PM,Saint Pierre and Miquelon,,0.0,26,0.0,0
2021-07-25,PM,Saint Pierre and Miquelon,,2.0,28,0.0,0
2021-08-01,PM,Saint Pierre and Miquelon,,0.0,28,0.0,0
2021-08-08,PM,Saint Pierre and Miquelon,,2.0,30,0.0,0
2021-08-15,PM,Saint Pierre and Miquelon,,0.0,30,0.0,0
2021-08-22,PM,Saint Pierre and Miquelon,,0.0,30,0.0,0
2021-08-29,PM,Saint Pierre and Miquelon,,0.0,30,0.0,0
2021-09-05,PM,Saint Pierre and Miquelon,,1.0,31,0.0,0
2021-09-12,PM,Saint Pierre and Miquelon,,0.0,31,0.0,0
2021-09-19,PM,Saint Pierre and Miquelon,,0.0,31,0.0,0
2021-09-26,PM,Saint Pierre and Miquelon,,0.0,31,0.0,0
2021-10-03,PM,Saint Pierre and Miquelon,,0.0,31,0.0,0
2021-10-10,PM,Saint Pierre and Miquelon,,1.0,32,0.0,0
2021-10-17,PM,Saint Pierre and Miquelon,,0.0,32,0.0,0
2021-10-24,PM,Saint Pierre and Miquelon,,0.0,32,0.0,0
2021-10-31,PM,Saint Pierre and Miquelon,,0.0,32,0.0,0
2021-11-07,PM,Saint Pierre and Miquelon,,0.0,32,0.0,0
2021-11-14,PM,Saint Pierre and Miquelon,,1.0,33,0.0,0
2021-11-21,PM,Saint Pierre and Miquelon,,11.0,44,0.0,0
2021-11-28,PM,Saint Pierre and Miquelon,,31.0,75,0.0,0
2021-12-05,PM,Saint Pierre and Miquelon,,13.0,88,0.0,0
2021-12-12,PM,Saint Pierre and Miquelon,,7.0,95,0.0,0
2021-12-19,PM,Saint Pierre and Miquelon,,1.0,96,0.0,0
2021-12-26,PM,Saint Pierre and Miquelon,,2.0,98,0.0,0
2022-01-02,PM,Saint Pierre and Miquelon,,0.0,98,0.0,0
2022-01-09,PM,Saint Pierre and Miquelon,,15.0,113,0.0,0
2022-01-16,PM,Saint Pierre and Miquelon,,142.0,255,0.0,0
2022-01-23,PM,Saint Pierre and Miquelon,,183.0,438,0.0,0
2022-01-30,PM,Saint Pierre and Miquelon,,190.0,628,0.0,0
2022-02-06,PM,Saint Pierre and Miquelon,,200.0,828,1.0,1
2022-02-13,PM,Saint Pierre and Miquelon,,93.0,921,0.0,1
2022-02-20,PM,Saint Pierre and Miquelon,,44.0,965,0.0,1
2022-02-27,PM,Saint Pierre and Miquelon,,30.0,995,0.0,1
2022-03-06,PM,Saint Pierre and Miquelon,,8.0,1003,0.0,1
2022-03-13,PM,Saint Pierre and Miquelon,,52.0,1055,0.0,1
2022-03-20,PM,Saint Pierre and Miquelon,,298.0,1353,0.0,1
2022-03-27,PM,Saint Pierre and Miquelon,,577.0,1930,0.0,1
2022-04-03,PM,Saint Pierre and Miquelon,,306.0,2236,0.0,1
2022-04-10,PM,Saint Pierre and Miquelon,,182.0,2418,0.0,1
2022-04-17,PM,Saint Pierre and Miquelon,,119.0,2537,0.0,1
2022-04-24,PM,Saint Pierre and Miquelon,,104.0,2641,0.0,1
2022-05-01,PM,Saint Pierre and Miquelon,,60.0,2701,0.0,1
2022-05-08,PM,Saint Pierre and Miquelon,,26.0,2727,0.0,1
2022-05-15,PM,Saint Pierre and Miquelon,,12.0,2739,0.0,1
2022-05-22,PM,Saint Pierre and Miquelon,,9.0,2748,0.0,1
2022-05-29,PM,Saint Pierre and Miquelon,,2.0,2750,0.0,1
2022-06-05,PM,Saint Pierre and Miquelon,,12.0,2762,0.0,1
2022-06-12,PM,Saint Pierre and Miquelon,,3.0,2765,0.0,1
2022-06-19,PM,Saint Pierre and Miquelon,,0.0,2765,0.0,1
2022-06-26,PM,Saint Pierre and Miquelon,,2.0,2767,0.0,1
2022-07-03,PM,Saint Pierre and Miquelon,,12.0,2779,0.0,1
2022-07-10,PM,Saint Pierre and Miquelon,,78.0,2857,0.0,1
2022-07-17,PM,Saint Pierre and Miquelon,,113.0,2970,0.0,1
2022-07-24,PM,Saint Pierre and Miquelon,,56.0,3026,0.0,1
2022-07-31,PM,Saint Pierre and Miquelon,,57.0,3083,0.0,1
2022-08-07,PM,Saint Pierre and Miquelon,,29.0,3112,0.0,1
2022-08-14,PM,Saint Pierre and Miquelon,,19.0,3131,0.0,1
2022-08-21,PM,Saint Pierre and Miquelon,,6.0,3137,0.0,1
2022-08-28,PM,Saint Pierre and Miquelon,,9.0,3146,0.0,1
2022-09-04,PM,Saint Pierre and Miquelon,,12.0,3158,0.0,1
2022-09-11,PM,Saint Pierre and Miquelon,,8.0,3166,0.0,1
2022-09-18,PM,Saint Pierre and Miquelon,,14.0,3180,0.0,1
2022-09-25,PM,Saint Pierre and Miquelon,,8.0,3188,0.0,1
2022-10-02,PM,Saint Pierre and Miquelon,,11.0,3199,0.0,1
2022-10-09,PM,Saint Pierre and Miquelon,,2.0,3201,0.0,1
2022-10-16,PM,Saint Pierre and Miquelon,,6.0,3207,0.0,1
2022-10-23,PM,Saint Pierre and Miquelon,,5.0,3212,0.0,1
2022-10-30,PM,Saint Pierre and Miquelon,,2.0,3214,0.0,1
2022-11-06,PM,Saint Pierre and Miquelon,,1.0,3215,0.0,1
2022-11-13,PM,Saint Pierre and Miquelon,,3.0,3218,0.0,1
2022-11-20,PM,Saint Pierre and Miquelon,,17.0,3235,0.0,1
2022-11-27,PM,Saint Pierre and Miquelon,,35.0,3270,0.0,1
2022-12-04,PM,Saint Pierre and Miquelon,,24.0,3294,1.0,2
2022-12-11,PM,Saint Pierre and Miquelon,,26.0,3320,0.0,2
2022-12-18,PM,Saint Pierre and Miquelon,,16.0,3336,0.0,2
2022-12-25,PM,Saint Pierre and Miquelon,,12.0,3348,0.0,2
2023-01-01,PM,Saint Pierre and Miquelon,,19.0,3367,0.0,2
2023-01-08,PM,Saint Pierre and Miquelon,,28.0,3395,0.0,2
2023-01-15,PM,Saint Pierre and Miquelon,,5.0,3400,0.0,2
2023-01-22,PM,Saint Pierre and Miquelon,,5.0,3405,0.0,2
2023-01-29,PM,Saint Pierre and Miquelon,,5.0,3410,0.0,2
2023-02-05,PM,Saint Pierre and Miquelon,,2.0,3412,0.0,2
2023-02-12,PM,Saint Pierre and Miquelon,,1.0,3413,0.0,2
2023-02-19,PM,Saint Pierre and Miquelon,,2.0,3415,0.0,2
2023-02-26,PM,Saint Pierre and Miquelon,,2.0,3417,0.0,2
2023-03-05,PM,Saint Pierre and Miquelon,,1.0,3418,0.0,2
2023-03-12,PM,Saint Pierre and Miquelon,,5.0,3423,0.0,2
2023-03-19,PM,Saint Pierre and Miquelon,,1.0,3424,0.0,2
2023-03-26,PM,Saint Pierre and Miquelon,,2.0,3426,0.0,2
2023-04-02,PM,Saint Pierre and Miquelon,,0.0,3426,0.0,2
2023-04-09,PM,Saint Pierre and Miquelon,,0.0,3426,0.0,2
2023-04-16,PM,Saint Pierre and Miquelon,,0.0,3426,0.0,2
2023-04-23,PM,Saint Pierre and Miquelon,,0.0,3426,0.0,2
2023-04-30,PM,Saint Pierre and Miquelon,,0.0,3426,0.0,2
2023-05-07,PM,Saint Pierre and Miquelon,,0.0,3426,0.0,2
2023-05-14,PM,Saint Pierre and Miquelon,,0.0,3426,0.0,2
2023-05-21,PM,Saint Pierre and Miquelon,,0.0,3426,0.0,2
2023-05-28,PM,Saint Pierre and Miquelon,,0.0,3426,0.0,2
2023-06-04,PM,Saint Pierre and Miquelon,,0.0,3426,0.0,2
2023-06-11,PM,Saint Pierre and Miquelon,,0.0,3426,0.0,2
2023-06-18,PM,Saint Pierre and Miquelon,,0.0,3426,0.0,2
2023-06-25,PM,Saint Pierre and Miquelon,,0.0,3426,0.0,2
2023-07-02,PM,Saint Pierre and Miquelon,,0.0,3426,0.0,2
2023-07-09,PM,Saint Pierre and Miquelon,,0.0,3426,0.0,2
2023-07-16,PM,Saint Pierre and Miquelon,,0.0,3426,0.0,2
2023-07-23,PM,Saint Pierre and Miquelon,,0.0,3426,0.0,2
2023-07-30,PM,Saint Pierre and Miquelon,,0.0,3426,0.0,2
2023-08-06,PM,Saint Pierre and Miquelon,,0.0,3426,0.0,2
2023-08-13,PM,Saint Pierre and Miquelon,,0.0,3426,0.0,2
2023-08-20,PM,Saint Pierre and Miquelon,,0.0,3426,0.0,2
2023-08-27,PM,Saint Pierre and Miquelon,,0.0,3426,0.0,2
2023-09-03,PM,Saint Pierre and Miquelon,,0.0,3426,0.0,2
2023-09-10,PM,Saint Pierre and Miquelon,,0.0,3426,0.0,2
2023-09-17,PM,Saint Pierre and Miquelon,,0.0,3426,0.0,2
2023-09-24,PM,Saint Pierre and Miquelon,,0.0,3426,0.0,2
2023-10-01,PM,Saint Pierre and Miquelon,,0.0,3426,0.0,2
2023-10-08,PM,Saint Pierre and Miquelon,,0.0,3426,0.0,2
2023-10-15,PM,Saint Pierre and Miquelon,,0.0,3426,0.0,2
2023-10-22,PM,Saint Pierre and Miquelon,,0.0,3426,0.0,2
2023-10-29,PM,Saint Pierre and Miquelon,,0.0,3426,0.0,2
2023-11-05,PM,Saint Pierre and Miquelon,,0.0,3426,0.0,2
2023-11-12,PM,Saint Pierre and Miquelon,,0.0,3426,0.0,2
2023-11-19,PM,Saint Pierre and Miquelon,,0.0,3426,0.0,2
2023-11-26,PM,Saint Pierre and Miquelon,,0.0,3426,0.0,2
2023-12-03,PM,Saint Pierre and Miquelon,,0.0,3426,0.0,2
2023-12-10,PM,Saint Pierre and Miquelon,,0.0,3426,0.0,2
2023-12-17,PM,Saint Pierre and Miquelon,,0.0,3426,0.0,2
2023-12-24,PM,Saint Pierre and Miquelon,,0.0,3426,0.0,2
2023-12-31,PM,Saint Pierre and Miquelon,,0.0,3426,0.0,2
2024-01-07,PM,Saint Pierre and Miquelon,,0.0,3426,0.0,2
2024-01-14,PM,Saint Pierre and Miquelon,,0.0,3426,0.0,2
2024-01-21,PM,Saint Pierre and Miquelon,,0.0,3426,0.0,2
2024-01-28,PM,Saint Pierre and Miquelon,,0.0,3426,0.0,2
2024-02-04,PM,Saint Pierre and Miquelon,,0.0,3426,0.0,2
2024-02-11,PM,Saint Pierre and Miquelon,,0.0,3426,0.0,2
2024-02-18,PM,Saint Pierre and Miquelon,,0.0,3426,0.0,2
2024-02-25,PM,Saint Pierre and Miquelon,,0.0,3426,0.0,2
2024-03-03,PM,Saint Pierre and Miquelon,,0.0,3426,0.0,2
2024-03-10,PM,Saint Pierre and Miquelon,,0.0,3426,0.0,2
2024-03-17,PM,Saint Pierre and Miquelon,,0.0,3426,0.0,2
2024-03-24,PM,Saint Pierre and Miquelon,,0.0,3426,0.0,2
2024-03-31,PM,Saint Pierre and Miquelon,,0.0,3426,0.0,2
2024-04-07,PM,Saint Pierre and Miquelon,,0.0,3426,0.0,2
2024-04-14,PM,Saint Pierre and Miquelon,,0.0,3426,0.0,2
2024-04-21,PM,Saint Pierre and Miquelon,,0.0,3426,0.0,2
2024-04-28,PM,Saint Pierre and Miquelon,,0.0,3426,0.0,2
