Date_reported,Country_code,Country,WHO_region,New_cases,Cumulative_cases,New_deaths,Cumulative_deaths
2020-01-05,PS,"occupied Palestinian territory, including east Jerusalem",EMRO,0.0,0,0.0,0
2020-01-12,PS,"occupied Palestinian territory, including east Jerusalem",EMRO,0.0,0,0.0,0
2020-01-19,PS,"occupied Palestinian territory, including east Jerusalem",EMRO,0.0,0,0.0,0
2020-01-26,PS,"occupied Palestinian territory, including east Jerusalem",EMRO,0.0,0,0.0,0
2020-02-02,PS,"occupied Palestinian territory, including east Jerusalem",EMRO,0.0,0,0.0,0
2020-02-09,PS,"occupied Palestinian territory, including east Jerusalem",EMRO,0.0,0,0.0,0
2020-02-16,PS,"occupied Palestinian territory, including east Jerusalem",EMRO,0.0,0,0.0,0
2020-02-23,PS,"occupied Palestinian territory, including east Jerusalem",EMRO,0.0,0,0.0,0
2020-03-01,PS,"occupied Palestinian territory, including east Jerusalem",EMRO,0.0,0,0.0,0
2020-03-08,PS,"occupied Palestinian territory, including east Jerusalem",EMRO,19.0,19,0.0,0
2020-03-15,PS,"occupied Palestinian territory, including east Jerusalem",EMRO,19.0,38,0.0,0
2020-03-22,PS,"occupied Palestinian territory, including east Jerusalem",EMRO,15.0,53,0.0,0
2020-03-29,PS,"occupied Palestinian territory, including east Jerusalem",EMRO,44.0,97,1.0,1
2020-04-05,PS,"occupied Palestinian territory, including east Jerusalem",EMRO,120.0,217,0.0,1
2020-04-12,PS,"occupied Palestinian territory, including east Jerusalem",EMRO,51.0,268,1.0,2
2020-04-19,PS,"occupied Palestinian territory, including east Jerusalem",EMRO,45.0,313,0.0,2
2020-04-26,PS,"occupied Palestinian territory, including east Jerusalem",EMRO,29.0,342,0.0,2
2020-05-03,PS,"occupied Palestinian territory, including east Jerusalem",EMRO,11.0,353,0.0,2
2020-05-10,PS,"occupied Palestinian territory, including east Jerusalem",EMRO,194.0,547,2.0,4
2020-05-17,PS,"occupied Palestinian territory, including east Jerusalem",EMRO,8.0,555,0.0,4
2020-05-24,PS,"occupied Palestinian territory, including east Jerusalem",EMRO,47.0,602,1.0,5
2020-05-31,PS,"occupied Palestinian territory, including east Jerusalem",EMRO,24.0,626,0.0,5
2020-06-07,PS,"occupied Palestinian territory, including east Jerusalem",EMRO,17.0,643,0.0,5
2020-06-14,PS,"occupied Palestinian territory, including east Jerusalem",EMRO,30.0,673,0.0,5
2020-06-21,PS,"occupied Palestinian territory, including east Jerusalem",EMRO,306.0,979,0.0,5
2020-06-28,PS,"occupied Palestinian territory, including east Jerusalem",EMRO,1074.0,2053,2.0,7
2020-07-05,PS,"occupied Palestinian territory, including east Jerusalem",EMRO,2197.0,4250,12.0,19
2020-07-12,PS,"occupied Palestinian territory, including east Jerusalem",EMRO,2438.0,6688,13.0,32
2020-07-19,PS,"occupied Palestinian territory, including east Jerusalem",EMRO,2899.0,9587,30.0,62
2020-07-26,PS,"occupied Palestinian territory, including east Jerusalem",EMRO,3208.0,12795,16.0,78
2020-08-02,PS,"occupied Palestinian territory, including east Jerusalem",EMRO,2760.0,15555,8.0,86
2020-08-09,PS,"occupied Palestinian territory, including east Jerusalem",EMRO,2819.0,18374,17.0,103
2020-08-16,PS,"occupied Palestinian territory, including east Jerusalem",EMRO,3180.0,21554,16.0,119
2020-08-23,PS,"occupied Palestinian territory, including east Jerusalem",EMRO,3144.0,24698,19.0,138
2020-08-30,PS,"occupied Palestinian territory, including east Jerusalem",EMRO,3829.0,28527,26.0,164
2020-09-06,PS,"occupied Palestinian territory, including east Jerusalem",EMRO,4723.0,33250,35.0,199
2020-09-13,PS,"occupied Palestinian territory, including east Jerusalem",EMRO,5266.0,38516,39.0,238
2020-09-20,PS,"occupied Palestinian territory, including east Jerusalem",EMRO,6247.0,44763,53.0,291
2020-09-27,PS,"occupied Palestinian territory, including east Jerusalem",EMRO,3809.0,48572,43.0,334
2020-10-04,PS,"occupied Palestinian territory, including east Jerusalem",EMRO,3441.0,52013,56.0,390
2020-10-11,PS,"occupied Palestinian territory, including east Jerusalem",EMRO,3121.0,55134,52.0,442
2020-10-18,PS,"occupied Palestinian territory, including east Jerusalem",EMRO,3016.0,58150,30.0,472
2020-10-25,PS,"occupied Palestinian territory, including east Jerusalem",EMRO,3443.0,61593,42.0,514
2020-11-01,PS,"occupied Palestinian territory, including east Jerusalem",EMRO,3669.0,65262,41.0,555
2020-11-08,PS,"occupied Palestinian territory, including east Jerusalem",EMRO,4350.0,69612,29.0,584
2020-11-15,PS,"occupied Palestinian territory, including east Jerusalem",EMRO,4738.0,74350,49.0,633
2020-11-22,PS,"occupied Palestinian territory, including east Jerusalem",EMRO,8430.0,82780,65.0,698
2020-11-29,PS,"occupied Palestinian territory, including east Jerusalem",EMRO,12081.0,94861,93.0,791
2020-12-06,PS,"occupied Palestinian territory, including east Jerusalem",EMRO,14841.0,109702,114.0,905
2020-12-13,PS,"occupied Palestinian territory, including east Jerusalem",EMRO,13300.0,123002,157.0,1062
2020-12-20,PS,"occupied Palestinian territory, including east Jerusalem",EMRO,14104.0,137106,170.0,1232
2020-12-27,PS,"occupied Palestinian territory, including east Jerusalem",EMRO,11434.0,148540,174.0,1406
2021-01-03,PS,"occupied Palestinian territory, including east Jerusalem",EMRO,9339.0,157879,172.0,1578
2021-01-10,PS,"occupied Palestinian territory, including east Jerusalem",EMRO,7371.0,165250,157.0,1735
2021-01-17,PS,"occupied Palestinian territory, including east Jerusalem",EMRO,5387.0,170637,126.0,1861
2021-01-24,PS,"occupied Palestinian territory, including east Jerusalem",EMRO,3776.0,174413,90.0,1951
2021-01-31,PS,"occupied Palestinian territory, including east Jerusalem",EMRO,4103.0,178516,59.0,2010
2021-02-07,PS,"occupied Palestinian territory, including east Jerusalem",EMRO,4025.0,182541,48.0,2058
2021-02-14,PS,"occupied Palestinian territory, including east Jerusalem",EMRO,5923.0,188464,67.0,2125
2021-02-21,PS,"occupied Palestinian territory, including east Jerusalem",EMRO,6411.0,194875,47.0,2172
2021-02-28,PS,"occupied Palestinian territory, including east Jerusalem",EMRO,11563.0,206438,64.0,2236
2021-03-07,PS,"occupied Palestinian territory, including east Jerusalem",EMRO,14201.0,220639,116.0,2352
2021-03-14,PS,"occupied Palestinian territory, including east Jerusalem",EMRO,13810.0,234449,142.0,2494
2021-03-21,PS,"occupied Palestinian territory, including east Jerusalem",EMRO,14972.0,249421,162.0,2656
2021-03-28,PS,"occupied Palestinian territory, including east Jerusalem",EMRO,13799.0,263220,154.0,2810
2021-04-04,PS,"occupied Palestinian territory, including east Jerusalem",EMRO,13910.0,277130,131.0,2941
2021-04-11,PS,"occupied Palestinian territory, including east Jerusalem",EMRO,17509.0,294639,161.0,3102
2021-04-18,PS,"occupied Palestinian territory, including east Jerusalem",EMRO,13940.0,308579,149.0,3251
2021-04-25,PS,"occupied Palestinian territory, including east Jerusalem",EMRO,10521.0,319100,168.0,3419
2021-05-02,PS,"occupied Palestinian territory, including east Jerusalem",EMRO,6867.0,325967,106.0,3525
2021-05-09,PS,"occupied Palestinian territory, including east Jerusalem",EMRO,4311.0,330278,94.0,3619
2021-05-16,PS,"occupied Palestinian territory, including east Jerusalem",EMRO,2221.0,332499,72.0,3691
2021-05-23,PS,"occupied Palestinian territory, including east Jerusalem",EMRO,1543.0,334042,36.0,3727
2021-05-30,PS,"occupied Palestinian territory, including east Jerusalem",EMRO,2637.0,336679,33.0,3760
2021-06-06,PS,"occupied Palestinian territory, including east Jerusalem",EMRO,2015.0,338694,24.0,3784
2021-06-13,PS,"occupied Palestinian territory, including east Jerusalem",EMRO,1559.0,340253,14.0,3798
2021-06-20,PS,"occupied Palestinian territory, including east Jerusalem",EMRO,1193.0,341446,20.0,3818
2021-06-27,PS,"occupied Palestinian territory, including east Jerusalem",EMRO,1035.0,342481,8.0,3826
2021-07-04,PS,"occupied Palestinian territory, including east Jerusalem",EMRO,852.0,343333,12.0,3838
2021-07-11,PS,"occupied Palestinian territory, including east Jerusalem",EMRO,615.0,343948,10.0,3848
2021-07-18,PS,"occupied Palestinian territory, including east Jerusalem",EMRO,534.0,344482,7.0,3855
2021-07-25,PS,"occupied Palestinian territory, including east Jerusalem",EMRO,390.0,344872,10.0,3865
2021-08-01,PS,"occupied Palestinian territory, including east Jerusalem",EMRO,830.0,345702,7.0,3872
2021-08-08,PS,"occupied Palestinian territory, including east Jerusalem",EMRO,1010.0,346712,7.0,3879
2021-08-15,PS,"occupied Palestinian territory, including east Jerusalem",EMRO,2396.0,349108,12.0,3891
2021-08-22,PS,"occupied Palestinian territory, including east Jerusalem",EMRO,5495.0,354603,9.0,3900
2021-08-29,PS,"occupied Palestinian territory, including east Jerusalem",EMRO,10406.0,365009,37.0,3937
2021-09-05,PS,"occupied Palestinian territory, including east Jerusalem",EMRO,16213.0,381222,51.0,3988
2021-09-12,PS,"occupied Palestinian territory, including east Jerusalem",EMRO,16351.0,397573,79.0,4067
2021-09-19,PS,"occupied Palestinian territory, including east Jerusalem",EMRO,14869.0,412442,110.0,4177
2021-09-26,PS,"occupied Palestinian territory, including east Jerusalem",EMRO,13591.0,426033,109.0,4286
2021-10-03,PS,"occupied Palestinian territory, including east Jerusalem",EMRO,10103.0,436136,114.0,4400
2021-10-10,PS,"occupied Palestinian territory, including east Jerusalem",EMRO,7080.0,443216,95.0,4495
2021-10-17,PS,"occupied Palestinian territory, including east Jerusalem",EMRO,4666.0,447882,81.0,4576
2021-10-24,PS,"occupied Palestinian territory, including east Jerusalem",EMRO,3307.0,451189,50.0,4626
2021-10-31,PS,"occupied Palestinian territory, including east Jerusalem",EMRO,2358.0,453547,50.0,4676
2021-11-07,PS,"occupied Palestinian territory, including east Jerusalem",EMRO,1944.0,455491,40.0,4716
2021-11-14,PS,"occupied Palestinian territory, including east Jerusalem",EMRO,1478.0,456969,35.0,4751
2021-11-21,PS,"occupied Palestinian territory, including east Jerusalem",EMRO,1304.0,458273,23.0,4774
2021-11-28,PS,"occupied Palestinian territory, including east Jerusalem",EMRO,1416.0,459689,18.0,4792
2021-12-05,PS,"occupied Palestinian territory, including east Jerusalem",EMRO,2255.0,461944,22.0,4814
2021-12-12,PS,"occupied Palestinian territory, including east Jerusalem",EMRO,2092.0,464036,23.0,4837
2021-12-19,PS,"occupied Palestinian territory, including east Jerusalem",EMRO,2291.0,466327,30.0,4867
2021-12-26,PS,"occupied Palestinian territory, including east Jerusalem",EMRO,2116.0,468443,33.0,4900
2022-01-02,PS,"occupied Palestinian territory, including east Jerusalem",EMRO,2215.0,470658,42.0,4942
2022-01-09,PS,"occupied Palestinian territory, including east Jerusalem",EMRO,1988.0,472646,36.0,4978
2022-01-16,PS,"occupied Palestinian territory, including east Jerusalem",EMRO,3040.0,475686,38.0,5016
2022-01-23,PS,"occupied Palestinian territory, including east Jerusalem",EMRO,7293.0,482979,33.0,5049
2022-01-30,PS,"occupied Palestinian territory, including east Jerusalem",EMRO,33080.0,516059,38.0,5087
2022-02-06,PS,"occupied Palestinian territory, including east Jerusalem",EMRO,58046.0,574105,65.0,5152
2022-02-13,PS,"occupied Palestinian territory, including east Jerusalem",EMRO,37153.0,611258,113.0,5265
2022-02-20,PS,"occupied Palestinian territory, including east Jerusalem",EMRO,20498.0,631756,126.0,5391
2022-02-27,PS,"occupied Palestinian territory, including east Jerusalem",EMRO,12881.0,644637,105.0,5496
2022-03-06,PS,"occupied Palestinian territory, including east Jerusalem",EMRO,6488.0,651125,81.0,5577
2022-03-13,PS,"occupied Palestinian territory, including east Jerusalem",EMRO,2537.0,653662,35.0,5612
2022-03-20,PS,"occupied Palestinian territory, including east Jerusalem",EMRO,1292.0,654954,29.0,5641
2022-03-27,PS,"occupied Palestinian territory, including east Jerusalem",EMRO,796.0,655750,14.0,5655
2022-04-03,PS,"occupied Palestinian territory, including east Jerusalem",EMRO,537.0,656287,0.0,5655
2022-04-10,PS,"occupied Palestinian territory, including east Jerusalem",EMRO,330.0,656617,1.0,5656
2022-04-17,PS,"occupied Palestinian territory, including east Jerusalem",EMRO,259.0,656876,1.0,5657
2022-04-24,PS,"occupied Palestinian territory, including east Jerusalem",EMRO,184.0,657060,0.0,5657
2022-05-01,PS,"occupied Palestinian territory, including east Jerusalem",EMRO,0.0,657060,0.0,5657
2022-05-08,PS,"occupied Palestinian territory, including east Jerusalem",EMRO,133.0,657193,0.0,5657
2022-05-15,PS,"occupied Palestinian territory, including east Jerusalem",EMRO,263.0,657456,2.0,5659
2022-05-22,PS,"occupied Palestinian territory, including east Jerusalem",EMRO,117.0,657573,1.0,5660
2022-05-29,PS,"occupied Palestinian territory, including east Jerusalem",EMRO,132.0,657705,0.0,5660
2022-06-05,PS,"occupied Palestinian territory, including east Jerusalem",EMRO,174.0,657879,0.0,5660
2022-06-12,PS,"occupied Palestinian territory, including east Jerusalem",EMRO,221.0,658100,0.0,5660
2022-06-19,PS,"occupied Palestinian territory, including east Jerusalem",EMRO,403.0,658503,0.0,5660
2022-06-26,PS,"occupied Palestinian territory, including east Jerusalem",EMRO,1350.0,659853,0.0,5660
2022-07-03,PS,"occupied Palestinian territory, including east Jerusalem",EMRO,2637.0,662490,2.0,5662
2022-07-10,PS,"occupied Palestinian territory, including east Jerusalem",EMRO,2595.0,665085,1.0,5663
2022-07-17,PS,"occupied Palestinian territory, including east Jerusalem",EMRO,6954.0,672039,1.0,5664
2022-07-24,PS,"occupied Palestinian territory, including east Jerusalem",EMRO,10057.0,682096,14.0,5678
2022-07-31,PS,"occupied Palestinian territory, including east Jerusalem",EMRO,8969.0,691065,10.0,5688
2022-08-07,PS,"occupied Palestinian territory, including east Jerusalem",EMRO,6382.0,697447,3.0,5691
2022-08-14,PS,"occupied Palestinian territory, including east Jerusalem",EMRO,937.0,698384,3.0,5694
2022-08-21,PS,"occupied Palestinian territory, including east Jerusalem",EMRO,0.0,698384,0.0,5694
2022-08-28,PS,"occupied Palestinian territory, including east Jerusalem",EMRO,3355.0,701739,6.0,5700
2022-09-04,PS,"occupied Palestinian territory, including east Jerusalem",EMRO,852.0,702591,6.0,5706
2022-09-11,PS,"occupied Palestinian territory, including east Jerusalem",EMRO,177.0,702768,1.0,5707
2022-09-18,PS,"occupied Palestinian territory, including east Jerusalem",EMRO,0.0,702768,0.0,5707
2022-09-25,PS,"occupied Palestinian territory, including east Jerusalem",EMRO,102.0,702870,1.0,5708
2022-10-02,PS,"occupied Palestinian territory, including east Jerusalem",EMRO,70.0,702940,0.0,5708
2022-10-09,PS,"occupied Palestinian territory, including east Jerusalem",EMRO,37.0,702977,0.0,5708
2022-10-16,PS,"occupied Palestinian territory, including east Jerusalem",EMRO,37.0,703014,0.0,5708
2022-10-23,PS,"occupied Palestinian territory, including east Jerusalem",EMRO,0.0,703014,0.0,5708
2022-10-30,PS,"occupied Palestinian territory, including east Jerusalem",EMRO,22.0,703036,0.0,5708
2022-11-06,PS,"occupied Palestinian territory, including east Jerusalem",EMRO,33.0,703069,0.0,5708
2022-11-13,PS,"occupied Palestinian territory, including east Jerusalem",EMRO,0.0,703069,0.0,5708
2022-11-20,PS,"occupied Palestinian territory, including east Jerusalem",EMRO,0.0,703069,0.0,5708
2022-11-27,PS,"occupied Palestinian territory, including east Jerusalem",EMRO,0.0,703069,0.0,5708
2022-12-04,PS,"occupied Palestinian territory, including east Jerusalem",EMRO,0.0,703069,0.0,5708
2022-12-11,PS,"occupied Palestinian territory, including east Jerusalem",EMRO,159.0,703228,0.0,5708
2022-12-18,PS,"occupied Palestinian territory, including east Jerusalem",EMRO,0.0,703228,0.0,5708
2022-12-25,PS,"occupied Palestinian territory, including east Jerusalem",EMRO,0.0,703228,0.0,5708
2023-01-01,PS,"occupied Palestinian territory, including east Jerusalem",EMRO,0.0,703228,0.0,5708
2023-01-08,PS,"occupied Palestinian territory, including east Jerusalem",EMRO,0.0,703228,0.0,5708
2023-01-15,PS,"occupied Palestinian territory, including east Jerusalem",EMRO,0.0,703228,0.0,5708
2023-01-22,PS,"occupied Palestinian territory, including east Jerusalem",EMRO,0.0,703228,0.0,5708
2023-01-29,PS,"occupied Palestinian territory, including east Jerusalem",EMRO,0.0,703228,0.0,5708
2023-02-05,PS,"occupied Palestinian territory, including east Jerusalem",EMRO,0.0,703228,0.0,5708
2023-02-12,PS,"occupied Palestinian territory, including east Jerusalem",EMRO,0.0,703228,0.0,5708
2023-02-19,PS,"occupied Palestinian territory, including east Jerusalem",EMRO,0.0,703228,0.0,5708
2023-02-26,PS,"occupied Palestinian territory, including east Jerusalem",EMRO,0.0,703228,0.0,5708
2023-03-05,PS,"occupied Palestinian territory, including east Jerusalem",EMRO,0.0,703228,0.0,5708
2023-03-12,PS,"occupied Palestinian territory, including east Jerusalem",EMRO,0.0,703228,0.0,5708
2023-03-19,PS,"occupied Palestinian territory, including east Jerusalem",EMRO,0.0,703228,0.0,5708
2023-03-26,PS,"occupied Palestinian territory, including east Jerusalem",EMRO,0.0,703228,0.0,5708
2023-04-02,PS,"occupied Palestinian territory, including east Jerusalem",EMRO,0.0,703228,0.0,5708
2023-04-09,PS,"occupied Palestinian territory, including east Jerusalem",EMRO,0.0,703228,0.0,5708
2023-04-16,PS,"occupied Palestinian territory, including east Jerusalem",EMRO,0.0,703228,0.0,5708
2023-04-23,PS,"occupied Palestinian territory, including east Jerusalem",EMRO,0.0,703228,0.0,5708
2023-04-30,PS,"occupied Palestinian territory, including east Jerusalem",EMRO,0.0,703228,0.0,5708
2023-05-07,PS,"occupied Palestinian territory, including east Jerusalem",EMRO,0.0,703228,0.0,5708
2023-05-14,PS,"occupied Palestinian territory, including east Jerusalem",EMRO,0.0,703228,0.0,5708
2023-05-21,PS,"occupied Palestinian territory, including east Jerusalem",EMRO,0.0,703228,0.0,5708
2023-05-28,PS,"occupied Palestinian territory, including east Jerusalem",EMRO,0.0,703228,0.0,5708
2023-06-04,PS,"occupied Palestinian territory, including east Jerusalem",EMRO,0.0,703228,0.0,5708
2023-06-11,PS,"occupied Palestinian territory, including east Jerusalem",EMRO,0.0,703228,0.0,5708
2023-06-18,PS,"occupied Palestinian territory, including east Jerusalem",EMRO,0.0,703228,0.0,5708
2023-06-25,PS,"occupied Palestinian territory, including east Jerusalem",EMRO,0.0,703228,0.0,5708
2023-07-02,PS,"occupied Palestinian territory, including east Jerusalem",EMRO,0.0,703228,0.0,5708
2023-07-09,PS,"occupied Palestinian territory, including east Jerusalem",EMRO,0.0,703228,0.0,5708
2023-07-16,PS,"occupied Palestinian territory, including east Jerusalem",EMRO,0.0,703228,0.0,5708
2023-07-23,PS,"occupied Palestinian territory, including east Jerusalem",EMRO,0.0,703228,0.0,5708
2023-07-30,PS,"occupied Palestinian territory, including east Jerusalem",EMRO,0.0,703228,0.0,5708
2023-08-06,PS,"occupied Palestinian territory, including east Jerusalem",EMRO,0.0,703228,0.0,5708
2023-08-13,PS,"occupied Palestinian territory, including east Jerusalem",EMRO,0.0,703228,0.0,5708
2023-08-20,PS,"occupied Palestinian territory, including east Jerusalem",EMRO,0.0,703228,0.0,5708
2023-08-27,PS,"occupied Palestinian territory, including east Jerusalem",EMRO,0.0,703228,0.0,5708
2023-09-03,PS,"occupied Palestinian territory, including east Jerusalem",EMRO,0.0,703228,0.0,5708
2023-09-10,PS,"occupied Palestinian territory, including east Jerusalem",EMRO,0.0,703228,0.0,5708
2023-09-17,PS,"occupied Palestinian territory, including east Jerusalem",EMRO,0.0,703228,0.0,5708
2023-09-24,PS,"occupied Palestinian territory, including east Jerusalem",EMRO,0.0,703228,0.0,5708
2023-10-01,PS,"occupied Palestinian territory, including east Jerusalem",EMRO,0.0,703228,0.0,5708
2023-10-08,PS,"occupied Palestinian territory, including east Jerusalem",EMRO,0.0,703228,0.0,5708
2023-10-15,PS,"occupied Palestinian territory, including east Jerusalem",EMRO,0.0,703228,0.0,5708
2023-10-22,PS,"occupied Palestinian territory, including east Jerusalem",EMRO,0.0,703228,0.0,5708
2023-10-29,PS,"occupied Palestinian territory, including east Jerusalem",EMRO,0.0,703228,0.0,5708
