Date_reported,Country_code,Country,WHO_region,New_cases,Cumulative_cases,New_deaths,Cumulative_deaths
2020-01-05,PY,Paraguay,AMRO,0.0,0,0.0,0
2020-01-12,PY,Paraguay,AMRO,0.0,0,0.0,0
2020-01-19,PY,Paraguay,AMRO,0.0,0,0.0,0
2020-01-26,PY,Paraguay,AMRO,0.0,0,0.0,0
2020-02-02,PY,Paraguay,AMRO,0.0,0,0.0,0
2020-02-09,PY,Paraguay,AMRO,0.0,0,0.0,0
2020-02-16,PY,Paraguay,AMRO,0.0,0,0.0,0
2020-02-23,PY,Paraguay,AMRO,0.0,0,0.0,0
2020-03-01,PY,Paraguay,AMRO,0.0,0,0.0,0
2020-03-08,PY,Paraguay,AMRO,0.0,0,0.0,0
2020-03-15,PY,Paraguay,AMRO,7.0,7,0.0,0
2020-03-22,PY,Paraguay,AMRO,11.0,18,1.0,1
2020-03-29,PY,Paraguay,AMRO,38.0,56,2.0,3
2020-04-05,PY,Paraguay,AMRO,40.0,96,0.0,3
2020-04-12,PY,Paraguay,AMRO,37.0,133,3.0,6
2020-04-19,PY,Paraguay,AMRO,69.0,202,2.0,8
2020-04-26,PY,Paraguay,AMRO,21.0,223,1.0,9
2020-05-03,PY,Paraguay,AMRO,110.0,333,1.0,10
2020-05-10,PY,Paraguay,AMRO,356.0,689,0.0,10
2020-05-17,PY,Paraguay,AMRO,89.0,778,1.0,11
2020-05-24,PY,Paraguay,AMRO,72.0,850,0.0,11
2020-05-31,PY,Paraguay,AMRO,114.0,964,0.0,11
2020-06-07,PY,Paraguay,AMRO,126.0,1090,0.0,11
2020-06-14,PY,Paraguay,AMRO,171.0,1261,0.0,11
2020-06-21,PY,Paraguay,AMRO,101.0,1362,2.0,13
2020-06-28,PY,Paraguay,AMRO,349.0,1711,0.0,13
2020-07-05,PY,Paraguay,AMRO,674.0,2385,7.0,20
2020-07-12,PY,Paraguay,AMRO,351.0,2736,0.0,20
2020-07-19,PY,Paraguay,AMRO,721.0,3457,8.0,28
2020-07-26,PY,Paraguay,AMRO,767.0,4224,10.0,38
2020-08-02,PY,Paraguay,AMRO,1114.0,5338,11.0,49
2020-08-09,PY,Paraguay,AMRO,1170.0,6508,20.0,69
2020-08-16,PY,Paraguay,AMRO,2514.0,9022,39.0,108
2020-08-23,PY,Paraguay,AMRO,3514.0,12536,74.0,182
2020-08-30,PY,Paraguay,AMRO,3338.0,15874,98.0,280
2020-09-06,PY,Paraguay,AMRO,4780.0,20654,118.0,398
2020-09-13,PY,Paraguay,AMRO,5858.0,26512,98.0,496
2020-09-20,PY,Paraguay,AMRO,5615.0,32127,115.0,611
2020-09-27,PY,Paraguay,AMRO,5099.0,37226,150.0,761
2020-10-04,PY,Paraguay,AMRO,5458.0,42684,129.0,890
2020-10-11,PY,Paraguay,AMRO,5591.0,48275,155.0,1045
2020-10-18,PY,Paraguay,AMRO,5207.0,53482,121.0,1166
2020-10-25,PY,Paraguay,AMRO,4777.0,58259,112.0,1278
2020-11-01,PY,Paraguay,AMRO,4337.0,62596,109.0,1387
2020-11-08,PY,Paraguay,AMRO,3885.0,66481,85.0,1472
2020-11-15,PY,Paraguay,AMRO,3911.0,70392,84.0,1556
2020-11-22,PY,Paraguay,AMRO,4666.0,75058,91.0,1647
2020-11-29,PY,Paraguay,AMRO,5378.0,80436,73.0,1720
2020-12-06,PY,Paraguay,AMRO,6063.0,86499,93.0,1813
2020-12-13,PY,Paraguay,AMRO,5614.0,92113,114.0,1927
2020-12-20,PY,Paraguay,AMRO,6183.0,98296,123.0,2050
2020-12-27,PY,Paraguay,AMRO,5592.0,103888,104.0,2154
2021-01-03,PY,Paraguay,AMRO,4461.0,108349,108.0,2262
2021-01-10,PY,Paraguay,AMRO,5645.0,113994,110.0,2372
2021-01-17,PY,Paraguay,AMRO,6795.0,120789,107.0,2479
2021-01-24,PY,Paraguay,AMRO,5581.0,126370,106.0,2585
2021-01-31,PY,Paraguay,AMRO,5516.0,131886,108.0,2693
2021-02-07,PY,Paraguay,AMRO,5004.0,136890,98.0,2791
2021-02-14,PY,Paraguay,AMRO,5708.0,142598,113.0,2904
2021-02-21,PY,Paraguay,AMRO,7086.0,149684,122.0,3026
2021-02-28,PY,Paraguay,AMRO,7919.0,157603,126.0,3152
2021-03-07,PY,Paraguay,AMRO,8208.0,165811,126.0,3278
2021-03-14,PY,Paraguay,AMRO,11782.0,177593,158.0,3436
2021-03-21,PY,Paraguay,AMRO,12906.0,190499,226.0,3662
2021-03-28,PY,Paraguay,AMRO,14205.0,204704,296.0,3958
2021-04-04,PY,Paraguay,AMRO,13182.0,217886,336.0,4294
2021-04-11,PY,Paraguay,AMRO,14256.0,232142,404.0,4698
2021-04-18,PY,Paraguay,AMRO,14664.0,246806,479.0,5177
2021-04-25,PY,Paraguay,AMRO,16328.0,263134,538.0,5715
2021-05-02,PY,Paraguay,AMRO,15943.0,279077,670.0,6385
2021-05-09,PY,Paraguay,AMRO,15156.0,294233,589.0,6974
2021-05-16,PY,Paraguay,AMRO,15405.0,309638,508.0,7482
2021-05-23,PY,Paraguay,AMRO,17591.0,327229,633.0,8115
2021-05-30,PY,Paraguay,AMRO,20955.0,348184,777.0,8892
2021-06-06,PY,Paraguay,AMRO,19999.0,368183,717.0,9609
2021-06-13,PY,Paraguay,AMRO,19504.0,387687,952.0,10561
2021-06-20,PY,Paraguay,AMRO,15705.0,403392,850.0,11411
2021-06-27,PY,Paraguay,AMRO,11928.0,415320,804.0,12215
2021-07-04,PY,Paraguay,AMRO,10998.0,426318,912.0,13127
2021-07-11,PY,Paraguay,AMRO,9204.0,435522,679.0,13806
2021-07-18,PY,Paraguay,AMRO,7856.0,443378,372.0,14178
2021-07-25,PY,Paraguay,AMRO,5130.0,448508,372.0,14550
2021-08-01,PY,Paraguay,AMRO,3577.0,452085,379.0,14929
2021-08-08,PY,Paraguay,AMRO,2457.0,454542,309.0,15238
2021-08-15,PY,Paraguay,AMRO,1942.0,456484,164.0,15402
2021-08-22,PY,Paraguay,AMRO,988.0,457472,126.0,15528
2021-08-29,PY,Paraguay,AMRO,757.0,458229,157.0,15685
2021-09-05,PY,Paraguay,AMRO,570.0,458799,179.0,15864
2021-09-12,PY,Paraguay,AMRO,408.0,459207,169.0,16033
2021-09-19,PY,Paraguay,AMRO,373.0,459580,90.0,16123
2021-09-26,PY,Paraguay,AMRO,199.0,459779,19.0,16142
2021-10-03,PY,Paraguay,AMRO,218.0,459997,58.0,16200
2021-10-10,PY,Paraguay,AMRO,174.0,460171,6.0,16206
2021-10-17,PY,Paraguay,AMRO,151.0,460322,3.0,16209
2021-10-24,PY,Paraguay,AMRO,357.0,460679,20.0,16229
2021-10-31,PY,Paraguay,AMRO,295.0,460974,16.0,16245
2021-11-07,PY,Paraguay,AMRO,301.0,461275,13.0,16258
2021-11-14,PY,Paraguay,AMRO,590.0,461865,76.0,16334
2021-11-21,PY,Paraguay,AMRO,333.0,462198,20.0,16354
2021-11-28,PY,Paraguay,AMRO,407.0,462605,13.0,16367
2021-12-05,PY,Paraguay,AMRO,655.0,463260,109.0,16476
2021-12-12,PY,Paraguay,AMRO,390.0,463650,24.0,16500
2021-12-19,PY,Paraguay,AMRO,876.0,464526,68.0,16568
2021-12-26,PY,Paraguay,AMRO,604.0,465130,30.0,16598
2022-01-02,PY,Paraguay,AMRO,2895.0,468025,31.0,16629
2022-01-09,PY,Paraguay,AMRO,6312.0,474337,33.0,16662
2022-01-16,PY,Paraguay,AMRO,19697.0,494034,58.0,16720
2022-01-23,PY,Paraguay,AMRO,34644.0,528678,215.0,16935
2022-01-30,PY,Paraguay,AMRO,36690.0,565368,277.0,17212
2022-02-06,PY,Paraguay,AMRO,36448.0,601816,303.0,17515
2022-02-13,PY,Paraguay,AMRO,18892.0,620708,329.0,17844
2022-02-20,PY,Paraguay,AMRO,13025.0,633733,303.0,18147
2022-02-27,PY,Paraguay,AMRO,6080.0,639813,186.0,18333
2022-03-06,PY,Paraguay,AMRO,3529.0,643342,121.0,18454
2022-03-13,PY,Paraguay,AMRO,2313.0,645655,68.0,18522
2022-03-20,PY,Paraguay,AMRO,1188.0,646843,49.0,18571
2022-03-27,PY,Paraguay,AMRO,919.0,647762,41.0,18612
2022-04-03,PY,Paraguay,AMRO,591.0,648353,119.0,18731
2022-04-10,PY,Paraguay,AMRO,93.0,648446,3.0,18734
2022-04-17,PY,Paraguay,AMRO,236.0,648682,52.0,18786
2022-04-24,PY,Paraguay,AMRO,352.0,649034,9.0,18795
2022-05-01,PY,Paraguay,AMRO,421.0,649455,75.0,18870
2022-05-08,PY,Paraguay,AMRO,263.0,649718,2.0,18872
2022-05-15,PY,Paraguay,AMRO,211.0,649929,9.0,18881
2022-05-22,PY,Paraguay,AMRO,354.0,650283,4.0,18885
2022-05-29,PY,Paraguay,AMRO,378.0,650661,9.0,18894
2022-06-05,PY,Paraguay,AMRO,607.0,651268,17.0,18911
2022-06-12,PY,Paraguay,AMRO,776.0,652044,21.0,18932
2022-06-19,PY,Paraguay,AMRO,1384.0,653428,15.0,18947
2022-06-26,PY,Paraguay,AMRO,2104.0,655532,16.0,18963
2022-07-03,PY,Paraguay,AMRO,5309.0,660841,31.0,18994
2022-07-10,PY,Paraguay,AMRO,12988.0,673829,42.0,19036
2022-07-17,PY,Paraguay,AMRO,14991.0,688820,47.0,19083
2022-07-24,PY,Paraguay,AMRO,12240.0,701060,64.0,19147
2022-07-31,PY,Paraguay,AMRO,6049.0,707109,73.0,19220
2022-08-07,PY,Paraguay,AMRO,3781.0,710890,69.0,19289
2022-08-14,PY,Paraguay,AMRO,2017.0,712907,68.0,19357
2022-08-21,PY,Paraguay,AMRO,1433.0,714340,91.0,19448
2022-08-28,PY,Paraguay,AMRO,822.0,715162,30.0,19478
2022-09-04,PY,Paraguay,AMRO,407.0,715569,16.0,19494
2022-09-11,PY,Paraguay,AMRO,237.0,715806,36.0,19530
2022-09-18,PY,Paraguay,AMRO,203.0,716009,34.0,19564
2022-09-25,PY,Paraguay,AMRO,50.0,716059,19.0,19583
2022-10-02,PY,Paraguay,AMRO,484.0,716543,8.0,19591
2022-10-09,PY,Paraguay,AMRO,496.0,717039,4.0,19595
2022-10-16,PY,Paraguay,AMRO,221.0,717260,1.0,19596
2022-10-23,PY,Paraguay,AMRO,368.0,717628,2.0,19598
2022-10-30,PY,Paraguay,AMRO,327.0,717955,3.0,19601
2022-11-06,PY,Paraguay,AMRO,25.0,717980,5.0,19606
2022-11-13,PY,Paraguay,AMRO,69.0,718049,2.0,19608
2022-11-20,PY,Paraguay,AMRO,22.0,718071,3.0,19611
2022-11-27,PY,Paraguay,AMRO,93.0,718164,10.0,19621
2022-12-04,PY,Paraguay,AMRO,338.0,718502,9.0,19630
2022-12-11,PY,Paraguay,AMRO,724.0,719226,16.0,19646
2022-12-18,PY,Paraguay,AMRO,978.0,720204,9.0,19655
2022-12-25,PY,Paraguay,AMRO,1889.0,722093,11.0,19666
2023-01-01,PY,Paraguay,AMRO,3272.0,725365,22.0,19688
2023-01-08,PY,Paraguay,AMRO,3240.0,728605,28.0,19716
2023-01-15,PY,Paraguay,AMRO,779.0,729384,30.0,19746
2023-01-22,PY,Paraguay,AMRO,4045.0,733429,32.0,19778
2023-01-29,PY,Paraguay,AMRO,478.0,733907,42.0,19820
2023-02-05,PY,Paraguay,AMRO,269.0,734176,10.0,19830
2023-02-12,PY,Paraguay,AMRO,68.0,734244,13.0,19843
2023-02-19,PY,Paraguay,AMRO,596.0,734840,6.0,19849
2023-02-26,PY,Paraguay,AMRO,824.0,735664,21.0,19870
2023-03-05,PY,Paraguay,AMRO,45.0,735709,8.0,19878
2023-03-12,PY,Paraguay,AMRO,50.0,735759,2.0,19880
2023-03-19,PY,Paraguay,AMRO,0.0,735759,0.0,19880
2023-03-26,PY,Paraguay,AMRO,0.0,735759,0.0,19880
2023-04-02,PY,Paraguay,AMRO,0.0,735759,0.0,19880
2023-04-09,PY,Paraguay,AMRO,0.0,735759,0.0,19880
2023-04-16,PY,Paraguay,AMRO,0.0,735759,0.0,19880
2023-04-23,PY,Paraguay,AMRO,0.0,735759,0.0,19880
2023-04-30,PY,Paraguay,AMRO,0.0,735759,0.0,19880
2023-05-07,PY,Paraguay,AMRO,0.0,735759,0.0,19880
2023-05-14,PY,Paraguay,AMRO,0.0,735759,0.0,19880
2023-05-21,PY,Paraguay,AMRO,0.0,735759,0.0,19880
2023-05-28,PY,Paraguay,AMRO,0.0,735759,0.0,19880
2023-06-04,PY,Paraguay,AMRO,0.0,735759,0.0,19880
2023-06-11,PY,Paraguay,AMRO,0.0,735759,0.0,19880
2023-06-18,PY,Paraguay,AMRO,0.0,735759,0.0,19880
2023-06-25,PY,Paraguay,AMRO,0.0,735759,0.0,19880
2023-07-02,PY,Paraguay,AMRO,0.0,735759,0.0,19880
2023-07-09,PY,Paraguay,AMRO,0.0,735759,0.0,19880
2023-07-16,PY,Paraguay,AMRO,0.0,735759,0.0,19880
2023-07-23,PY,Paraguay,AMRO,0.0,735759,0.0,19880
2023-07-30,PY,Paraguay,AMRO,0.0,735759,0.0,19880
2023-08-06,PY,Paraguay,AMRO,0.0,735759,0.0,19880
2023-08-13,PY,Paraguay,AMRO,0.0,735759,0.0,19880
2023-08-20,PY,Paraguay,AMRO,0.0,735759,0.0,19880
2023-08-27,PY,Paraguay,AMRO,0.0,735759,0.0,19880
2023-09-03,PY,Paraguay,AMRO,0.0,735759,0.0,19880
2023-09-10,PY,Paraguay,AMRO,0.0,735759,0.0,19880
2023-09-17,PY,Paraguay,AMRO,0.0,735759,0.0,19880
2023-09-24,PY,Paraguay,AMRO,0.0,735759,0.0,19880
2023-10-01,PY,Paraguay,AMRO,0.0,735759,0.0,19880
2023-10-08,PY,Paraguay,AMRO,0.0,735759,0.0,19880
2023-10-15,PY,Paraguay,AMRO,0.0,735759,0.0,19880
2023-10-22,PY,Paraguay,AMRO,0.0,735759,0.0,19880
2023-10-29,PY,Paraguay,AMRO,0.0,735759,0.0,19880
2023-11-05,PY,Paraguay,AMRO,0.0,735759,0.0,19880
2023-11-12,PY,Paraguay,AMRO,0.0,735759,0.0,19880
2023-11-19,PY,Paraguay,AMRO,0.0,735759,0.0,19880
2023-11-26,PY,Paraguay,AMRO,0.0,735759,0.0,19880
2023-12-03,PY,Paraguay,AMRO,0.0,735759,0.0,19880
2023-12-10,PY,Paraguay,AMRO,0.0,735759,0.0,19880
2023-12-17,PY,Paraguay,AMRO,0.0,735759,0.0,19880
2023-12-24,PY,Paraguay,AMRO,0.0,735759,0.0,19880
2023-12-31,PY,Paraguay,AMRO,0.0,735759,0.0,19880
2024-01-07,PY,Paraguay,AMRO,0.0,735759,0.0,19880
2024-01-14,PY,Paraguay,AMRO,0.0,735759,0.0,19880
2024-01-21,PY,Paraguay,AMRO,0.0,735759,0.0,19880
2024-01-28,PY,Paraguay,AMRO,0.0,735759,0.0,19880
2024-02-04,PY,Paraguay,AMRO,0.0,735759,0.0,19880
2024-02-11,PY,Paraguay,AMRO,0.0,735759,0.0,19880
2024-02-18,PY,Paraguay,AMRO,0.0,735759,0.0,19880
2024-02-25,PY,Paraguay,AMRO,0.0,735759,0.0,19880
2024-03-03,PY,Paraguay,AMRO,0.0,735759,0.0,19880
2024-03-10,PY,Paraguay,AMRO,0.0,735759,0.0,19880
2024-03-17,PY,Paraguay,AMRO,0.0,735759,0.0,19880
2024-03-24,PY,Paraguay,AMRO,0.0,735759,0.0,19880
2024-03-31,PY,Paraguay,AMRO,0.0,735759,0.0,19880
2024-04-07,PY,Paraguay,AMRO,0.0,735759,0.0,19880
2024-04-14,PY,Paraguay,AMRO,0.0,735759,0.0,19880
2024-04-21,PY,Paraguay,AMRO,0.0,735759,0.0,19880
2024-04-28,PY,Paraguay,AMRO,0.0,735759,0.0,19880
