Date_reported,Country_code,Country,WHO_region,New_cases,Cumulative_cases,New_deaths,Cumulative_deaths
2020-01-05,RS,Serbia,EURO,0.0,0,0.0,0
2020-01-12,RS,Serbia,EURO,0.0,0,0.0,0
2020-01-19,RS,Serbia,EURO,0.0,0,0.0,0
2020-01-26,RS,Serbia,EURO,0.0,0,0.0,0
2020-02-02,RS,Serbia,EURO,0.0,0,0.0,0
2020-02-09,RS,Serbia,EURO,0.0,0,0.0,0
2020-02-16,RS,Serbia,EURO,0.0,0,0.0,0
2020-02-23,RS,Serbia,EURO,0.0,0,0.0,0
2020-03-01,RS,Serbia,EURO,0.0,0,0.0,0
2020-03-08,RS,Serbia,EURO,1.0,1,0.0,0
2020-03-15,RS,Serbia,EURO,45.0,46,0.0,0
2020-03-22,RS,Serbia,EURO,125.0,171,1.0,1
2020-03-29,RS,Serbia,EURO,488.0,659,9.0,10
2020-04-05,RS,Serbia,EURO,965.0,1624,34.0,44
2020-04-12,RS,Serbia,EURO,1756.0,3380,30.0,74
2020-04-19,RS,Serbia,EURO,2614.0,5994,43.0,117
2020-04-26,RS,Serbia,EURO,1785.0,7779,34.0,151
2020-05-03,RS,Serbia,EURO,1583.0,9362,38.0,189
2020-05-10,RS,Serbia,EURO,670.0,10032,24.0,213
2020-05-17,RS,Serbia,EURO,464.0,10496,15.0,228
2020-05-24,RS,Serbia,EURO,596.0,11092,10.0,238
2020-05-31,RS,Serbia,EURO,289.0,11381,4.0,242
2020-06-07,RS,Serbia,EURO,360.0,11741,6.0,248
2020-06-14,RS,Serbia,EURO,510.0,12251,5.0,253
2020-06-21,RS,Serbia,EURO,552.0,12803,7.0,260
2020-06-28,RS,Serbia,EURO,989.0,13792,7.0,267
2020-07-05,RS,Serbia,EURO,2037.0,15829,39.0,306
2020-07-12,RS,Serbia,EURO,2244.0,18073,76.0,382
2020-07-19,RS,Serbia,EURO,2425.0,20498,79.0,461
2020-07-26,RS,Serbia,EURO,2765.0,23263,65.0,526
2020-08-02,RS,Serbia,EURO,2619.0,25882,56.0,582
2020-08-09,RS,Serbia,EURO,1981.0,27863,50.0,632
2020-08-16,RS,Serbia,EURO,1608.0,29471,38.0,670
2020-08-23,RS,Serbia,EURO,1077.0,30548,25.0,695
2020-08-30,RS,Serbia,EURO,734.0,31282,15.0,710
2020-09-06,RS,Serbia,EURO,567.0,31849,13.0,723
2020-09-13,RS,Serbia,EURO,451.0,32300,8.0,731
2020-09-20,RS,Serbia,EURO,540.0,32840,9.0,740
2020-09-27,RS,Serbia,EURO,472.0,33312,6.0,746
2020-10-04,RS,Serbia,EURO,530.0,33842,7.0,753
2020-10-11,RS,Serbia,EURO,843.0,34685,9.0,762
2020-10-18,RS,Serbia,EURO,1261.0,35946,12.0,774
2020-10-25,RS,Serbia,EURO,2926.0,38872,15.0,789
2020-11-01,RS,Serbia,EURO,8082.0,46954,31.0,820
2020-11-08,RS,Serbia,EURO,13681.0,60635,60.0,880
2020-11-15,RS,Serbia,EURO,20451.0,81086,109.0,989
2020-11-22,RS,Serbia,EURO,35039.0,116125,179.0,1168
2020-11-29,RS,Serbia,EURO,46910.0,163035,316.0,1484
2020-12-06,RS,Serbia,EURO,50808.0,213843,407.0,1891
2020-12-13,RS,Serbia,EURO,47594.0,261437,384.0,2275
2020-12-20,RS,Serbia,EURO,35091.0,296528,357.0,2632
2020-12-27,RS,Serbia,EURO,26839.0,323367,351.0,2983
2021-01-03,RS,Serbia,EURO,18537.0,341904,305.0,3288
2021-01-10,RS,Serbia,EURO,15990.0,357894,260.0,3548
2021-01-17,RS,Serbia,EURO,13322.0,371216,182.0,3730
2021-01-24,RS,Serbia,EURO,11069.0,382285,138.0,3868
2021-01-31,RS,Serbia,EURO,11612.0,393897,132.0,4000
2021-02-07,RS,Serbia,EURO,12455.0,406352,112.0,4112
2021-02-14,RS,Serbia,EURO,13141.0,419493,102.0,4214
2021-02-21,RS,Serbia,EURO,14629.0,434122,107.0,4321
2021-02-28,RS,Serbia,EURO,22328.0,456450,108.0,4429
2021-03-07,RS,Serbia,EURO,25947.0,482397,113.0,4542
2021-03-14,RS,Serbia,EURO,29654.0,512051,152.0,4694
2021-03-21,RS,Serbia,EURO,34845.0,546896,206.0,4900
2021-03-28,RS,Serbia,EURO,34721.0,581617,251.0,5151
2021-04-04,RS,Serbia,EURO,32748.0,614365,271.0,5422
2021-04-11,RS,Serbia,EURO,25111.0,639476,278.0,5700
2021-04-18,RS,Serbia,EURO,20823.0,660299,254.0,5954
2021-04-25,RS,Serbia,EURO,17673.0,677972,242.0,6196
2021-05-02,RS,Serbia,EURO,12959.0,690931,190.0,6386
2021-05-09,RS,Serbia,EURO,8643.0,699574,153.0,6539
2021-05-16,RS,Serbia,EURO,6316.0,705890,125.0,6664
2021-05-23,RS,Serbia,EURO,3783.0,709673,102.0,6766
2021-05-30,RS,Serbia,EURO,2373.0,712046,78.0,6844
2021-06-06,RS,Serbia,EURO,1516.0,713562,65.0,6909
2021-06-13,RS,Serbia,EURO,1191.0,714753,49.0,6958
2021-06-20,RS,Serbia,EURO,940.0,715693,39.0,6997
2021-06-27,RS,Serbia,EURO,545.0,716238,32.0,7029
2021-07-04,RS,Serbia,EURO,558.0,716796,26.0,7055
2021-07-11,RS,Serbia,EURO,684.0,717480,15.0,7070
2021-07-18,RS,Serbia,EURO,985.0,718465,10.0,7080
2021-07-25,RS,Serbia,EURO,1448.0,719913,23.0,7103
2021-08-01,RS,Serbia,EURO,2005.0,721918,11.0,7114
2021-08-08,RS,Serbia,EURO,3327.0,725245,21.0,7135
2021-08-15,RS,Serbia,EURO,5982.0,731227,28.0,7163
2021-08-22,RS,Serbia,EURO,9844.0,741071,43.0,7206
2021-08-29,RS,Serbia,EURO,14824.0,755895,51.0,7257
2021-09-05,RS,Serbia,EURO,21028.0,776923,101.0,7358
2021-09-12,RS,Serbia,EURO,34986.0,811909,162.0,7520
2021-09-19,RS,Serbia,EURO,48522.0,860431,213.0,7733
2021-09-26,RS,Serbia,EURO,45246.0,905677,275.0,8008
2021-10-03,RS,Serbia,EURO,49995.0,955672,323.0,8331
2021-10-10,RS,Serbia,EURO,44693.0,1000365,352.0,8683
2021-10-17,RS,Serbia,EURO,43393.0,1043758,369.0,9052
2021-10-24,RS,Serbia,EURO,48718.0,1092476,396.0,9448
2021-10-31,RS,Serbia,EURO,45344.0,1137820,442.0,9890
2021-11-07,RS,Serbia,EURO,41317.0,1179137,446.0,10336
2021-11-14,RS,Serbia,EURO,29249.0,1208386,445.0,10781
2021-11-21,RS,Serbia,EURO,22590.0,1230976,385.0,11166
2021-11-28,RS,Serbia,EURO,17743.0,1248719,371.0,11537
2021-12-05,RS,Serbia,EURO,13700.0,1262419,339.0,11876
2021-12-12,RS,Serbia,EURO,10684.0,1273103,272.0,12148
2021-12-19,RS,Serbia,EURO,8556.0,1281659,216.0,12364
2021-12-26,RS,Serbia,EURO,7834.0,1289493,204.0,12568
2022-01-02,RS,Serbia,EURO,11456.0,1300949,171.0,12739
2022-01-09,RS,Serbia,EURO,41697.0,1342646,151.0,12890
2022-01-16,RS,Serbia,EURO,82501.0,1425147,155.0,13045
2022-01-23,RS,Serbia,EURO,107594.0,1532741,194.0,13239
2022-01-30,RS,Serbia,EURO,116552.0,1649293,274.0,13513
2022-02-06,RS,Serbia,EURO,108448.0,1757741,415.0,13928
2022-02-13,RS,Serbia,EURO,77233.0,1834974,438.0,14366
2022-02-20,RS,Serbia,EURO,44263.0,1879237,421.0,14787
2022-02-27,RS,Serbia,EURO,26905.0,1906142,368.0,15155
2022-03-06,RS,Serbia,EURO,17835.0,1923977,250.0,15405
2022-03-13,RS,Serbia,EURO,15173.0,1939150,165.0,15570
2022-03-20,RS,Serbia,EURO,14747.0,1953897,106.0,15676
2022-03-27,RS,Serbia,EURO,13874.0,1967771,70.0,15746
2022-04-03,RS,Serbia,EURO,11958.0,1979729,72.0,15818
2022-04-10,RS,Serbia,EURO,8987.0,1988716,59.0,15877
2022-04-17,RS,Serbia,EURO,6635.0,1995351,46.0,15923
2022-04-24,RS,Serbia,EURO,5793.0,2001144,30.0,15953
2022-05-01,RS,Serbia,EURO,5209.0,2006353,38.0,15991
2022-05-08,RS,Serbia,EURO,3324.0,2009677,33.0,16024
2022-05-15,RS,Serbia,EURO,2920.0,2012597,22.0,16046
2022-05-22,RS,Serbia,EURO,2303.0,2014900,17.0,16063
2022-05-29,RS,Serbia,EURO,1893.0,2016793,15.0,16078
2022-06-05,RS,Serbia,EURO,1644.0,2018437,9.0,16087
2022-06-12,RS,Serbia,EURO,1736.0,2020173,12.0,16099
2022-06-19,RS,Serbia,EURO,2079.0,2022252,9.0,16108
2022-06-26,RS,Serbia,EURO,3325.0,2025577,12.0,16120
2022-07-03,RS,Serbia,EURO,5594.0,2031171,9.0,16129
2022-07-10,RS,Serbia,EURO,9056.0,2040227,18.0,16147
2022-07-17,RS,Serbia,EURO,14409.0,2054636,21.0,16168
2022-07-24,RS,Serbia,EURO,25753.0,2080389,38.0,16206
2022-07-31,RS,Serbia,EURO,38284.0,2118673,65.0,16271
2022-08-07,RS,Serbia,EURO,41580.0,2160253,76.0,16347
2022-08-14,RS,Serbia,EURO,42786.0,2203039,91.0,16438
2022-08-21,RS,Serbia,EURO,37513.0,2240552,87.0,16525
2022-08-28,RS,Serbia,EURO,28869.0,2269421,106.0,16631
2022-09-04,RS,Serbia,EURO,22749.0,2292170,87.0,16718
2022-09-11,RS,Serbia,EURO,21176.0,2313346,91.0,16809
2022-09-18,RS,Serbia,EURO,19163.0,2332509,65.0,16874
2022-09-25,RS,Serbia,EURO,14997.0,2347506,66.0,16940
2022-10-02,RS,Serbia,EURO,15882.0,2363388,72.0,17012
2022-10-09,RS,Serbia,EURO,13311.0,2376699,65.0,17077
2022-10-16,RS,Serbia,EURO,10983.0,2387682,51.0,17128
2022-10-23,RS,Serbia,EURO,8205.0,2395887,48.0,17176
2022-10-30,RS,Serbia,EURO,6867.0,2402754,52.0,17228
2022-11-06,RS,Serbia,EURO,5376.0,2408130,47.0,17275
2022-11-13,RS,Serbia,EURO,4620.0,2412750,33.0,17308
2022-11-20,RS,Serbia,EURO,4520.0,2417270,35.0,17343
2022-11-27,RS,Serbia,EURO,4004.0,2421274,22.0,17365
2022-12-04,RS,Serbia,EURO,3803.0,2425077,34.0,17399
2022-12-11,RS,Serbia,EURO,4443.0,2429520,34.0,17433
2022-12-18,RS,Serbia,EURO,4757.0,2434277,32.0,17465
2022-12-25,RS,Serbia,EURO,5453.0,2439730,30.0,17495
2023-01-01,RS,Serbia,EURO,6523.0,2446253,26.0,17521
2023-01-08,RS,Serbia,EURO,6240.0,2452493,39.0,17560
2023-01-15,RS,Serbia,EURO,6492.0,2458985,40.0,17600
2023-01-22,RS,Serbia,EURO,5524.0,2464509,49.0,17649
2023-01-29,RS,Serbia,EURO,4563.0,2469072,39.0,17688
2023-02-05,RS,Serbia,EURO,5123.0,2474195,30.0,17718
2023-02-12,RS,Serbia,EURO,5108.0,2479303,20.0,17738
2023-02-19,RS,Serbia,EURO,4966.0,2484269,28.0,17766
2023-02-26,RS,Serbia,EURO,6062.0,2490331,41.0,17807
2023-03-05,RS,Serbia,EURO,5477.0,2495808,40.0,17847
2023-03-12,RS,Serbia,EURO,5846.0,2501654,41.0,17888
2023-03-19,RS,Serbia,EURO,5909.0,2507563,37.0,17925
2023-03-26,RS,Serbia,EURO,6124.0,2513687,31.0,17956
2023-04-02,RS,Serbia,EURO,5265.0,2518952,14.0,17970
2023-04-09,RS,Serbia,EURO,4608.0,2523560,23.0,17993
2023-04-16,RS,Serbia,EURO,4080.0,2527640,9.0,18002
2023-04-23,RS,Serbia,EURO,3818.0,2531458,10.0,18012
2023-04-30,RS,Serbia,EURO,2892.0,2534350,6.0,18018
2023-05-07,RS,Serbia,EURO,2442.0,2536792,8.0,18026
2023-05-14,RS,Serbia,EURO,1752.0,2538544,10.0,18036
2023-05-21,RS,Serbia,EURO,1443.0,2539987,11.0,18047
2023-05-28,RS,Serbia,EURO,1261.0,2541248,4.0,18051
2023-06-04,RS,Serbia,EURO,966.0,2542214,2.0,18053
2023-06-11,RS,Serbia,EURO,617.0,2542831,4.0,18057
2023-06-18,RS,Serbia,EURO,354.0,2543185,0.0,18057
2023-06-25,RS,Serbia,EURO,535.0,2543720,0.0,18057
2023-07-02,RS,Serbia,EURO,281.0,2544001,0.0,18057
2023-07-09,RS,Serbia,EURO,227.0,2544228,0.0,18057
2023-07-16,RS,Serbia,EURO,163.0,2544391,0.0,18057
2023-07-23,RS,Serbia,EURO,147.0,2544538,0.0,18057
2023-07-30,RS,Serbia,EURO,203.0,2544741,0.0,18057
2023-08-06,RS,Serbia,EURO,211.0,2544952,0.0,18057
2023-08-13,RS,Serbia,EURO,0.0,2544952,0.0,18057
2023-08-20,RS,Serbia,EURO,234.0,2545186,0.0,18057
2023-08-27,RS,Serbia,EURO,420.0,2545606,0.0,18057
2023-09-03,RS,Serbia,EURO,590.0,2546196,0.0,18057
2023-09-10,RS,Serbia,EURO,686.0,2546882,0.0,18057
2023-09-17,RS,Serbia,EURO,964.0,2547846,0.0,18057
2023-09-24,RS,Serbia,EURO,1529.0,2549375,0.0,18057
2023-10-01,RS,Serbia,EURO,2803.0,2552178,0.0,18057
2023-10-08,RS,Serbia,EURO,3848.0,2556026,0.0,18057
2023-10-15,RS,Serbia,EURO,3998.0,2560024,0.0,18057
2023-10-22,RS,Serbia,EURO,3970.0,2563994,0.0,18057
2023-10-29,RS,Serbia,EURO,3968.0,2567962,0.0,18057
2023-11-05,RS,Serbia,EURO,4378.0,2572340,0.0,18057
2023-11-12,RS,Serbia,EURO,3862.0,2576202,0.0,18057
2023-11-19,RS,Serbia,EURO,3684.0,2579886,0.0,18057
2023-11-26,RS,Serbia,EURO,3584.0,2583470,0.0,18057
2023-12-03,RS,Serbia,EURO,0.0,2583470,0.0,18057
2023-12-10,RS,Serbia,EURO,0.0,2583470,0.0,18057
2023-12-17,RS,Serbia,EURO,0.0,2583470,0.0,18057
2023-12-24,RS,Serbia,EURO,0.0,2583470,0.0,18057
2023-12-31,RS,Serbia,EURO,0.0,2583470,0.0,18057
2024-01-07,RS,Serbia,EURO,0.0,2583470,0.0,18057
2024-01-14,RS,Serbia,EURO,0.0,2583470,0.0,18057
2024-01-21,RS,Serbia,EURO,0.0,2583470,0.0,18057
2024-01-28,RS,Serbia,EURO,0.0,2583470,0.0,18057
2024-02-04,RS,Serbia,EURO,0.0,2583470,0.0,18057
2024-02-11,RS,Serbia,EURO,0.0,2583470,0.0,18057
2024-02-18,RS,Serbia,EURO,0.0,2583470,0.0,18057
2024-02-25,RS,Serbia,EURO,0.0,2583470,0.0,18057
2024-03-03,RS,Serbia,EURO,0.0,2583470,0.0,18057
2024-03-10,RS,Serbia,EURO,0.0,2583470,0.0,18057
2024-03-17,RS,Serbia,EURO,0.0,2583470,0.0,18057
2024-03-24,RS,Serbia,EURO,0.0,2583470,0.0,18057
2024-03-31,RS,Serbia,EURO,0.0,2583470,0.0,18057
2024-04-07,RS,Serbia,EURO,0.0,2583470,0.0,18057
2024-04-14,RS,Serbia,EURO,0.0,2583470,0.0,18057
2024-04-21,RS,Serbia,EURO,0.0,2583470,0.0,18057
2024-04-28,RS,Serbia,EURO,0.0,2583470,0.0,18057
