Date_reported,Country_code,Country,WHO_region,New_cases,Cumulative_cases,New_deaths,Cumulative_deaths
2020-01-05,SA,Saudi Arabia,EMRO,0.0,0,0.0,0
2020-01-12,SA,Saudi Arabia,EMRO,0.0,0,0.0,0
2020-01-19,SA,Saudi Arabia,EMRO,0.0,0,0.0,0
2020-01-26,SA,Saudi Arabia,EMRO,0.0,0,0.0,0
2020-02-02,SA,Saudi Arabia,EMRO,0.0,0,0.0,0
2020-02-09,SA,Saudi Arabia,EMRO,0.0,0,0.0,0
2020-02-16,SA,Saudi Arabia,EMRO,0.0,0,0.0,0
2020-02-23,SA,Saudi Arabia,EMRO,0.0,0,0.0,0
2020-03-01,SA,Saudi Arabia,EMRO,0.0,0,0.0,0
2020-03-08,SA,Saudi Arabia,EMRO,7.0,7,0.0,0
2020-03-15,SA,Saudi Arabia,EMRO,96.0,103,0.0,0
2020-03-22,SA,Saudi Arabia,EMRO,289.0,392,0.0,0
2020-03-29,SA,Saudi Arabia,EMRO,811.0,1203,4.0,4
2020-04-05,SA,Saudi Arabia,EMRO,976.0,2179,25.0,29
2020-04-12,SA,Saudi Arabia,EMRO,1854.0,4033,23.0,52
2020-04-19,SA,Saudi Arabia,EMRO,4241.0,8274,40.0,92
2020-04-26,SA,Saudi Arabia,EMRO,8025.0,16299,44.0,136
2020-05-03,SA,Saudi Arabia,EMRO,9160.0,25459,40.0,176
2020-05-10,SA,Saudi Arabia,EMRO,11677.0,37136,63.0,239
2020-05-17,SA,Saudi Arabia,EMRO,14880.0,52016,63.0,302
2020-05-24,SA,Saudi Arabia,EMRO,18145.0,70161,77.0,379
2020-05-31,SA,Saudi Arabia,EMRO,13223.0,83384,101.0,480
2020-06-07,SA,Saudi Arabia,EMRO,15485.0,98869,196.0,676
2020-06-14,SA,Saudi Arabia,EMRO,24439.0,123308,256.0,932
2020-06-21,SA,Saudi Arabia,EMRO,30925.0,154233,298.0,1230
2020-06-28,SA,Saudi Arabia,EMRO,24271.0,178504,281.0,1511
2020-07-05,SA,Saudi Arabia,EMRO,27425.0,205929,347.0,1858
2020-07-12,SA,Saudi Arabia,EMRO,23551.0,229480,323.0,2181
2020-07-19,SA,Saudi Arabia,EMRO,18936.0,248416,266.0,2447
2020-07-26,SA,Saudi Arabia,EMRO,16557.0,264973,256.0,2703
2020-08-02,SA,Saudi Arabia,EMRO,12505.0,277478,184.0,2887
2020-08-09,SA,Saudi Arabia,EMRO,9784.0,287262,243.0,3130
2020-08-16,SA,Saudi Arabia,EMRO,10053.0,297315,239.0,3369
2020-08-23,SA,Saudi Arabia,EMRO,9055.0,306370,250.0,3619
2020-08-30,SA,Saudi Arabia,EMRO,7541.0,313911,221.0,3840
2020-09-06,SA,Saudi Arabia,EMRO,6021.0,319932,209.0,4049
2020-09-13,SA,Saudi Arabia,EMRO,5118.0,325050,191.0,4240
2020-09-20,SA,Saudi Arabia,EMRO,4221.0,329271,218.0,4458
2020-09-27,SA,Saudi Arabia,EMRO,3519.0,332790,197.0,4655
2020-10-04,SA,Saudi Arabia,EMRO,3207.0,335997,195.0,4850
2020-10-11,SA,Saudi Arabia,EMRO,2947.0,338944,168.0,5018
2020-10-18,SA,Saudi Arabia,EMRO,2910.0,341854,147.0,5165
2020-10-25,SA,Saudi Arabia,EMRO,2698.0,344552,116.0,5281
2020-11-01,SA,Saudi Arabia,EMRO,2730.0,347282,121.0,5402
2020-11-08,SA,Saudi Arabia,EMRO,2947.0,350229,123.0,5525
2020-11-15,SA,Saudi Arabia,EMRO,2721.0,352950,116.0,5641
2020-11-22,SA,Saudi Arabia,EMRO,2084.0,355034,120.0,5761
2020-11-29,SA,Saudi Arabia,EMRO,1877.0,356911,109.0,5870
2020-12-06,SA,Saudi Arabia,EMRO,1615.0,358526,84.0,5954
2020-12-13,SA,Saudi Arabia,EMRO,1223.0,359749,82.0,6036
2020-12-20,SA,Saudi Arabia,EMRO,1099.0,360848,76.0,6112
2020-12-27,SA,Saudi Arabia,EMRO,1218.0,362066,64.0,6176
2021-01-03,SA,Saudi Arabia,EMRO,913.0,362979,63.0,6239
2021-01-10,SA,Saudi Arabia,EMRO,713.0,363692,47.0,6286
2021-01-17,SA,Saudi Arabia,EMRO,1061.0,364753,32.0,6318
2021-01-24,SA,Saudi Arabia,EMRO,1432.0,366185,32.0,6350
2021-01-31,SA,Saudi Arabia,EMRO,1628.0,367813,22.0,6372
2021-02-07,SA,Saudi Arabia,EMRO,2148.0,369961,25.0,6397
2021-02-14,SA,Saudi Arabia,EMRO,2449.0,372410,31.0,6428
2021-02-21,SA,Saudi Arabia,EMRO,2281.0,374691,29.0,6457
2021-02-28,SA,Saudi Arabia,EMRO,2370.0,377061,31.0,6488
2021-03-07,SA,Saudi Arabia,EMRO,2413.0,379474,36.0,6524
2021-03-14,SA,Saudi Arabia,EMRO,2585.0,382059,39.0,6563
2021-03-21,SA,Saudi Arabia,EMRO,2594.0,384653,39.0,6602
2021-03-28,SA,Saudi Arabia,EMRO,3141.0,387794,41.0,6643
2021-04-04,SA,Saudi Arabia,EMRO,4215.0,392009,47.0,6690
2021-04-11,SA,Saudi Arabia,EMRO,5627.0,397636,57.0,6747
2021-04-18,SA,Saudi Arabia,EMRO,6418.0,404054,63.0,6810
2021-04-25,SA,Saudi Arabia,EMRO,7209.0,411263,77.0,6887
2021-05-02,SA,Saudi Arabia,EMRO,7148.0,418411,81.0,6968
2021-05-09,SA,Saudi Arabia,EMRO,7031.0,425442,91.0,7059
2021-05-16,SA,Saudi Arabia,EMRO,6827.0,432269,88.0,7147
2021-05-23,SA,Saudi Arabia,EMRO,7578.0,439847,90.0,7237
2021-05-30,SA,Saudi Arabia,EMRO,8437.0,448284,97.0,7334
2021-06-06,SA,Saudi Arabia,EMRO,8278.0,456562,106.0,7440
2021-06-13,SA,Saudi Arabia,EMRO,8218.0,464780,113.0,7553
2021-06-20,SA,Saudi Arabia,EMRO,8332.0,473112,110.0,7663
2021-06-27,SA,Saudi Arabia,EMRO,8891.0,482003,97.0,7760
2021-07-04,SA,Saudi Arabia,EMRO,9609.0,491612,103.0,7863
2021-07-11,SA,Saudi Arabia,EMRO,8471.0,500083,100.0,7963
2021-07-18,SA,Saudi Arabia,EMRO,8438.0,508521,100.0,8063
2021-07-25,SA,Saudi Arabia,EMRO,8428.0,516949,92.0,8155
2021-08-01,SA,Saudi Arabia,EMRO,8781.0,525730,82.0,8237
2021-08-08,SA,Saudi Arabia,EMRO,7055.0,532785,83.0,8320
2021-08-15,SA,Saudi Arabia,EMRO,5198.0,537983,79.0,8399
2021-08-22,SA,Saudi Arabia,EMRO,3627.0,541610,70.0,8469
2021-08-29,SA,Saudi Arabia,EMRO,2186.0,543796,57.0,8526
2021-09-05,SA,Saudi Arabia,EMRO,1327.0,545123,46.0,8572
2021-09-12,SA,Saudi Arabia,EMRO,789.0,545912,45.0,8617
2021-09-19,SA,Saudi Arabia,EMRO,567.0,546479,39.0,8656
2021-09-26,SA,Saudi Arabia,EMRO,403.0,546882,38.0,8694
2021-10-03,SA,Saudi Arabia,EMRO,339.0,547221,28.0,8722
2021-10-10,SA,Saudi Arabia,EMRO,311.0,547532,21.0,8743
2021-10-17,SA,Saudi Arabia,EMRO,358.0,547890,17.0,8760
2021-10-24,SA,Saudi Arabia,EMRO,315.0,548205,16.0,8776
2021-10-31,SA,Saudi Arabia,EMRO,366.0,548571,17.0,8793
2021-11-07,SA,Saudi Arabia,EMRO,319.0,548890,10.0,8803
2021-11-14,SA,Saudi Arabia,EMRO,302.0,549192,8.0,8811
2021-11-21,SA,Saudi Arabia,EMRO,251.0,549443,12.0,8823
2021-11-28,SA,Saudi Arabia,EMRO,228.0,549671,9.0,8832
2021-12-05,SA,Saudi Arabia,EMRO,206.0,549877,10.0,8842
2021-12-12,SA,Saudi Arabia,EMRO,312.0,550189,10.0,8852
2021-12-19,SA,Saudi Arabia,EMRO,549.0,550738,9.0,8861
2021-12-26,SA,Saudi Arabia,EMRO,1668.0,552406,9.0,8870
2022-01-02,SA,Saudi Arabia,EMRO,4676.0,557082,8.0,8878
2022-01-09,SA,Saudi Arabia,EMRO,18211.0,575293,14.0,8892
2022-01-16,SA,Saudi Arabia,EMRO,34660.0,609953,13.0,8905
2022-01-23,SA,Saudi Arabia,EMRO,37866.0,647819,13.0,8918
2022-01-30,SA,Saudi Arabia,EMRO,31565.0,679384,15.0,8933
2022-02-06,SA,Saudi Arabia,EMRO,26253.0,705637,20.0,8953
2022-02-13,SA,Saudi Arabia,EMRO,20614.0,726251,18.0,8971
2022-02-20,SA,Saudi Arabia,EMRO,12080.0,738331,11.0,8982
2022-02-27,SA,Saudi Arabia,EMRO,5411.0,743742,12.0,8994
2022-03-06,SA,Saudi Arabia,EMRO,3377.0,747119,12.0,9006
2022-03-13,SA,Saudi Arabia,EMRO,1505.0,748624,11.0,9017
2022-03-20,SA,Saudi Arabia,EMRO,847.0,749471,10.0,9027
2022-03-27,SA,Saudi Arabia,EMRO,787.0,750258,11.0,9038
2022-04-03,SA,Saudi Arabia,EMRO,740.0,750998,9.0,9047
2022-04-10,SA,Saudi Arabia,EMRO,719.0,751717,8.0,9055
2022-04-17,SA,Saudi Arabia,EMRO,762.0,752479,13.0,9068
2022-04-24,SA,Saudi Arabia,EMRO,853.0,753332,8.0,9076
2022-05-01,SA,Saudi Arabia,EMRO,679.0,754011,12.0,9088
2022-05-08,SA,Saudi Arabia,EMRO,1065.0,755076,11.0,9099
2022-05-15,SA,Saudi Arabia,EMRO,3719.0,758795,15.0,9114
2022-05-22,SA,Saudi Arabia,EMRO,3780.0,762575,14.0,9128
2022-05-29,SA,Saudi Arabia,EMRO,3621.0,766196,15.0,9143
2022-06-05,SA,Saudi Arabia,EMRO,4454.0,770650,12.0,9155
2022-06-12,SA,Saudi Arabia,EMRO,6240.0,776890,15.0,9170
2022-06-19,SA,Saudi Arabia,EMRO,7017.0,783907,15.0,9185
2022-06-26,SA,Saudi Arabia,EMRO,7050.0,790957,13.0,9198
2022-07-03,SA,Saudi Arabia,EMRO,5311.0,796268,13.0,9211
2022-07-10,SA,Saudi Arabia,EMRO,3520.0,799788,9.0,9220
2022-07-17,SA,Saudi Arabia,EMRO,3370.0,803158,10.0,9230
2022-07-24,SA,Saudi Arabia,EMRO,4057.0,807215,8.0,9238
2022-07-31,SA,Saudi Arabia,EMRO,2234.0,809449,12.0,9250
2022-08-07,SA,Saudi Arabia,EMRO,1438.0,810887,10.0,9260
2022-08-14,SA,Saudi Arabia,EMRO,966.0,811853,9.0,9269
2022-08-21,SA,Saudi Arabia,EMRO,682.0,812535,7.0,9276
2022-08-28,SA,Saudi Arabia,EMRO,572.0,813107,13.0,9289
2022-09-04,SA,Saudi Arabia,EMRO,575.0,813682,13.0,9302
2022-09-11,SA,Saudi Arabia,EMRO,674.0,814356,13.0,9315
2022-09-18,SA,Saudi Arabia,EMRO,741.0,815097,15.0,9330
2022-09-25,SA,Saudi Arabia,EMRO,646.0,815743,11.0,9341
2022-10-02,SA,Saudi Arabia,EMRO,832.0,816575,12.0,9353
2022-10-09,SA,Saudi Arabia,EMRO,915.0,817490,12.0,9365
2022-10-16,SA,Saudi Arabia,EMRO,1208.0,818698,15.0,9380
2022-10-23,SA,Saudi Arabia,EMRO,1458.0,820156,12.0,9392
2022-10-30,SA,Saudi Arabia,EMRO,1781.0,821937,13.0,9405
2022-11-06,SA,Saudi Arabia,EMRO,1557.0,823494,12.0,9417
2022-11-13,SA,Saudi Arabia,EMRO,944.0,824438,15.0,9432
2022-11-20,SA,Saudi Arabia,EMRO,591.0,825029,14.0,9446
2022-11-27,SA,Saudi Arabia,EMRO,373.0,825402,11.0,9457
2022-12-04,SA,Saudi Arabia,EMRO,316.0,825718,14.0,9471
2022-12-11,SA,Saudi Arabia,EMRO,435.0,826153,11.0,9482
2022-12-18,SA,Saudi Arabia,EMRO,325.0,826478,12.0,9494
2022-12-25,SA,Saudi Arabia,EMRO,288.0,826766,14.0,9508
2023-01-01,SA,Saudi Arabia,EMRO,238.0,827004,10.0,9518
2023-01-08,SA,Saudi Arabia,EMRO,186.0,827190,11.0,9529
2023-01-15,SA,Saudi Arabia,EMRO,182.0,827372,13.0,9542
2023-01-22,SA,Saudi Arabia,EMRO,206.0,827578,13.0,9555
2023-01-29,SA,Saudi Arabia,EMRO,250.0,827828,13.0,9568
2023-02-05,SA,Saudi Arabia,EMRO,303.0,828131,11.0,9579
2023-02-12,SA,Saudi Arabia,EMRO,355.0,828486,12.0,9591
2023-02-19,SA,Saudi Arabia,EMRO,388.0,828874,9.0,9600
2023-02-26,SA,Saudi Arabia,EMRO,354.0,829228,13.0,9613
2023-03-05,SA,Saudi Arabia,EMRO,502.0,829730,4.0,9617
2023-03-12,SA,Saudi Arabia,EMRO,563.0,830293,4.0,9621
2023-03-19,SA,Saudi Arabia,EMRO,1018.0,831311,3.0,9624
2023-03-26,SA,Saudi Arabia,EMRO,1118.0,832429,3.0,9627
2023-04-02,SA,Saudi Arabia,EMRO,1638.0,834067,4.0,9631
2023-04-09,SA,Saudi Arabia,EMRO,2375.0,836442,4.0,9635
2023-04-16,SA,Saudi Arabia,EMRO,1933.0,838375,3.0,9638
2023-04-23,SA,Saudi Arabia,EMRO,844.0,839219,3.0,9641
2023-04-30,SA,Saudi Arabia,EMRO,1306.0,840525,3.0,9644
2023-05-07,SA,Saudi Arabia,EMRO,944.0,841469,2.0,9646
2023-05-14,SA,Saudi Arabia,EMRO,0.0,841469,0.0,9646
2023-05-21,SA,Saudi Arabia,EMRO,0.0,841469,0.0,9646
2023-05-28,SA,Saudi Arabia,EMRO,0.0,841469,0.0,9646
2023-06-04,SA,Saudi Arabia,EMRO,0.0,841469,0.0,9646
2023-06-11,SA,Saudi Arabia,EMRO,0.0,841469,0.0,9646
2023-06-18,SA,Saudi Arabia,EMRO,0.0,841469,0.0,9646
2023-06-25,SA,Saudi Arabia,EMRO,0.0,841469,0.0,9646
2023-07-02,SA,Saudi Arabia,EMRO,0.0,841469,0.0,9646
2023-07-09,SA,Saudi Arabia,EMRO,0.0,841469,0.0,9646
2023-07-16,SA,Saudi Arabia,EMRO,0.0,841469,0.0,9646
2023-07-23,SA,Saudi Arabia,EMRO,0.0,841469,0.0,9646
2023-07-30,SA,Saudi Arabia,EMRO,0.0,841469,0.0,9646
2023-08-06,SA,Saudi Arabia,EMRO,0.0,841469,0.0,9646
2023-08-13,SA,Saudi Arabia,EMRO,0.0,841469,0.0,9646
2023-08-20,SA,Saudi Arabia,EMRO,0.0,841469,0.0,9646
2023-08-27,SA,Saudi Arabia,EMRO,0.0,841469,0.0,9646
2023-09-03,SA,Saudi Arabia,EMRO,0.0,841469,0.0,9646
2023-09-10,SA,Saudi Arabia,EMRO,0.0,841469,0.0,9646
2023-09-17,SA,Saudi Arabia,EMRO,0.0,841469,0.0,9646
2023-09-24,SA,Saudi Arabia,EMRO,0.0,841469,0.0,9646
2023-10-01,SA,Saudi Arabia,EMRO,0.0,841469,0.0,9646
2023-10-08,SA,Saudi Arabia,EMRO,0.0,841469,0.0,9646
2023-10-15,SA,Saudi Arabia,EMRO,0.0,841469,0.0,9646
2023-10-22,SA,Saudi Arabia,EMRO,0.0,841469,0.0,9646
2023-10-29,SA,Saudi Arabia,EMRO,0.0,841469,0.0,9646
2023-11-05,SA,Saudi Arabia,EMRO,0.0,841469,0.0,9646
2023-11-12,SA,Saudi Arabia,EMRO,0.0,841469,0.0,9646
2023-11-19,SA,Saudi Arabia,EMRO,0.0,841469,0.0,9646
2023-11-26,SA,Saudi Arabia,EMRO,0.0,841469,0.0,9646
2023-12-03,SA,Saudi Arabia,EMRO,0.0,841469,0.0,9646
2023-12-10,SA,Saudi Arabia,EMRO,0.0,841469,0.0,9646
2023-12-17,SA,Saudi Arabia,EMRO,0.0,841469,0.0,9646
2023-12-24,SA,Saudi Arabia,EMRO,0.0,841469,0.0,9646
2023-12-31,SA,Saudi Arabia,EMRO,0.0,841469,0.0,9646
2024-01-07,SA,Saudi Arabia,EMRO,0.0,841469,0.0,9646
2024-01-14,SA,Saudi Arabia,EMRO,0.0,841469,0.0,9646
2024-01-21,SA,Saudi Arabia,EMRO,0.0,841469,0.0,9646
2024-01-28,SA,Saudi Arabia,EMRO,0.0,841469,0.0,9646
2024-02-04,SA,Saudi Arabia,EMRO,0.0,841469,0.0,9646
2024-02-11,SA,Saudi Arabia,EMRO,0.0,841469,0.0,9646
2024-02-18,SA,Saudi Arabia,EMRO,0.0,841469,0.0,9646
2024-02-25,SA,Saudi Arabia,EMRO,0.0,841469,0.0,9646
2024-03-03,SA,Saudi Arabia,EMRO,0.0,841469,0.0,9646
2024-03-10,SA,Saudi Arabia,EMRO,0.0,841469,0.0,9646
2024-03-17,SA,Saudi Arabia,EMRO,0.0,841469,0.0,9646
2024-03-24,SA,Saudi Arabia,EMRO,0.0,841469,0.0,9646
2024-03-31,SA,Saudi Arabia,EMRO,0.0,841469,0.0,9646
2024-04-07,SA,Saudi Arabia,EMRO,0.0,841469,0.0,9646
2024-04-14,SA,Saudi Arabia,EMRO,0.0,841469,0.0,9646
2024-04-21,SA,Saudi Arabia,EMRO,0.0,841469,0.0,9646
2024-04-28,SA,Saudi Arabia,EMRO,0.0,841469,0.0,9646
