Date_reported,Country_code,Country,WHO_region,New_cases,Cumulative_cases,New_deaths,Cumulative_deaths
2020-01-05,SI,Slovenia,EURO,0.0,0,0.0,0
2020-01-12,SI,Slovenia,EURO,0.0,0,0.0,0
2020-01-19,SI,Slovenia,EURO,0.0,0,0.0,0
2020-01-26,SI,Slovenia,EURO,0.0,0,0.0,0
2020-02-02,SI,Slovenia,EURO,0.0,0,0.0,0
2020-02-09,SI,Slovenia,EURO,0.0,0,0.0,0
2020-02-16,SI,Slovenia,EURO,0.0,0,0.0,0
2020-02-23,SI,Slovenia,EURO,0.0,0,0.0,0
2020-03-01,SI,Slovenia,EURO,0.0,0,0.0,0
2020-03-08,SI,Slovenia,EURO,20.0,20,0.0,0
2020-03-15,SI,Slovenia,EURO,230.0,250,1.0,1
2020-03-22,SI,Slovenia,EURO,192.0,442,1.0,2
2020-03-29,SI,Slovenia,EURO,315.0,757,11.0,13
2020-04-05,SI,Slovenia,EURO,264.0,1021,20.0,33
2020-04-12,SI,Slovenia,EURO,192.0,1213,28.0,61
2020-04-19,SI,Slovenia,EURO,123.0,1336,22.0,83
2020-04-26,SI,Slovenia,EURO,67.0,1403,7.0,90
2020-05-03,SI,Slovenia,EURO,36.0,1439,15.0,105
2020-05-10,SI,Slovenia,EURO,21.0,1460,5.0,110
2020-05-17,SI,Slovenia,EURO,6.0,1466,1.0,111
2020-05-24,SI,Slovenia,EURO,3.0,1469,2.0,113
2020-05-31,SI,Slovenia,EURO,4.0,1473,0.0,113
2020-06-07,SI,Slovenia,EURO,12.0,1485,1.0,114
2020-06-14,SI,Slovenia,EURO,11.0,1496,0.0,114
2020-06-21,SI,Slovenia,EURO,25.0,1521,0.0,114
2020-06-28,SI,Slovenia,EURO,63.0,1584,0.0,114
2020-07-05,SI,Slovenia,EURO,132.0,1716,0.0,114
2020-07-12,SI,Slovenia,EURO,134.0,1850,0.0,114
2020-07-19,SI,Slovenia,EURO,104.0,1954,1.0,115
2020-07-26,SI,Slovenia,EURO,134.0,2088,4.0,119
2020-08-02,SI,Slovenia,EURO,94.0,2182,5.0,124
2020-08-09,SI,Slovenia,EURO,74.0,2256,6.0,130
2020-08-16,SI,Slovenia,EURO,174.0,2430,1.0,131
2020-08-23,SI,Slovenia,EURO,236.0,2666,2.0,133
2020-08-30,SI,Slovenia,EURO,218.0,2884,0.0,133
2020-09-06,SI,Slovenia,EURO,307.0,3191,1.0,134
2020-09-13,SI,Slovenia,EURO,559.0,3750,3.0,137
2020-09-20,SI,Slovenia,EURO,721.0,4471,8.0,145
2020-09-27,SI,Slovenia,EURO,919.0,5390,10.0,155
2020-10-04,SI,Slovenia,EURO,1186.0,6576,7.0,162
2020-10-11,SI,Slovenia,EURO,2258.0,8834,17.0,179
2020-10-18,SI,Slovenia,EURO,4852.0,13686,34.0,213
2020-10-25,SI,Slovenia,EURO,10427.0,24113,76.0,289
2020-11-01,SI,Slovenia,EURO,12106.0,36219,153.0,442
2020-11-08,SI,Slovenia,EURO,9437.0,45656,204.0,646
2020-11-15,SI,Slovenia,EURO,9927.0,55583,270.0,916
2020-11-22,SI,Slovenia,EURO,10215.0,65798,291.0,1207
2020-11-29,SI,Slovenia,EURO,10073.0,75871,362.0,1569
2020-12-06,SI,Slovenia,EURO,10459.0,86330,404.0,1973
2020-12-13,SI,Slovenia,EURO,10455.0,96785,353.0,2326
2020-12-20,SI,Slovenia,EURO,9517.0,106302,298.0,2624
2020-12-27,SI,Slovenia,EURO,9109.0,115411,257.0,2881
2021-01-03,SI,Slovenia,EURO,10550.0,125961,248.0,3129
2021-01-10,SI,Slovenia,EURO,13866.0,139827,201.0,3330
2021-01-17,SI,Slovenia,EURO,9749.0,149576,191.0,3521
2021-01-24,SI,Slovenia,EURO,8703.0,158279,187.0,3708
2021-01-31,SI,Slovenia,EURO,8642.0,166921,149.0,3857
2021-02-07,SI,Slovenia,EURO,7100.0,174021,119.0,3976
2021-02-14,SI,Slovenia,EURO,5716.0,179737,91.0,4067
2021-02-21,SI,Slovenia,EURO,5261.0,184998,41.0,4108
2021-02-28,SI,Slovenia,EURO,5427.0,190425,66.0,4174
2021-03-07,SI,Slovenia,EURO,5370.0,195795,38.0,4212
2021-03-14,SI,Slovenia,EURO,4876.0,200671,46.0,4258
2021-03-21,SI,Slovenia,EURO,5797.0,206468,49.0,4307
2021-03-28,SI,Slovenia,EURO,6659.0,213127,53.0,4360
2021-04-04,SI,Slovenia,EURO,7472.0,220599,61.0,4421
2021-04-11,SI,Slovenia,EURO,6378.0,226977,44.0,4465
2021-04-18,SI,Slovenia,EURO,5523.0,232500,46.0,4511
2021-04-25,SI,Slovenia,EURO,4851.0,237351,55.0,4566
2021-05-02,SI,Slovenia,EURO,4680.0,242031,52.0,4618
2021-05-09,SI,Slovenia,EURO,4280.0,246311,31.0,4649
2021-05-16,SI,Slovenia,EURO,3196.0,249507,29.0,4678
2021-05-23,SI,Slovenia,EURO,2351.0,251858,19.0,4697
2021-05-30,SI,Slovenia,EURO,1955.0,253813,19.0,4716
2021-06-06,SI,Slovenia,EURO,1711.0,255524,14.0,4730
2021-06-13,SI,Slovenia,EURO,1033.0,256557,20.0,4750
2021-06-20,SI,Slovenia,EURO,532.0,257089,9.0,4759
2021-06-27,SI,Slovenia,EURO,251.0,257340,6.0,4765
2021-07-04,SI,Slovenia,EURO,177.0,257517,1.0,4766
2021-07-11,SI,Slovenia,EURO,387.0,257904,8.0,4774
2021-07-18,SI,Slovenia,EURO,377.0,258281,0.0,4774
2021-07-25,SI,Slovenia,EURO,473.0,258754,1.0,4775
2021-08-01,SI,Slovenia,EURO,631.0,259385,1.0,4776
2021-08-08,SI,Slovenia,EURO,849.0,260234,1.0,4777
2021-08-15,SI,Slovenia,EURO,1333.0,261567,0.0,4777
2021-08-22,SI,Slovenia,EURO,2173.0,263740,9.0,4786
2021-08-29,SI,Slovenia,EURO,3001.0,266741,10.0,4796
2021-09-05,SI,Slovenia,EURO,3889.0,270630,8.0,4804
2021-09-12,SI,Slovenia,EURO,5927.0,276557,21.0,4825
2021-09-19,SI,Slovenia,EURO,7321.0,283878,36.0,4861
2021-09-26,SI,Slovenia,EURO,6190.0,290068,45.0,4906
2021-10-03,SI,Slovenia,EURO,6135.0,296203,54.0,4960
2021-10-10,SI,Slovenia,EURO,5560.0,301763,50.0,5010
2021-10-17,SI,Slovenia,EURO,6855.0,308618,35.0,5045
2021-10-24,SI,Slovenia,EURO,12129.0,320747,52.0,5097
2021-10-31,SI,Slovenia,EURO,16496.0,337243,75.0,5172
2021-11-07,SI,Slovenia,EURO,20173.0,357416,104.0,5276
2021-11-14,SI,Slovenia,EURO,22694.0,380110,128.0,5404
2021-11-21,SI,Slovenia,EURO,22116.0,402226,142.0,5546
2021-11-28,SI,Slovenia,EURO,16328.0,418554,148.0,5694
2021-12-05,SI,Slovenia,EURO,12407.0,430961,135.0,5829
2021-12-12,SI,Slovenia,EURO,9762.0,440723,114.0,5943
2021-12-19,SI,Slovenia,EURO,8517.0,449240,85.0,6028
2021-12-26,SI,Slovenia,EURO,7602.0,456842,61.0,6089
2022-01-02,SI,Slovenia,EURO,10794.0,467636,64.0,6153
2022-01-09,SI,Slovenia,EURO,25801.0,493437,57.0,6210
2022-01-16,SI,Slovenia,EURO,45033.0,538470,51.0,6261
2022-01-23,SI,Slovenia,EURO,73730.0,612200,84.0,6345
2022-01-30,SI,Slovenia,EURO,98826.0,711026,119.0,6464
2022-02-06,SI,Slovenia,EURO,89441.0,800467,173.0,6637
2022-02-13,SI,Slovenia,EURO,51552.0,852019,167.0,6804
2022-02-20,SI,Slovenia,EURO,28450.0,880469,185.0,6989
2022-02-27,SI,Slovenia,EURO,12487.0,892956,151.0,7140
2022-03-06,SI,Slovenia,EURO,11796.0,904752,101.0,7241
2022-03-13,SI,Slovenia,EURO,14385.0,919137,80.0,7321
2022-03-20,SI,Slovenia,EURO,19377.0,938514,64.0,7385
2022-03-27,SI,Slovenia,EURO,19975.0,958489,50.0,7435
2022-04-03,SI,Slovenia,EURO,17024.0,975513,60.0,7495
2022-04-10,SI,Slovenia,EURO,12973.0,988486,56.0,7551
2022-04-17,SI,Slovenia,EURO,9487.0,997973,51.0,7602
2022-04-24,SI,Slovenia,EURO,6980.0,1004953,55.0,7657
2022-05-01,SI,Slovenia,EURO,5976.0,1010929,40.0,7697
2022-05-08,SI,Slovenia,EURO,5157.0,1016086,42.0,7739
2022-05-15,SI,Slovenia,EURO,3804.0,1019890,31.0,7770
2022-05-22,SI,Slovenia,EURO,2754.0,1022644,18.0,7788
2022-05-29,SI,Slovenia,EURO,2024.0,1024668,11.0,7799
2022-06-05,SI,Slovenia,EURO,1735.0,1026403,13.0,7812
2022-06-12,SI,Slovenia,EURO,2006.0,1028409,9.0,7821
2022-06-19,SI,Slovenia,EURO,2853.0,1031262,7.0,7828
2022-06-26,SI,Slovenia,EURO,4205.0,1035467,4.0,7832
2022-07-03,SI,Slovenia,EURO,6062.0,1041529,11.0,7843
2022-07-10,SI,Slovenia,EURO,8766.0,1050295,20.0,7863
2022-07-17,SI,Slovenia,EURO,10756.0,1061051,24.0,7887
2022-07-24,SI,Slovenia,EURO,11499.0,1072550,53.0,7940
2022-07-31,SI,Slovenia,EURO,11465.0,1084015,47.0,7987
2022-08-07,SI,Slovenia,EURO,10282.0,1094297,50.0,8037
2022-08-14,SI,Slovenia,EURO,9878.0,1104175,51.0,8088
2022-08-21,SI,Slovenia,EURO,9473.0,1113648,34.0,8122
2022-08-28,SI,Slovenia,EURO,9414.0,1123062,41.0,8163
2022-09-04,SI,Slovenia,EURO,8906.0,1131968,28.0,8191
2022-09-11,SI,Slovenia,EURO,11450.0,1143418,23.0,8214
2022-09-18,SI,Slovenia,EURO,14454.0,1157872,33.0,8247
2022-09-25,SI,Slovenia,EURO,14000.0,1171872,21.0,8268
2022-10-02,SI,Slovenia,EURO,15885.0,1187757,37.0,8305
2022-10-09,SI,Slovenia,EURO,15708.0,1203465,49.0,8354
2022-10-16,SI,Slovenia,EURO,12986.0,1216451,49.0,8403
2022-10-23,SI,Slovenia,EURO,9803.0,1226254,49.0,8452
2022-10-30,SI,Slovenia,EURO,7447.0,1233701,34.0,8486
2022-11-06,SI,Slovenia,EURO,4567.0,1238268,33.0,8519
2022-11-13,SI,Slovenia,EURO,4362.0,1242630,22.0,8541
2022-11-20,SI,Slovenia,EURO,5422.0,1248052,22.0,8563
2022-11-27,SI,Slovenia,EURO,6877.0,1254929,27.0,8590
2022-12-04,SI,Slovenia,EURO,9278.0,1264207,34.0,8624
2022-12-11,SI,Slovenia,EURO,12161.0,1276368,41.0,8665
2022-12-18,SI,Slovenia,EURO,12766.0,1289134,61.0,8726
2022-12-25,SI,Slovenia,EURO,11669.0,1300803,75.0,8801
2023-01-01,SI,Slovenia,EURO,7698.0,1308501,70.0,8871
2023-01-08,SI,Slovenia,EURO,5940.0,1314441,71.0,8942
2023-01-15,SI,Slovenia,EURO,3281.0,1317722,52.0,8994
2023-01-22,SI,Slovenia,EURO,2025.0,1319747,50.0,9044
2023-01-29,SI,Slovenia,EURO,1621.0,1321368,32.0,9076
2023-02-05,SI,Slovenia,EURO,1384.0,1322752,11.0,9087
2023-02-12,SI,Slovenia,EURO,1238.0,1323990,18.0,9105
2023-02-19,SI,Slovenia,EURO,1653.0,1325643,18.0,9123
2023-02-26,SI,Slovenia,EURO,2046.0,1327689,25.0,9148
2023-03-05,SI,Slovenia,EURO,2355.0,1330044,13.0,9161
2023-03-12,SI,Slovenia,EURO,2843.0,1332887,16.0,9177
2023-03-19,SI,Slovenia,EURO,2888.0,1335775,23.0,9200
2023-03-26,SI,Slovenia,EURO,3044.0,1338819,27.0,9227
2023-04-02,SI,Slovenia,EURO,2432.0,1341251,17.0,9244
2023-04-09,SI,Slovenia,EURO,939.0,1342190,32.0,9276
2023-04-16,SI,Slovenia,EURO,559.0,1342749,20.0,9296
2023-04-23,SI,Slovenia,EURO,456.0,1343205,23.0,9319
2023-04-30,SI,Slovenia,EURO,309.0,1343514,20.0,9339
2023-05-07,SI,Slovenia,EURO,201.0,1343715,20.0,9359
2023-05-14,SI,Slovenia,EURO,182.0,1343897,18.0,9377
2023-05-21,SI,Slovenia,EURO,182.0,1344079,7.0,9384
2023-05-28,SI,Slovenia,EURO,191.0,1344270,9.0,9393
2023-06-04,SI,Slovenia,EURO,110.0,1344380,6.0,9399
2023-06-11,SI,Slovenia,EURO,85.0,1344465,7.0,9406
2023-06-18,SI,Slovenia,EURO,61.0,1344526,6.0,9412
2023-06-25,SI,Slovenia,EURO,36.0,1344562,10.0,9422
2023-07-02,SI,Slovenia,EURO,20.0,1344582,2.0,9424
2023-07-09,SI,Slovenia,EURO,27.0,1344609,2.0,9426
2023-07-16,SI,Slovenia,EURO,6.0,1344615,3.0,9429
2023-07-23,SI,Slovenia,EURO,24.0,1344639,1.0,9430
2023-07-30,SI,Slovenia,EURO,16.0,1344655,1.0,9431
2023-08-06,SI,Slovenia,EURO,24.0,1344679,2.0,9433
2023-08-13,SI,Slovenia,EURO,29.0,1344708,1.0,9434
2023-08-20,SI,Slovenia,EURO,61.0,1344769,3.0,9437
2023-08-27,SI,Slovenia,EURO,74.0,1344843,0.0,9437
2023-09-03,SI,Slovenia,EURO,92.0,1344935,3.0,9440
2023-09-10,SI,Slovenia,EURO,118.0,1345053,2.0,9442
2023-09-17,SI,Slovenia,EURO,152.0,1345205,7.0,9449
2023-09-24,SI,Slovenia,EURO,223.0,1345428,4.0,9453
2023-10-01,SI,Slovenia,EURO,348.0,1345776,7.0,9460
2023-10-08,SI,Slovenia,EURO,399.0,1346175,9.0,9469
2023-10-15,SI,Slovenia,EURO,487.0,1346662,14.0,9483
2023-10-22,SI,Slovenia,EURO,402.0,1347064,4.0,9487
2023-10-29,SI,Slovenia,EURO,0.0,1347064,0.0,9487
2023-11-05,SI,Slovenia,EURO,434.0,1347498,23.0,9510
2023-11-12,SI,Slovenia,EURO,489.0,1347987,26.0,9536
2023-11-19,SI,Slovenia,EURO,737.0,1348724,29.0,9565
2023-11-26,SI,Slovenia,EURO,843.0,1349567,44.0,9609
2023-12-03,SI,Slovenia,EURO,1095.0,1350662,49.0,9658
2023-12-10,SI,Slovenia,EURO,1141.0,1351803,47.0,9705
2023-12-17,SI,Slovenia,EURO,1105.0,1352908,52.0,9757
2023-12-24,SI,Slovenia,EURO,859.0,1353767,50.0,9807
2023-12-31,SI,Slovenia,EURO,648.0,1354415,52.0,9859
2024-01-07,SI,Slovenia,EURO,453.0,1354868,39.0,9898
2024-01-14,SI,Slovenia,EURO,268.0,1355136,46.0,9944
2024-01-21,SI,Slovenia,EURO,188.0,1355324,26.0,9970
2024-01-28,SI,Slovenia,EURO,144.0,1355468,22.0,9992
2024-02-04,SI,Slovenia,EURO,82.0,1355550,13.0,10005
2024-02-11,SI,Slovenia,EURO,94.0,1355644,11.0,10016
2024-02-18,SI,Slovenia,EURO,59.0,1355703,9.0,10025
2024-02-25,SI,Slovenia,EURO,48.0,1355751,9.0,10034
2024-03-03,SI,Slovenia,EURO,22.0,1355773,6.0,10040
2024-03-10,SI,Slovenia,EURO,30.0,1355803,2.0,10042
2024-03-17,SI,Slovenia,EURO,14.0,1355817,3.0,10045
2024-03-24,SI,Slovenia,EURO,14.0,1355831,2.0,10047
2024-03-31,SI,Slovenia,EURO,14.0,1355845,2.0,10049
2024-04-07,SI,Slovenia,EURO,13.0,1355858,4.0,10053
2024-04-14,SI,Slovenia,EURO,9.0,1355867,1.0,10054
2024-04-21,SI,Slovenia,EURO,5.0,1355872,1.0,10055
2024-04-28,SI,Slovenia,EURO,7.0,1355879,0.0,10055
