Date_reported,Country_code,Country,WHO_region,New_cases,Cumulative_cases,New_deaths,Cumulative_deaths
2020-01-05,SK,Slovakia,EURO,0.0,0,0.0,0
2020-01-12,SK,Slovakia,EURO,0.0,0,0.0,0
2020-01-19,SK,Slovakia,EURO,0.0,0,0.0,0
2020-01-26,SK,Slovakia,EURO,0.0,0,0.0,0
2020-02-02,SK,Slovakia,EURO,0.0,0,0.0,0
2020-02-09,SK,Slovakia,EURO,0.0,0,0.0,0
2020-02-16,SK,Slovakia,EURO,0.0,0,0.0,0
2020-02-23,SK,Slovakia,EURO,0.0,0,0.0,0
2020-03-01,SK,Slovakia,EURO,0.0,0,0.0,0
2020-03-08,SK,Slovakia,EURO,3.0,3,0.0,0
2020-03-15,SK,Slovakia,EURO,41.0,44,0.0,0
2020-03-22,SK,Slovakia,EURO,134.0,178,0.0,0
2020-03-29,SK,Slovakia,EURO,136.0,314,0.0,0
2020-04-05,SK,Slovakia,EURO,171.0,485,1.0,1
2020-04-12,SK,Slovakia,EURO,257.0,742,1.0,2
2020-04-19,SK,Slovakia,EURO,419.0,1161,10.0,12
2020-04-26,SK,Slovakia,EURO,218.0,1379,6.0,18
2020-05-03,SK,Slovakia,EURO,29.0,1408,6.0,24
2020-05-10,SK,Slovakia,EURO,49.0,1457,2.0,26
2020-05-17,SK,Slovakia,EURO,37.0,1494,2.0,28
2020-05-24,SK,Slovakia,EURO,15.0,1509,0.0,28
2020-05-31,SK,Slovakia,EURO,12.0,1521,0.0,28
2020-06-07,SK,Slovakia,EURO,7.0,1528,0.0,28
2020-06-14,SK,Slovakia,EURO,20.0,1548,0.0,28
2020-06-21,SK,Slovakia,EURO,39.0,1587,0.0,28
2020-06-28,SK,Slovakia,EURO,77.0,1664,0.0,28
2020-07-05,SK,Slovakia,EURO,100.0,1764,0.0,28
2020-07-12,SK,Slovakia,EURO,137.0,1901,0.0,28
2020-07-19,SK,Slovakia,EURO,78.0,1979,0.0,28
2020-07-26,SK,Slovakia,EURO,200.0,2179,0.0,28
2020-08-02,SK,Slovakia,EURO,165.0,2344,1.0,29
2020-08-09,SK,Slovakia,EURO,252.0,2596,2.0,31
2020-08-16,SK,Slovakia,EURO,306.0,2902,0.0,31
2020-08-23,SK,Slovakia,EURO,454.0,3356,2.0,33
2020-08-30,SK,Slovakia,EURO,520.0,3876,0.0,33
2020-09-06,SK,Slovakia,EURO,738.0,4614,4.0,37
2020-09-13,SK,Slovakia,EURO,918.0,5532,1.0,38
2020-09-20,SK,Slovakia,EURO,1145.0,6677,1.0,39
2020-09-27,SK,Slovakia,EURO,2401.0,9078,5.0,44
2020-10-04,SK,Slovakia,EURO,4061.0,13139,11.0,55
2020-10-11,SK,Slovakia,EURO,6712.0,19851,6.0,61
2020-10-18,SK,Slovakia,EURO,9984.0,29835,27.0,88
2020-10-25,SK,Slovakia,EURO,14008.0,43843,71.0,159
2020-11-01,SK,Slovakia,EURO,16103.0,59946,60.0,219
2020-11-08,SK,Slovakia,EURO,15549.0,75495,132.0,351
2020-11-15,SK,Slovakia,EURO,11272.0,86767,159.0,510
2020-11-22,SK,Slovakia,EURO,9474.0,96241,161.0,671
2020-11-29,SK,Slovakia,EURO,9492.0,105733,145.0,816
2020-12-06,SK,Slovakia,EURO,10998.0,116731,180.0,996
2020-12-13,SK,Slovakia,EURO,16253.0,132984,179.0,1175
2020-12-20,SK,Slovakia,EURO,18352.0,151336,380.0,1555
2020-12-27,SK,Slovakia,EURO,16187.0,167523,218.0,1773
2021-01-03,SK,Slovakia,EURO,19940.0,187463,544.0,2317
2021-01-10,SK,Slovakia,EURO,20746.0,208209,601.0,2918
2021-01-17,SK,Slovakia,EURO,15116.0,223325,556.0,3474
2021-01-24,SK,Slovakia,EURO,13151.0,236476,594.0,4068
2021-01-31,SK,Slovakia,EURO,13437.0,249913,574.0,4642
2021-02-07,SK,Slovakia,EURO,13413.0,263326,557.0,5199
2021-02-14,SK,Slovakia,EURO,14356.0,277682,686.0,5885
2021-02-21,SK,Slovakia,EURO,14461.0,292143,620.0,6505
2021-02-28,SK,Slovakia,EURO,15940.0,308083,684.0,7189
2021-03-07,SK,Slovakia,EURO,15307.0,323390,647.0,7836
2021-03-14,SK,Slovakia,EURO,14113.0,337503,692.0,8528
2021-03-21,SK,Slovakia,EURO,11366.0,348869,516.0,9044
2021-03-28,SK,Slovakia,EURO,9041.0,357910,452.0,9496
2021-04-04,SK,Slovakia,EURO,7332.0,365242,529.0,10025
2021-04-11,SK,Slovakia,EURO,5820.0,371062,540.0,10565
2021-04-18,SK,Slovakia,EURO,4912.0,375974,541.0,11106
2021-04-25,SK,Slovakia,EURO,3937.0,379911,389.0,11495
2021-05-02,SK,Slovakia,EURO,3187.0,383098,271.0,11766
2021-05-09,SK,Slovakia,EURO,2377.0,385475,253.0,12019
2021-05-16,SK,Slovakia,EURO,2048.0,387523,205.0,12224
2021-05-23,SK,Slovakia,EURO,1312.0,388835,68.0,12292
2021-05-30,SK,Slovakia,EURO,855.0,389690,47.0,12339
2021-06-06,SK,Slovakia,EURO,746.0,390436,65.0,12404
2021-06-13,SK,Slovakia,EURO,590.0,391026,35.0,12439
2021-06-20,SK,Slovakia,EURO,299.0,391325,53.0,12492
2021-06-27,SK,Slovakia,EURO,226.0,391551,13.0,12505
2021-07-04,SK,Slovakia,EURO,166.0,391717,8.0,12513
2021-07-11,SK,Slovakia,EURO,201.0,391918,6.0,12519
2021-07-18,SK,Slovakia,EURO,182.0,392100,5.0,12524
2021-07-25,SK,Slovakia,EURO,248.0,392348,10.0,12534
2021-08-01,SK,Slovakia,EURO,356.0,392704,6.0,12540
2021-08-08,SK,Slovakia,EURO,336.0,393040,1.0,12541
2021-08-15,SK,Slovakia,EURO,489.0,393529,3.0,12544
2021-08-22,SK,Slovakia,EURO,553.0,394082,3.0,12547
2021-08-29,SK,Slovakia,EURO,660.0,394742,1.0,12548
2021-09-05,SK,Slovakia,EURO,1338.0,396080,1.0,12549
2021-09-12,SK,Slovakia,EURO,2610.0,398690,9.0,12558
2021-09-19,SK,Slovakia,EURO,4118.0,402808,11.0,12569
2021-09-26,SK,Slovakia,EURO,5680.0,408488,27.0,12596
2021-10-03,SK,Slovakia,EURO,7505.0,415993,72.0,12668
2021-10-10,SK,Slovakia,EURO,9576.0,425569,63.0,12731
2021-10-17,SK,Slovakia,EURO,11815.0,437384,115.0,12846
2021-10-24,SK,Slovakia,EURO,19054.0,456438,57.0,12903
2021-10-31,SK,Slovakia,EURO,27335.0,483773,131.0,13034
2021-11-07,SK,Slovakia,EURO,34862.0,518635,195.0,13229
2021-11-14,SK,Slovakia,EURO,41465.0,560100,308.0,13537
2021-11-21,SK,Slovakia,EURO,50040.0,610140,324.0,13861
2021-11-28,SK,Slovakia,EURO,57821.0,667961,413.0,14274
2021-12-05,SK,Slovakia,EURO,61514.0,729475,552.0,14826
2021-12-12,SK,Slovakia,EURO,45382.0,774857,528.0,15354
2021-12-19,SK,Slovakia,EURO,31258.0,806115,660.0,16014
2021-12-26,SK,Slovakia,EURO,19514.0,825629,384.0,16398
2022-01-02,SK,Slovakia,EURO,18980.0,844609,303.0,16701
2022-01-09,SK,Slovakia,EURO,18353.0,862962,261.0,16962
2022-01-16,SK,Slovakia,EURO,16694.0,879656,338.0,17300
2022-01-23,SK,Slovakia,EURO,38262.0,917918,343.0,17643
2022-01-30,SK,Slovakia,EURO,82427.0,1000345,174.0,17817
2022-02-06,SK,Slovakia,EURO,116710.0,1117055,141.0,17958
2022-02-13,SK,Slovakia,EURO,124066.0,1241121,137.0,18095
2022-02-20,SK,Slovakia,EURO,113227.0,1354348,145.0,18240
2022-02-27,SK,Slovakia,EURO,87846.0,1442194,213.0,18453
2022-03-06,SK,Slovakia,EURO,67300.0,1509494,234.0,18687
2022-03-13,SK,Slovakia,EURO,63617.0,1573111,231.0,18918
2022-03-20,SK,Slovakia,EURO,61558.0,1634669,192.0,19110
2022-03-27,SK,Slovakia,EURO,52756.0,1687425,160.0,19270
2022-04-03,SK,Slovakia,EURO,38062.0,1725487,147.0,19417
2022-04-10,SK,Slovakia,EURO,25054.0,1750541,156.0,19573
2022-04-17,SK,Slovakia,EURO,13454.0,1763995,168.0,19741
2022-04-24,SK,Slovakia,EURO,10813.0,1774808,98.0,19839
2022-05-01,SK,Slovakia,EURO,6884.0,1781692,78.0,19917
2022-05-08,SK,Slovakia,EURO,3441.0,1785133,61.0,19978
2022-05-15,SK,Slovakia,EURO,1960.0,1787093,63.0,20041
2022-05-22,SK,Slovakia,EURO,1359.0,1788452,39.0,20080
2022-05-29,SK,Slovakia,EURO,985.0,1789437,17.0,20097
2022-06-05,SK,Slovakia,EURO,791.0,1790228,7.0,20104
2022-06-12,SK,Slovakia,EURO,964.0,1791192,12.0,20116
2022-06-19,SK,Slovakia,EURO,1125.0,1792317,17.0,20133
2022-06-26,SK,Slovakia,EURO,1994.0,1794311,9.0,20142
2022-07-03,SK,Slovakia,EURO,3094.0,1797405,9.0,20151
2022-07-10,SK,Slovakia,EURO,3633.0,1801038,9.0,20160
2022-07-17,SK,Slovakia,EURO,5052.0,1806090,12.0,20172
2022-07-24,SK,Slovakia,EURO,5960.0,1812050,25.0,20197
2022-07-31,SK,Slovakia,EURO,5729.0,1817779,26.0,20223
2022-08-07,SK,Slovakia,EURO,5480.0,1823259,36.0,20259
2022-08-14,SK,Slovakia,EURO,4452.0,1827711,44.0,20303
2022-08-21,SK,Slovakia,EURO,3341.0,1831052,30.0,20333
2022-08-28,SK,Slovakia,EURO,2639.0,1833691,15.0,20348
2022-09-04,SK,Slovakia,EURO,1586.0,1835277,15.0,20363
2022-09-11,SK,Slovakia,EURO,1946.0,1837223,39.0,20402
2022-09-18,SK,Slovakia,EURO,1933.0,1839156,34.0,20436
2022-09-25,SK,Slovakia,EURO,2346.0,1841502,12.0,20448
2022-10-02,SK,Slovakia,EURO,2898.0,1844400,13.0,20461
2022-10-09,SK,Slovakia,EURO,2846.0,1847246,17.0,20478
2022-10-16,SK,Slovakia,EURO,2281.0,1849527,33.0,20511
2022-10-23,SK,Slovakia,EURO,1756.0,1851283,46.0,20557
2022-10-30,SK,Slovakia,EURO,1269.0,1852552,44.0,20601
2022-11-06,SK,Slovakia,EURO,997.0,1853549,34.0,20635
2022-11-13,SK,Slovakia,EURO,822.0,1854371,41.0,20676
2022-11-20,SK,Slovakia,EURO,628.0,1854999,35.0,20711
2022-11-27,SK,Slovakia,EURO,665.0,1855664,18.0,20729
2022-12-04,SK,Slovakia,EURO,713.0,1856377,12.0,20741
2022-12-11,SK,Slovakia,EURO,812.0,1857189,20.0,20761
2022-12-18,SK,Slovakia,EURO,779.0,1857968,22.0,20783
2022-12-25,SK,Slovakia,EURO,719.0,1858687,20.0,20803
2023-01-01,SK,Slovakia,EURO,549.0,1859236,20.0,20823
2023-01-08,SK,Slovakia,EURO,456.0,1859692,22.0,20845
2023-01-15,SK,Slovakia,EURO,417.0,1860109,30.0,20875
2023-01-22,SK,Slovakia,EURO,330.0,1860439,31.0,20906
2023-01-29,SK,Slovakia,EURO,311.0,1860750,32.0,20938
2023-02-05,SK,Slovakia,EURO,362.0,1861112,23.0,20961
2023-02-12,SK,Slovakia,EURO,473.0,1861585,19.0,20980
2023-02-19,SK,Slovakia,EURO,555.0,1862140,16.0,20996
2023-02-26,SK,Slovakia,EURO,620.0,1862760,21.0,21017
2023-03-05,SK,Slovakia,EURO,638.0,1863398,13.0,21030
2023-03-12,SK,Slovakia,EURO,722.0,1864120,12.0,21042
2023-03-19,SK,Slovakia,EURO,511.0,1864631,21.0,21063
2023-03-26,SK,Slovakia,EURO,424.0,1865055,20.0,21083
2023-04-02,SK,Slovakia,EURO,442.0,1865497,27.0,21110
2023-04-09,SK,Slovakia,EURO,312.0,1865809,11.0,21121
2023-04-16,SK,Slovakia,EURO,262.0,1866071,23.0,21144
2023-04-23,SK,Slovakia,EURO,237.0,1866308,20.0,21164
2023-04-30,SK,Slovakia,EURO,4.0,1866312,3.0,21167
2023-05-07,SK,Slovakia,EURO,158.0,1866470,0.0,21167
2023-05-14,SK,Slovakia,EURO,177.0,1866647,0.0,21167
2023-05-21,SK,Slovakia,EURO,98.0,1866745,0.0,21167
2023-05-28,SK,Slovakia,EURO,69.0,1866814,0.0,21167
2023-06-04,SK,Slovakia,EURO,43.0,1866857,0.0,21167
2023-06-11,SK,Slovakia,EURO,0.0,1866857,0.0,21167
2023-06-18,SK,Slovakia,EURO,0.0,1866857,0.0,21167
2023-06-25,SK,Slovakia,EURO,0.0,1866857,0.0,21167
2023-07-02,SK,Slovakia,EURO,0.0,1866857,0.0,21167
2023-07-09,SK,Slovakia,EURO,0.0,1866857,0.0,21167
2023-07-16,SK,Slovakia,EURO,0.0,1866857,0.0,21167
2023-07-23,SK,Slovakia,EURO,30.0,1866887,0.0,21167
2023-07-30,SK,Slovakia,EURO,11.0,1866898,0.0,21167
2023-08-06,SK,Slovakia,EURO,10.0,1866908,0.0,21167
2023-08-13,SK,Slovakia,EURO,182.0,1867090,0.0,21167
2023-08-20,SK,Slovakia,EURO,27.0,1867117,0.0,21167
2023-08-27,SK,Slovakia,EURO,31.0,1867148,0.0,21167
2023-09-03,SK,Slovakia,EURO,54.0,1867202,0.0,21167
2023-09-10,SK,Slovakia,EURO,39.0,1867241,0.0,21167
2023-09-17,SK,Slovakia,EURO,82.0,1867323,0.0,21167
2023-09-24,SK,Slovakia,EURO,98.0,1867421,0.0,21167
2023-10-01,SK,Slovakia,EURO,104.0,1867525,0.0,21167
2023-10-08,SK,Slovakia,EURO,122.0,1867647,0.0,21167
2023-10-15,SK,Slovakia,EURO,152.0,1867799,0.0,21167
2023-10-22,SK,Slovakia,EURO,134.0,1867933,0.0,21167
2023-10-29,SK,Slovakia,EURO,178.0,1868111,0.0,21167
2023-11-05,SK,Slovakia,EURO,481.0,1868592,6.0,21173
2023-11-12,SK,Slovakia,EURO,509.0,1869101,3.0,21176
2023-11-19,SK,Slovakia,EURO,489.0,1869590,4.0,21180
2023-11-26,SK,Slovakia,EURO,669.0,1870259,2.0,21182
2023-12-03,SK,Slovakia,EURO,840.0,1871099,3.0,21185
2023-12-10,SK,Slovakia,EURO,1113.0,1872212,6.0,21191
2023-12-17,SK,Slovakia,EURO,1274.0,1873486,6.0,21197
2023-12-24,SK,Slovakia,EURO,1317.0,1874803,4.0,21201
2023-12-31,SK,Slovakia,EURO,726.0,1875529,6.0,21207
2024-01-07,SK,Slovakia,EURO,510.0,1876039,5.0,21212
2024-01-14,SK,Slovakia,EURO,422.0,1876461,6.0,21218
2024-01-21,SK,Slovakia,EURO,378.0,1876839,1.0,21219
2024-01-28,SK,Slovakia,EURO,246.0,1877085,1.0,21220
2024-02-04,SK,Slovakia,EURO,190.0,1877275,2.0,21222
2024-02-11,SK,Slovakia,EURO,131.0,1877406,0.0,21222
2024-02-18,SK,Slovakia,EURO,88.0,1877494,2.0,21224
2024-02-25,SK,Slovakia,EURO,55.0,1877549,0.0,21224
2024-03-03,SK,Slovakia,EURO,38.0,1877587,1.0,21225
2024-03-10,SK,Slovakia,EURO,42.0,1877629,0.0,21225
2024-03-17,SK,Slovakia,EURO,28.0,1877657,1.0,21226
2024-03-24,SK,Slovakia,EURO,32.0,1877689,0.0,21226
2024-03-31,SK,Slovakia,EURO,10.0,1877699,0.0,21226
2024-04-07,SK,Slovakia,EURO,12.0,1877711,0.0,21226
2024-04-14,SK,Slovakia,EURO,9.0,1877720,0.0,21226
2024-04-21,SK,Slovakia,EURO,3.0,1877723,0.0,21226
2024-04-28,SK,Slovakia,EURO,11.0,1877734,0.0,21226
