Date_reported,Country_code,Country,WHO_region,New_cases,Cumulative_cases,New_deaths,Cumulative_deaths
2020-01-05,SN,Senegal,AFRO,0.0,0,0.0,0
2020-01-12,SN,Senegal,AFRO,0.0,0,0.0,0
2020-01-19,SN,Senegal,AFRO,0.0,0,0.0,0
2020-01-26,SN,Senegal,AFRO,0.0,0,0.0,0
2020-02-02,SN,Senegal,AFRO,0.0,0,0.0,0
2020-02-09,SN,Senegal,AFRO,0.0,0,0.0,0
2020-02-16,SN,Senegal,AFRO,0.0,0,0.0,0
2020-02-23,SN,Senegal,AFRO,0.0,0,0.0,0
2020-03-01,SN,Senegal,AFRO,0.0,0,0.0,0
2020-03-08,SN,Senegal,AFRO,4.0,4,0.0,0
2020-03-15,SN,Senegal,AFRO,23.0,27,0.0,0
2020-03-22,SN,Senegal,AFRO,43.0,70,0.0,0
2020-03-29,SN,Senegal,AFRO,74.0,144,0.0,0
2020-04-05,SN,Senegal,AFRO,80.0,224,0.0,0
2020-04-12,SN,Senegal,AFRO,66.0,290,0.0,0
2020-04-19,SN,Senegal,AFRO,49.0,339,0.0,0
2020-04-26,SN,Senegal,AFRO,181.0,520,0.0,0
2020-05-03,SN,Senegal,AFRO,595.0,1115,0.0,0
2020-05-10,SN,Senegal,AFRO,519.0,1634,0.0,0
2020-05-17,SN,Senegal,AFRO,795.0,2429,0.0,0
2020-05-24,SN,Senegal,AFRO,547.0,2976,0.0,0
2020-05-31,SN,Senegal,AFRO,559.0,3535,0.0,0
2020-06-07,SN,Senegal,AFRO,714.0,4249,0.0,0
2020-06-14,SN,Senegal,AFRO,747.0,4996,0.0,0
2020-06-21,SN,Senegal,AFRO,787.0,5783,0.0,0
2020-06-28,SN,Senegal,AFRO,676.0,6459,0.0,0
2020-07-05,SN,Senegal,AFRO,813.0,7272,0.0,0
2020-07-12,SN,Senegal,AFRO,742.0,8014,148.0,148
2020-07-19,SN,Senegal,AFRO,655.0,8669,19.0,167
2020-07-26,SN,Senegal,AFRO,883.0,9552,24.0,191
2020-08-02,SN,Senegal,AFRO,732.0,10284,18.0,209
2020-08-09,SN,Senegal,AFRO,719.0,11003,23.0,232
2020-08-16,SN,Senegal,AFRO,1029.0,12032,21.0,253
2020-08-23,SN,Senegal,AFRO,818.0,12850,16.0,269
2020-08-30,SN,Senegal,AFRO,606.0,13456,15.0,284
2020-09-06,SN,Senegal,AFRO,492.0,13948,6.0,290
2020-09-13,SN,Senegal,AFRO,289.0,14237,7.0,297
2020-09-20,SN,Senegal,AFRO,451.0,14688,5.0,302
2020-09-27,SN,Senegal,AFRO,181.0,14869,6.0,308
2020-10-04,SN,Senegal,AFRO,199.0,15068,4.0,312
2020-10-11,SN,Senegal,AFRO,176.0,15244,2.0,314
2020-10-18,SN,Senegal,AFRO,148.0,15392,3.0,317
2020-10-25,SN,Senegal,AFRO,151.0,15543,4.0,321
2020-11-01,SN,Senegal,AFRO,73.0,15616,4.0,325
2020-11-08,SN,Senegal,AFRO,77.0,15693,1.0,326
2020-11-15,SN,Senegal,AFRO,86.0,15779,1.0,327
2020-11-22,SN,Senegal,AFRO,86.0,15865,3.0,330
2020-11-29,SN,Senegal,AFRO,162.0,16027,3.0,333
2020-12-06,SN,Senegal,AFRO,370.0,16397,4.0,337
2020-12-13,SN,Senegal,AFRO,664.0,17061,12.0,349
2020-12-20,SN,Senegal,AFRO,609.0,17670,12.0,361
2020-12-27,SN,Senegal,AFRO,853.0,18523,26.0,387
2021-01-03,SN,Senegal,AFRO,988.0,19511,29.0,416
2021-01-10,SN,Senegal,AFRO,1489.0,21000,43.0,459
2021-01-17,SN,Senegal,AFRO,1738.0,22738,50.0,509
2021-01-24,SN,Senegal,AFRO,1722.0,24460,60.0,569
2021-01-31,SN,Senegal,AFRO,1753.0,26213,52.0,621
2021-02-07,SN,Senegal,AFRO,2276.0,28489,54.0,675
2021-02-14,SN,Senegal,AFRO,2152.0,30641,66.0,741
2021-02-21,SN,Senegal,AFRO,1989.0,32630,54.0,795
2021-02-28,SN,Senegal,AFRO,1625.0,34255,71.0,866
2021-03-07,SN,Senegal,AFRO,1377.0,35632,53.0,919
2021-03-14,SN,Senegal,AFRO,1094.0,36726,44.0,963
2021-03-21,SN,Senegal,AFRO,967.0,37693,50.0,1013
2021-03-28,SN,Senegal,AFRO,763.0,38456,21.0,1034
2021-04-04,SN,Senegal,AFRO,497.0,38953,29.0,1063
2021-04-11,SN,Senegal,AFRO,411.0,39364,14.0,1077
2021-04-18,SN,Senegal,AFRO,367.0,39731,13.0,1090
2021-04-25,SN,Senegal,AFRO,351.0,40082,9.0,1099
2021-05-02,SN,Senegal,AFRO,306.0,40388,10.0,1109
2021-05-09,SN,Senegal,AFRO,277.0,40665,8.0,1117
2021-05-16,SN,Senegal,AFRO,163.0,40828,7.0,1124
2021-05-23,SN,Senegal,AFRO,234.0,41062,6.0,1130
2021-05-30,SN,Senegal,AFRO,269.0,41331,8.0,1138
2021-06-06,SN,Senegal,AFRO,300.0,41631,7.0,1145
2021-06-13,SN,Senegal,AFRO,321.0,41952,6.0,1151
2021-06-20,SN,Senegal,AFRO,381.0,42333,7.0,1158
2021-06-27,SN,Senegal,AFRO,518.0,42851,5.0,1163
2021-07-04,SN,Senegal,AFRO,776.0,43627,8.0,1171
2021-07-11,SN,Senegal,AFRO,2019.0,45646,19.0,1190
2021-07-18,SN,Senegal,AFRO,4728.0,50374,24.0,1214
2021-07-25,SN,Senegal,AFRO,6199.0,56573,55.0,1269
2021-08-01,SN,Senegal,AFRO,5717.0,62290,84.0,1353
2021-08-08,SN,Senegal,AFRO,4608.0,66898,114.0,1467
2021-08-15,SN,Senegal,AFRO,3515.0,70413,120.0,1587
2021-08-22,SN,Senegal,AFRO,1359.0,71772,72.0,1659
2021-08-29,SN,Senegal,AFRO,846.0,72618,83.0,1742
2021-09-05,SN,Senegal,AFRO,486.0,73104,52.0,1794
2021-09-12,SN,Senegal,AFRO,336.0,73440,34.0,1828
2021-09-19,SN,Senegal,AFRO,182.0,73622,17.0,1845
2021-09-26,SN,Senegal,AFRO,106.0,73728,10.0,1855
2021-10-03,SN,Senegal,AFRO,65.0,73793,4.0,1859
2021-10-10,SN,Senegal,AFRO,42.0,73835,9.0,1868
2021-10-17,SN,Senegal,AFRO,30.0,73865,3.0,1871
2021-10-24,SN,Senegal,AFRO,26.0,73891,6.0,1877
2021-10-31,SN,Senegal,AFRO,26.0,73917,1.0,1878
2021-11-07,SN,Senegal,AFRO,18.0,73935,2.0,1880
2021-11-14,SN,Senegal,AFRO,16.0,73951,1.0,1881
2021-11-21,SN,Senegal,AFRO,14.0,73965,2.0,1883
2021-11-28,SN,Senegal,AFRO,16.0,73981,2.0,1885
2021-12-05,SN,Senegal,AFRO,32.0,74013,1.0,1886
2021-12-12,SN,Senegal,AFRO,63.0,74076,0.0,1886
2021-12-19,SN,Senegal,AFRO,65.0,74141,0.0,1886
2021-12-26,SN,Senegal,AFRO,212.0,74353,4.0,1890
2022-01-02,SN,Senegal,AFRO,984.0,75337,0.0,1890
2022-01-09,SN,Senegal,AFRO,3287.0,78624,6.0,1896
2022-01-16,SN,Senegal,AFRO,3647.0,82271,12.0,1908
2022-01-23,SN,Senegal,AFRO,1847.0,84118,15.0,1923
2022-01-30,SN,Senegal,AFRO,738.0,84856,18.0,1941
2022-02-06,SN,Senegal,AFRO,322.0,85178,14.0,1955
2022-02-13,SN,Senegal,AFRO,192.0,85370,1.0,1956
2022-02-20,SN,Senegal,AFRO,175.0,85545,2.0,1958
2022-02-27,SN,Senegal,AFRO,121.0,85666,2.0,1960
2022-03-06,SN,Senegal,AFRO,81.0,85747,1.0,1961
2022-03-13,SN,Senegal,AFRO,45.0,85792,3.0,1964
2022-03-20,SN,Senegal,AFRO,29.0,85821,0.0,1964
2022-03-27,SN,Senegal,AFRO,39.0,85860,0.0,1964
2022-04-03,SN,Senegal,AFRO,51.0,85911,1.0,1965
2022-04-10,SN,Senegal,AFRO,38.0,85949,0.0,1965
2022-04-17,SN,Senegal,AFRO,18.0,85967,0.0,1965
2022-04-24,SN,Senegal,AFRO,17.0,85984,1.0,1966
2022-05-01,SN,Senegal,AFRO,13.0,85997,0.0,1966
2022-05-08,SN,Senegal,AFRO,15.0,86012,0.0,1966
2022-05-15,SN,Senegal,AFRO,23.0,86035,0.0,1966
2022-05-22,SN,Senegal,AFRO,32.0,86067,0.0,1966
2022-05-29,SN,Senegal,AFRO,34.0,86101,0.0,1966
2022-06-05,SN,Senegal,AFRO,32.0,86133,0.0,1966
2022-06-12,SN,Senegal,AFRO,17.0,86150,1.0,1967
2022-06-19,SN,Senegal,AFRO,51.0,86201,1.0,1968
2022-06-26,SN,Senegal,AFRO,74.0,86275,0.0,1968
2022-07-03,SN,Senegal,AFRO,73.0,86348,0.0,1968
2022-07-10,SN,Senegal,AFRO,133.0,86481,0.0,1968
2022-07-17,SN,Senegal,AFRO,263.0,86744,0.0,1968
2022-07-24,SN,Senegal,AFRO,293.0,87037,0.0,1968
2022-07-31,SN,Senegal,AFRO,305.0,87342,0.0,1968
2022-08-07,SN,Senegal,AFRO,208.0,87550,0.0,1968
2022-08-14,SN,Senegal,AFRO,202.0,87752,0.0,1968
2022-08-21,SN,Senegal,AFRO,192.0,87944,0.0,1968
2022-08-28,SN,Senegal,AFRO,108.0,88052,0.0,1968
2022-09-04,SN,Senegal,AFRO,80.0,88132,0.0,1968
2022-09-11,SN,Senegal,AFRO,67.0,88199,0.0,1968
2022-09-18,SN,Senegal,AFRO,80.0,88279,0.0,1968
2022-09-25,SN,Senegal,AFRO,70.0,88349,0.0,1968
2022-10-02,SN,Senegal,AFRO,70.0,88419,0.0,1968
2022-10-09,SN,Senegal,AFRO,100.0,88519,0.0,1968
2022-10-16,SN,Senegal,AFRO,92.0,88611,0.0,1968
2022-10-23,SN,Senegal,AFRO,91.0,88702,0.0,1968
2022-10-30,SN,Senegal,AFRO,77.0,88779,0.0,1968
2022-11-06,SN,Senegal,AFRO,40.0,88819,0.0,1968
2022-11-13,SN,Senegal,AFRO,19.0,88838,0.0,1968
2022-11-20,SN,Senegal,AFRO,15.0,88853,0.0,1968
2022-11-27,SN,Senegal,AFRO,16.0,88869,0.0,1968
2022-12-04,SN,Senegal,AFRO,13.0,88882,0.0,1968
2022-12-11,SN,Senegal,AFRO,6.0,88888,0.0,1968
2022-12-18,SN,Senegal,AFRO,7.0,88895,0.0,1968
2022-12-25,SN,Senegal,AFRO,5.0,88900,0.0,1968
2023-01-01,SN,Senegal,AFRO,0.0,88900,0.0,1968
2023-01-08,SN,Senegal,AFRO,0.0,88900,3.0,1971
2023-01-15,SN,Senegal,AFRO,2.0,88902,0.0,1971
2023-01-22,SN,Senegal,AFRO,0.0,88902,0.0,1971
2023-01-29,SN,Senegal,AFRO,3.0,88905,0.0,1971
2023-02-05,SN,Senegal,AFRO,1.0,88906,0.0,1971
2023-02-12,SN,Senegal,AFRO,1.0,88907,0.0,1971
2023-02-19,SN,Senegal,AFRO,3.0,88910,0.0,1971
2023-02-26,SN,Senegal,AFRO,7.0,88917,0.0,1971
2023-03-05,SN,Senegal,AFRO,9.0,88926,0.0,1971
2023-03-12,SN,Senegal,AFRO,7.0,88933,0.0,1971
2023-03-19,SN,Senegal,AFRO,12.0,88945,0.0,1971
2023-03-26,SN,Senegal,AFRO,6.0,88951,0.0,1971
2023-04-02,SN,Senegal,AFRO,22.0,88973,0.0,1971
2023-04-09,SN,Senegal,AFRO,5.0,88978,0.0,1971
2023-04-16,SN,Senegal,AFRO,11.0,88989,0.0,1971
2023-04-23,SN,Senegal,AFRO,4.0,88993,0.0,1971
2023-04-30,SN,Senegal,AFRO,4.0,88997,0.0,1971
2023-05-07,SN,Senegal,AFRO,0.0,88997,0.0,1971
2023-05-14,SN,Senegal,AFRO,1.0,88998,0.0,1971
2023-05-21,SN,Senegal,AFRO,1.0,88999,0.0,1971
2023-05-28,SN,Senegal,AFRO,0.0,88999,0.0,1971
2023-06-04,SN,Senegal,AFRO,0.0,88999,0.0,1971
2023-06-11,SN,Senegal,AFRO,0.0,88999,0.0,1971
2023-06-18,SN,Senegal,AFRO,0.0,88999,0.0,1971
2023-06-25,SN,Senegal,AFRO,4.0,89003,0.0,1971
2023-07-02,SN,Senegal,AFRO,2.0,89005,0.0,1971
2023-07-09,SN,Senegal,AFRO,2.0,89007,0.0,1971
2023-07-16,SN,Senegal,AFRO,0.0,89007,0.0,1971
2023-07-23,SN,Senegal,AFRO,1.0,89008,0.0,1971
2023-07-30,SN,Senegal,AFRO,3.0,89011,0.0,1971
2023-08-06,SN,Senegal,AFRO,3.0,89014,0.0,1971
2023-08-13,SN,Senegal,AFRO,0.0,89014,0.0,1971
2023-08-20,SN,Senegal,AFRO,6.0,89020,0.0,1971
2023-08-27,SN,Senegal,AFRO,0.0,89020,0.0,1971
2023-09-03,SN,Senegal,AFRO,1.0,89021,0.0,1971
2023-09-10,SN,Senegal,AFRO,1.0,89022,0.0,1971
2023-09-17,SN,Senegal,AFRO,0.0,89022,0.0,1971
2023-09-24,SN,Senegal,AFRO,0.0,89022,0.0,1971
2023-10-01,SN,Senegal,AFRO,0.0,89022,0.0,1971
2023-10-08,SN,Senegal,AFRO,2.0,89024,0.0,1971
2023-10-15,SN,Senegal,AFRO,2.0,89026,0.0,1971
2023-10-22,SN,Senegal,AFRO,1.0,89027,0.0,1971
2023-10-29,SN,Senegal,AFRO,0.0,89027,0.0,1971
2023-11-05,SN,Senegal,AFRO,0.0,89027,0.0,1971
2023-11-12,SN,Senegal,AFRO,0.0,89027,0.0,1971
2023-11-19,SN,Senegal,AFRO,2.0,89029,0.0,1971
2023-11-26,SN,Senegal,AFRO,1.0,89030,0.0,1971
2023-12-03,SN,Senegal,AFRO,3.0,89033,0.0,1971
2023-12-10,SN,Senegal,AFRO,0.0,89033,0.0,1971
2023-12-17,SN,Senegal,AFRO,17.0,89050,0.0,1971
2023-12-24,SN,Senegal,AFRO,0.0,89050,0.0,1971
2023-12-31,SN,Senegal,AFRO,0.0,89050,0.0,1971
2024-01-07,SN,Senegal,AFRO,0.0,89050,0.0,1971
2024-01-14,SN,Senegal,AFRO,0.0,89050,0.0,1971
2024-01-21,SN,Senegal,AFRO,0.0,89050,0.0,1971
2024-01-28,SN,Senegal,AFRO,0.0,89050,0.0,1971
2024-02-04,SN,Senegal,AFRO,0.0,89050,0.0,1971
2024-02-11,SN,Senegal,AFRO,3.0,89053,0.0,1971
2024-02-18,SN,Senegal,AFRO,0.0,89053,0.0,1971
2024-02-25,SN,Senegal,AFRO,1.0,89054,0.0,1971
2024-03-03,SN,Senegal,AFRO,1.0,89055,0.0,1971
2024-03-10,SN,Senegal,AFRO,1.0,89056,0.0,1971
2024-03-17,SN,Senegal,AFRO,1.0,89057,0.0,1971
2024-03-24,SN,Senegal,AFRO,1.0,89058,0.0,1971
2024-03-31,SN,Senegal,AFRO,9.0,89067,0.0,1971
2024-04-07,SN,Senegal,AFRO,0.0,89067,0.0,1971
2024-04-14,SN,Senegal,AFRO,9.0,89076,0.0,1971
2024-04-21,SN,Senegal,AFRO,0.0,89076,0.0,1971
2024-04-28,SN,Senegal,AFRO,0.0,89076,0.0,1971
