Date_reported,Country_code,Country,WHO_region,New_cases,Cumulative_cases,New_deaths,Cumulative_deaths
2020-01-05,SO,Somalia,EMRO,0.0,0,0.0,0
2020-01-12,SO,Somalia,EMRO,0.0,0,0.0,0
2020-01-19,SO,Somalia,EMRO,0.0,0,0.0,0
2020-01-26,SO,Somalia,EMRO,0.0,0,0.0,0
2020-02-02,SO,Somalia,EMRO,0.0,0,0.0,0
2020-02-09,SO,Somalia,EMRO,0.0,0,0.0,0
2020-02-16,SO,Somalia,EMRO,0.0,0,0.0,0
2020-02-23,SO,Somalia,EMRO,0.0,0,0.0,0
2020-03-01,SO,Somalia,EMRO,0.0,0,0.0,0
2020-03-08,SO,Somalia,EMRO,0.0,0,0.0,0
2020-03-15,SO,Somalia,EMRO,0.0,0,0.0,0
2020-03-22,SO,Somalia,EMRO,1.0,1,0.0,0
2020-03-29,SO,Somalia,EMRO,2.0,3,0.0,0
2020-04-05,SO,Somalia,EMRO,4.0,7,0.0,0
2020-04-12,SO,Somalia,EMRO,14.0,21,1.0,1
2020-04-19,SO,Somalia,EMRO,114.0,135,6.0,7
2020-04-26,SO,Somalia,EMRO,255.0,390,11.0,18
2020-05-03,SO,Somalia,EMRO,281.0,671,13.0,31
2020-05-10,SO,Somalia,EMRO,326.0,997,17.0,48
2020-05-17,SO,Somalia,EMRO,360.0,1357,7.0,55
2020-05-24,SO,Somalia,EMRO,237.0,1594,6.0,61
2020-05-31,SO,Somalia,EMRO,322.0,1916,12.0,73
2020-06-07,SO,Somalia,EMRO,373.0,2289,9.0,82
2020-06-14,SO,Somalia,EMRO,290.0,2579,5.0,87
2020-06-21,SO,Somalia,EMRO,176.0,2755,1.0,88
2020-06-28,SO,Somalia,EMRO,123.0,2878,2.0,90
2020-07-05,SO,Somalia,EMRO,83.0,2961,2.0,92
2020-07-12,SO,Somalia,EMRO,90.0,3051,0.0,92
2020-07-19,SO,Somalia,EMRO,60.0,3111,1.0,93
2020-07-26,SO,Somalia,EMRO,67.0,3178,0.0,93
2020-08-02,SO,Somalia,EMRO,34.0,3212,0.0,93
2020-08-09,SO,Somalia,EMRO,15.0,3227,0.0,93
2020-08-16,SO,Somalia,EMRO,29.0,3256,0.0,93
2020-08-23,SO,Somalia,EMRO,13.0,3269,0.0,93
2020-08-30,SO,Somalia,EMRO,41.0,3310,4.0,97
2020-09-06,SO,Somalia,EMRO,52.0,3362,0.0,97
2020-09-13,SO,Somalia,EMRO,14.0,3376,1.0,98
2020-09-20,SO,Somalia,EMRO,25.0,3401,0.0,98
2020-09-27,SO,Somalia,EMRO,187.0,3588,1.0,99
2020-10-04,SO,Somalia,EMRO,5.0,3593,0.0,99
2020-10-11,SO,Somalia,EMRO,254.0,3847,0.0,99
2020-10-18,SO,Somalia,EMRO,17.0,3864,0.0,99
2020-10-25,SO,Somalia,EMRO,33.0,3897,3.0,102
2020-11-01,SO,Somalia,EMRO,44.0,3941,2.0,104
2020-11-08,SO,Somalia,EMRO,288.0,4229,3.0,107
2020-11-15,SO,Somalia,EMRO,72.0,4301,0.0,107
2020-11-22,SO,Somalia,EMRO,81.0,4382,1.0,108
2020-11-29,SO,Somalia,EMRO,69.0,4451,5.0,113
2020-12-06,SO,Somalia,EMRO,74.0,4525,8.0,121
2020-12-13,SO,Somalia,EMRO,54.0,4579,0.0,121
2020-12-20,SO,Somalia,EMRO,83.0,4662,3.0,124
2020-12-27,SO,Somalia,EMRO,28.0,4690,3.0,127
2021-01-03,SO,Somalia,EMRO,24.0,4714,3.0,130
2021-01-10,SO,Somalia,EMRO,12.0,4726,0.0,130
2021-01-17,SO,Somalia,EMRO,18.0,4744,0.0,130
2021-01-24,SO,Somalia,EMRO,10.0,4754,0.0,130
2021-01-31,SO,Somalia,EMRO,30.0,4784,0.0,130
2021-02-07,SO,Somalia,EMRO,70.0,4854,4.0,134
2021-02-14,SO,Somalia,EMRO,238.0,5092,14.0,148
2021-02-21,SO,Somalia,EMRO,797.0,5889,46.0,194
2021-02-28,SO,Somalia,EMRO,1102.0,6991,37.0,231
2021-03-07,SO,Somalia,EMRO,1050.0,8041,63.0,294
2021-03-14,SO,Somalia,EMRO,905.0,8946,55.0,349
2021-03-21,SO,Somalia,EMRO,1022.0,9968,70.0,419
2021-03-28,SO,Somalia,EMRO,870.0,10838,69.0,488
2021-04-04,SO,Somalia,EMRO,785.0,11623,58.0,546
2021-04-11,SO,Somalia,EMRO,648.0,12271,59.0,605
2021-04-18,SO,Somalia,EMRO,566.0,12837,51.0,656
2021-04-25,SO,Somalia,EMRO,622.0,13459,33.0,689
2021-05-02,SO,Somalia,EMRO,456.0,13915,24.0,713
2021-05-09,SO,Somalia,EMRO,500.0,14415,34.0,747
2021-05-16,SO,Somalia,EMRO,71.0,14486,6.0,753
2021-05-23,SO,Somalia,EMRO,137.0,14623,14.0,767
2021-05-30,SO,Somalia,EMRO,30.0,14653,1.0,768
2021-06-06,SO,Somalia,EMRO,76.0,14729,5.0,773
2021-06-13,SO,Somalia,EMRO,50.0,14779,1.0,774
2021-06-20,SO,Somalia,EMRO,73.0,14852,1.0,775
2021-06-27,SO,Somalia,EMRO,40.0,14892,0.0,775
2021-07-04,SO,Somalia,EMRO,54.0,14946,0.0,775
2021-07-11,SO,Somalia,EMRO,49.0,14995,0.0,775
2021-07-18,SO,Somalia,EMRO,90.0,15085,6.0,781
2021-07-25,SO,Somalia,EMRO,118.0,15203,8.0,789
2021-08-01,SO,Somalia,EMRO,200.0,15403,22.0,811
2021-08-08,SO,Somalia,EMRO,395.0,15798,36.0,847
2021-08-15,SO,Somalia,EMRO,467.0,16265,31.0,878
2021-08-22,SO,Somalia,EMRO,270.0,16535,19.0,897
2021-08-29,SO,Somalia,EMRO,675.0,17210,56.0,953
2021-09-05,SO,Somalia,EMRO,516.0,17726,44.0,997
2021-09-12,SO,Somalia,EMRO,647.0,18373,26.0,1023
2021-09-19,SO,Somalia,EMRO,631.0,19004,40.0,1063
2021-09-26,SO,Somalia,EMRO,719.0,19723,40.0,1103
2021-10-03,SO,Somalia,EMRO,257.0,19980,8.0,1111
2021-10-10,SO,Somalia,EMRO,920.0,20900,41.0,1152
2021-10-17,SO,Somalia,EMRO,369.0,21269,28.0,1180
2021-10-24,SO,Somalia,EMRO,729.0,21998,28.0,1208
2021-10-31,SO,Somalia,EMRO,0.0,21998,0.0,1208
2021-11-07,SO,Somalia,EMRO,695.0,22693,86.0,1294
2021-11-14,SO,Somalia,EMRO,144.0,22837,19.0,1313
2021-11-21,SO,Somalia,EMRO,132.0,22969,11.0,1324
2021-11-28,SO,Somalia,EMRO,47.0,23016,3.0,1327
2021-12-05,SO,Somalia,EMRO,35.0,23051,4.0,1331
2021-12-12,SO,Somalia,EMRO,23.0,23074,2.0,1333
2021-12-19,SO,Somalia,EMRO,95.0,23169,0.0,1333
2021-12-26,SO,Somalia,EMRO,363.0,23532,0.0,1333
2022-01-02,SO,Somalia,EMRO,729.0,24261,2.0,1335
2022-01-09,SO,Somalia,EMRO,0.0,24261,0.0,1335
2022-01-16,SO,Somalia,EMRO,0.0,24261,0.0,1335
2022-01-23,SO,Somalia,EMRO,61.0,24322,0.0,1335
2022-01-30,SO,Somalia,EMRO,1066.0,25388,0.0,1335
2022-02-06,SO,Somalia,EMRO,679.0,26067,0.0,1335
2022-02-13,SO,Somalia,EMRO,136.0,26203,5.0,1340
2022-02-20,SO,Somalia,EMRO,57.0,26260,5.0,1345
2022-02-27,SO,Somalia,EMRO,53.0,26313,3.0,1348
2022-03-06,SO,Somalia,EMRO,87.0,26400,11.0,1359
2022-03-13,SO,Somalia,EMRO,0.0,26400,0.0,1359
2022-03-20,SO,Somalia,EMRO,10.0,26410,2.0,1361
2022-03-27,SO,Somalia,EMRO,0.0,26410,0.0,1361
2022-04-03,SO,Somalia,EMRO,0.0,26410,0.0,1361
2022-04-10,SO,Somalia,EMRO,61.0,26471,0.0,1361
2022-04-17,SO,Somalia,EMRO,0.0,26471,0.0,1361
2022-04-24,SO,Somalia,EMRO,14.0,26485,0.0,1361
2022-05-01,SO,Somalia,EMRO,0.0,26485,0.0,1361
2022-05-08,SO,Somalia,EMRO,0.0,26485,0.0,1361
2022-05-15,SO,Somalia,EMRO,33.0,26518,0.0,1361
2022-05-22,SO,Somalia,EMRO,4.0,26522,0.0,1361
2022-05-29,SO,Somalia,EMRO,13.0,26535,0.0,1361
2022-06-05,SO,Somalia,EMRO,30.0,26565,0.0,1361
2022-06-12,SO,Somalia,EMRO,0.0,26565,0.0,1361
2022-06-19,SO,Somalia,EMRO,110.0,26675,0.0,1361
2022-06-26,SO,Somalia,EMRO,128.0,26803,0.0,1361
2022-07-03,SO,Somalia,EMRO,0.0,26803,0.0,1361
2022-07-10,SO,Somalia,EMRO,97.0,26900,0.0,1361
2022-07-17,SO,Somalia,EMRO,0.0,26900,0.0,1361
2022-07-24,SO,Somalia,EMRO,12.0,26912,0.0,1361
2022-07-31,SO,Somalia,EMRO,45.0,26957,0.0,1361
2022-08-07,SO,Somalia,EMRO,63.0,27020,0.0,1361
2022-08-14,SO,Somalia,EMRO,0.0,27020,0.0,1361
2022-08-21,SO,Somalia,EMRO,0.0,27020,0.0,1361
2022-08-28,SO,Somalia,EMRO,161.0,27181,0.0,1361
2022-09-04,SO,Somalia,EMRO,16.0,27197,0.0,1361
2022-09-11,SO,Somalia,EMRO,10.0,27207,0.0,1361
2022-09-18,SO,Somalia,EMRO,0.0,27207,0.0,1361
2022-09-25,SO,Somalia,EMRO,9.0,27216,0.0,1361
2022-10-02,SO,Somalia,EMRO,7.0,27223,0.0,1361
2022-10-09,SO,Somalia,EMRO,2.0,27225,0.0,1361
2022-10-16,SO,Somalia,EMRO,12.0,27237,0.0,1361
2022-10-23,SO,Somalia,EMRO,0.0,27237,0.0,1361
2022-10-30,SO,Somalia,EMRO,0.0,27237,0.0,1361
2022-11-06,SO,Somalia,EMRO,30.0,27267,0.0,1361
2022-11-13,SO,Somalia,EMRO,19.0,27286,0.0,1361
2022-11-20,SO,Somalia,EMRO,0.0,27286,0.0,1361
2022-11-27,SO,Somalia,EMRO,0.0,27286,0.0,1361
2022-12-04,SO,Somalia,EMRO,0.0,27286,0.0,1361
2022-12-11,SO,Somalia,EMRO,0.0,27286,0.0,1361
2022-12-18,SO,Somalia,EMRO,0.0,27286,0.0,1361
2022-12-25,SO,Somalia,EMRO,14.0,27300,0.0,1361
2023-01-01,SO,Somalia,EMRO,10.0,27310,0.0,1361
2023-01-08,SO,Somalia,EMRO,0.0,27310,0.0,1361
2023-01-15,SO,Somalia,EMRO,0.0,27310,0.0,1361
2023-01-22,SO,Somalia,EMRO,8.0,27318,0.0,1361
2023-01-29,SO,Somalia,EMRO,0.0,27318,0.0,1361
2023-02-05,SO,Somalia,EMRO,4.0,27322,0.0,1361
2023-02-12,SO,Somalia,EMRO,0.0,27322,0.0,1361
2023-02-19,SO,Somalia,EMRO,2.0,27324,0.0,1361
2023-02-26,SO,Somalia,EMRO,0.0,27324,0.0,1361
2023-03-05,SO,Somalia,EMRO,10.0,27334,0.0,1361
2023-03-12,SO,Somalia,EMRO,0.0,27334,0.0,1361
2023-03-19,SO,Somalia,EMRO,0.0,27334,0.0,1361
2023-03-26,SO,Somalia,EMRO,0.0,27334,0.0,1361
2023-04-02,SO,Somalia,EMRO,0.0,27334,0.0,1361
2023-04-09,SO,Somalia,EMRO,0.0,27334,0.0,1361
2023-04-16,SO,Somalia,EMRO,0.0,27334,0.0,1361
2023-04-23,SO,Somalia,EMRO,0.0,27334,0.0,1361
2023-04-30,SO,Somalia,EMRO,0.0,27334,0.0,1361
2023-05-07,SO,Somalia,EMRO,0.0,27334,0.0,1361
2023-05-14,SO,Somalia,EMRO,0.0,27334,0.0,1361
2023-05-21,SO,Somalia,EMRO,0.0,27334,0.0,1361
2023-05-28,SO,Somalia,EMRO,0.0,27334,0.0,1361
2023-06-04,SO,Somalia,EMRO,0.0,27334,0.0,1361
2023-06-11,SO,Somalia,EMRO,0.0,27334,0.0,1361
2023-06-18,SO,Somalia,EMRO,0.0,27334,0.0,1361
2023-06-25,SO,Somalia,EMRO,0.0,27334,0.0,1361
2023-07-02,SO,Somalia,EMRO,0.0,27334,0.0,1361
2023-07-09,SO,Somalia,EMRO,0.0,27334,0.0,1361
2023-07-16,SO,Somalia,EMRO,0.0,27334,0.0,1361
2023-07-23,SO,Somalia,EMRO,0.0,27334,0.0,1361
2023-07-30,SO,Somalia,EMRO,0.0,27334,0.0,1361
2023-08-06,SO,Somalia,EMRO,0.0,27334,0.0,1361
2023-08-13,SO,Somalia,EMRO,0.0,27334,0.0,1361
2023-08-20,SO,Somalia,EMRO,0.0,27334,0.0,1361
2023-08-27,SO,Somalia,EMRO,0.0,27334,0.0,1361
2023-09-03,SO,Somalia,EMRO,0.0,27334,0.0,1361
2023-09-10,SO,Somalia,EMRO,0.0,27334,0.0,1361
2023-09-17,SO,Somalia,EMRO,0.0,27334,0.0,1361
2023-09-24,SO,Somalia,EMRO,0.0,27334,0.0,1361
2023-10-01,SO,Somalia,EMRO,0.0,27334,0.0,1361
2023-10-08,SO,Somalia,EMRO,0.0,27334,0.0,1361
2023-10-15,SO,Somalia,EMRO,0.0,27334,0.0,1361
2023-10-22,SO,Somalia,EMRO,0.0,27334,0.0,1361
2023-10-29,SO,Somalia,EMRO,0.0,27334,0.0,1361
2023-11-05,SO,Somalia,EMRO,0.0,27334,0.0,1361
2023-11-12,SO,Somalia,EMRO,0.0,27334,0.0,1361
2023-11-19,SO,Somalia,EMRO,0.0,27334,0.0,1361
2023-11-26,SO,Somalia,EMRO,0.0,27334,0.0,1361
2023-12-03,SO,Somalia,EMRO,0.0,27334,0.0,1361
2023-12-10,SO,Somalia,EMRO,0.0,27334,0.0,1361
2023-12-17,SO,Somalia,EMRO,0.0,27334,0.0,1361
2023-12-24,SO,Somalia,EMRO,0.0,27334,0.0,1361
2023-12-31,SO,Somalia,EMRO,0.0,27334,0.0,1361
2024-01-07,SO,Somalia,EMRO,0.0,27334,0.0,1361
2024-01-14,SO,Somalia,EMRO,0.0,27334,0.0,1361
2024-01-21,SO,Somalia,EMRO,0.0,27334,0.0,1361
2024-01-28,SO,Somalia,EMRO,0.0,27334,0.0,1361
2024-02-04,SO,Somalia,EMRO,0.0,27334,0.0,1361
2024-02-11,SO,Somalia,EMRO,0.0,27334,0.0,1361
2024-02-18,SO,Somalia,EMRO,0.0,27334,0.0,1361
2024-02-25,SO,Somalia,EMRO,0.0,27334,0.0,1361
2024-03-03,SO,Somalia,EMRO,0.0,27334,0.0,1361
2024-03-10,SO,Somalia,EMRO,0.0,27334,0.0,1361
2024-03-17,SO,Somalia,EMRO,0.0,27334,0.0,1361
2024-03-24,SO,Somalia,EMRO,0.0,27334,0.0,1361
2024-03-31,SO,Somalia,EMRO,0.0,27334,0.0,1361
2024-04-07,SO,Somalia,EMRO,0.0,27334,0.0,1361
2024-04-14,SO,Somalia,EMRO,0.0,27334,0.0,1361
2024-04-21,SO,Somalia,EMRO,0.0,27334,0.0,1361
2024-04-28,SO,Somalia,EMRO,0.0,27334,0.0,1361
