Date_reported,Country_code,Country,WHO_region,New_cases,Cumulative_cases,New_deaths,Cumulative_deaths
2020-01-05,SX,Sint Maarten (Dutch part),AMRO,0.0,0,0.0,0
2020-01-12,SX,Sint Maarten (Dutch part),AMRO,0.0,0,0.0,0
2020-01-19,SX,Sint Maarten (Dutch part),AMRO,0.0,0,0.0,0
2020-01-26,SX,Sint Maarten (Dutch part),AMRO,0.0,0,0.0,0
2020-02-02,SX,Sint Maarten (Dutch part),AMRO,0.0,0,0.0,0
2020-02-09,SX,Sint Maarten (Dutch part),AMRO,0.0,0,0.0,0
2020-02-16,SX,Sint Maarten (Dutch part),AMRO,0.0,0,0.0,0
2020-02-23,SX,Sint Maarten (Dutch part),AMRO,0.0,0,0.0,0
2020-03-01,SX,Sint Maarten (Dutch part),AMRO,0.0,0,0.0,0
2020-03-08,SX,Sint Maarten (Dutch part),AMRO,0.0,0,0.0,0
2020-03-15,SX,Sint Maarten (Dutch part),AMRO,0.0,0,0.0,0
2020-03-22,SX,Sint Maarten (Dutch part),AMRO,1.0,1,0.0,0
2020-03-29,SX,Sint Maarten (Dutch part),AMRO,2.0,3,0.0,0
2020-04-05,SX,Sint Maarten (Dutch part),AMRO,20.0,23,2.0,2
2020-04-12,SX,Sint Maarten (Dutch part),AMRO,27.0,50,7.0,9
2020-04-19,SX,Sint Maarten (Dutch part),AMRO,7.0,57,0.0,9
2020-04-26,SX,Sint Maarten (Dutch part),AMRO,16.0,73,3.0,12
2020-05-03,SX,Sint Maarten (Dutch part),AMRO,3.0,76,1.0,13
2020-05-10,SX,Sint Maarten (Dutch part),AMRO,1.0,77,2.0,15
2020-05-17,SX,Sint Maarten (Dutch part),AMRO,1.0,78,0.0,15
2020-05-24,SX,Sint Maarten (Dutch part),AMRO,0.0,78,0.0,15
2020-05-31,SX,Sint Maarten (Dutch part),AMRO,0.0,78,0.0,15
2020-06-07,SX,Sint Maarten (Dutch part),AMRO,-1.0,77,0.0,15
2020-06-14,SX,Sint Maarten (Dutch part),AMRO,0.0,77,0.0,15
2020-06-21,SX,Sint Maarten (Dutch part),AMRO,0.0,77,0.0,15
2020-06-28,SX,Sint Maarten (Dutch part),AMRO,0.0,77,0.0,15
2020-07-05,SX,Sint Maarten (Dutch part),AMRO,1.0,78,0.0,15
2020-07-12,SX,Sint Maarten (Dutch part),AMRO,0.0,78,0.0,15
2020-07-19,SX,Sint Maarten (Dutch part),AMRO,1.0,79,0.0,15
2020-07-26,SX,Sint Maarten (Dutch part),AMRO,15.0,94,0.0,15
2020-08-02,SX,Sint Maarten (Dutch part),AMRO,34.0,128,0.0,15
2020-08-09,SX,Sint Maarten (Dutch part),AMRO,48.0,176,1.0,16
2020-08-16,SX,Sint Maarten (Dutch part),AMRO,87.0,263,1.0,17
2020-08-23,SX,Sint Maarten (Dutch part),AMRO,90.0,353,0.0,17
2020-08-30,SX,Sint Maarten (Dutch part),AMRO,91.0,444,0.0,17
2020-09-06,SX,Sint Maarten (Dutch part),AMRO,60.0,504,2.0,19
2020-09-13,SX,Sint Maarten (Dutch part),AMRO,26.0,530,0.0,19
2020-09-20,SX,Sint Maarten (Dutch part),AMRO,35.0,565,0.0,19
2020-09-27,SX,Sint Maarten (Dutch part),AMRO,53.0,618,3.0,22
2020-10-04,SX,Sint Maarten (Dutch part),AMRO,50.0,668,0.0,22
2020-10-11,SX,Sint Maarten (Dutch part),AMRO,31.0,699,0.0,22
2020-10-18,SX,Sint Maarten (Dutch part),AMRO,38.0,737,0.0,22
2020-10-25,SX,Sint Maarten (Dutch part),AMRO,39.0,776,0.0,22
2020-11-01,SX,Sint Maarten (Dutch part),AMRO,29.0,805,0.0,22
2020-11-08,SX,Sint Maarten (Dutch part),AMRO,65.0,870,0.0,22
2020-11-15,SX,Sint Maarten (Dutch part),AMRO,44.0,914,1.0,23
2020-11-22,SX,Sint Maarten (Dutch part),AMRO,59.0,973,1.0,24
2020-11-29,SX,Sint Maarten (Dutch part),AMRO,68.0,1041,1.0,25
2020-12-06,SX,Sint Maarten (Dutch part),AMRO,64.0,1105,0.0,25
2020-12-13,SX,Sint Maarten (Dutch part),AMRO,96.0,1201,1.0,26
2020-12-20,SX,Sint Maarten (Dutch part),AMRO,93.0,1294,0.0,26
2020-12-27,SX,Sint Maarten (Dutch part),AMRO,76.0,1370,0.0,26
2021-01-03,SX,Sint Maarten (Dutch part),AMRO,64.0,1434,1.0,27
2021-01-10,SX,Sint Maarten (Dutch part),AMRO,97.0,1531,0.0,27
2021-01-17,SX,Sint Maarten (Dutch part),AMRO,98.0,1629,0.0,27
2021-01-24,SX,Sint Maarten (Dutch part),AMRO,79.0,1708,0.0,27
2021-01-31,SX,Sint Maarten (Dutch part),AMRO,114.0,1822,0.0,27
2021-02-07,SX,Sint Maarten (Dutch part),AMRO,89.0,1911,0.0,27
2021-02-14,SX,Sint Maarten (Dutch part),AMRO,74.0,1985,0.0,27
2021-02-21,SX,Sint Maarten (Dutch part),AMRO,42.0,2027,0.0,27
2021-02-28,SX,Sint Maarten (Dutch part),AMRO,24.0,2051,0.0,27
2021-03-07,SX,Sint Maarten (Dutch part),AMRO,15.0,2066,0.0,27
2021-03-14,SX,Sint Maarten (Dutch part),AMRO,12.0,2078,0.0,27
2021-03-21,SX,Sint Maarten (Dutch part),AMRO,15.0,2093,0.0,27
2021-03-28,SX,Sint Maarten (Dutch part),AMRO,25.0,2118,0.0,27
2021-04-04,SX,Sint Maarten (Dutch part),AMRO,33.0,2151,0.0,27
2021-04-11,SX,Sint Maarten (Dutch part),AMRO,23.0,2174,0.0,27
2021-04-18,SX,Sint Maarten (Dutch part),AMRO,28.0,2202,0.0,27
2021-04-25,SX,Sint Maarten (Dutch part),AMRO,10.0,2212,0.0,27
2021-05-02,SX,Sint Maarten (Dutch part),AMRO,18.0,2230,0.0,27
2021-05-09,SX,Sint Maarten (Dutch part),AMRO,20.0,2250,0.0,27
2021-05-16,SX,Sint Maarten (Dutch part),AMRO,22.0,2272,0.0,27
2021-05-23,SX,Sint Maarten (Dutch part),AMRO,74.0,2346,0.0,27
2021-05-30,SX,Sint Maarten (Dutch part),AMRO,58.0,2404,1.0,28
2021-06-06,SX,Sint Maarten (Dutch part),AMRO,44.0,2448,0.0,28
2021-06-13,SX,Sint Maarten (Dutch part),AMRO,63.0,2511,3.0,31
2021-06-20,SX,Sint Maarten (Dutch part),AMRO,50.0,2561,1.0,32
2021-06-27,SX,Sint Maarten (Dutch part),AMRO,33.0,2594,1.0,33
2021-07-04,SX,Sint Maarten (Dutch part),AMRO,24.0,2618,0.0,33
2021-07-11,SX,Sint Maarten (Dutch part),AMRO,15.0,2633,1.0,34
2021-07-18,SX,Sint Maarten (Dutch part),AMRO,26.0,2659,0.0,34
2021-07-25,SX,Sint Maarten (Dutch part),AMRO,39.0,2698,0.0,34
2021-08-01,SX,Sint Maarten (Dutch part),AMRO,62.0,2760,0.0,34
2021-08-08,SX,Sint Maarten (Dutch part),AMRO,131.0,2891,0.0,34
2021-08-15,SX,Sint Maarten (Dutch part),AMRO,237.0,3128,5.0,39
2021-08-22,SX,Sint Maarten (Dutch part),AMRO,238.0,3366,3.0,42
2021-08-29,SX,Sint Maarten (Dutch part),AMRO,214.0,3580,5.0,47
2021-09-05,SX,Sint Maarten (Dutch part),AMRO,195.0,3775,9.0,56
2021-09-12,SX,Sint Maarten (Dutch part),AMRO,172.0,3947,1.0,57
2021-09-19,SX,Sint Maarten (Dutch part),AMRO,106.0,4053,2.0,59
2021-09-26,SX,Sint Maarten (Dutch part),AMRO,125.0,4178,2.0,61
2021-10-03,SX,Sint Maarten (Dutch part),AMRO,113.0,4291,5.0,66
2021-10-10,SX,Sint Maarten (Dutch part),AMRO,95.0,4386,2.0,68
2021-10-17,SX,Sint Maarten (Dutch part),AMRO,52.0,4438,2.0,70
2021-10-24,SX,Sint Maarten (Dutch part),AMRO,30.0,4468,5.0,75
2021-10-31,SX,Sint Maarten (Dutch part),AMRO,20.0,4488,0.0,75
2021-11-07,SX,Sint Maarten (Dutch part),AMRO,13.0,4501,0.0,75
2021-11-14,SX,Sint Maarten (Dutch part),AMRO,25.0,4526,0.0,75
2021-11-21,SX,Sint Maarten (Dutch part),AMRO,28.0,4554,0.0,75
2021-11-28,SX,Sint Maarten (Dutch part),AMRO,19.0,4573,0.0,75
2021-12-05,SX,Sint Maarten (Dutch part),AMRO,20.0,4593,0.0,75
2021-12-12,SX,Sint Maarten (Dutch part),AMRO,31.0,4624,0.0,75
2021-12-19,SX,Sint Maarten (Dutch part),AMRO,40.0,4664,0.0,75
2021-12-26,SX,Sint Maarten (Dutch part),AMRO,84.0,4748,0.0,75
2022-01-02,SX,Sint Maarten (Dutch part),AMRO,449.0,5197,0.0,75
2022-01-09,SX,Sint Maarten (Dutch part),AMRO,916.0,6113,0.0,75
2022-01-16,SX,Sint Maarten (Dutch part),AMRO,2137.0,8250,0.0,75
2022-01-23,SX,Sint Maarten (Dutch part),AMRO,715.0,8965,2.0,77
2022-01-30,SX,Sint Maarten (Dutch part),AMRO,264.0,9229,2.0,79
2022-02-06,SX,Sint Maarten (Dutch part),AMRO,144.0,9373,0.0,79
2022-02-13,SX,Sint Maarten (Dutch part),AMRO,96.0,9469,4.0,83
2022-02-20,SX,Sint Maarten (Dutch part),AMRO,42.0,9511,1.0,84
2022-02-27,SX,Sint Maarten (Dutch part),AMRO,33.0,9544,1.0,85
2022-03-06,SX,Sint Maarten (Dutch part),AMRO,26.0,9570,0.0,85
2022-03-13,SX,Sint Maarten (Dutch part),AMRO,16.0,9586,0.0,85
2022-03-20,SX,Sint Maarten (Dutch part),AMRO,43.0,9629,0.0,85
2022-03-27,SX,Sint Maarten (Dutch part),AMRO,28.0,9657,1.0,86
2022-04-03,SX,Sint Maarten (Dutch part),AMRO,41.0,9698,0.0,86
2022-04-10,SX,Sint Maarten (Dutch part),AMRO,89.0,9787,0.0,86
2022-04-17,SX,Sint Maarten (Dutch part),AMRO,86.0,9873,0.0,86
2022-04-24,SX,Sint Maarten (Dutch part),AMRO,47.0,9920,0.0,86
2022-05-01,SX,Sint Maarten (Dutch part),AMRO,98.0,10018,0.0,86
2022-05-08,SX,Sint Maarten (Dutch part),AMRO,47.0,10065,0.0,86
2022-05-15,SX,Sint Maarten (Dutch part),AMRO,58.0,10123,0.0,86
2022-05-22,SX,Sint Maarten (Dutch part),AMRO,0.0,10123,0.0,86
2022-05-29,SX,Sint Maarten (Dutch part),AMRO,156.0,10279,0.0,86
2022-06-05,SX,Sint Maarten (Dutch part),AMRO,74.0,10353,0.0,86
2022-06-12,SX,Sint Maarten (Dutch part),AMRO,81.0,10434,0.0,86
2022-06-19,SX,Sint Maarten (Dutch part),AMRO,74.0,10508,0.0,86
2022-06-26,SX,Sint Maarten (Dutch part),AMRO,0.0,10508,0.0,86
2022-07-03,SX,Sint Maarten (Dutch part),AMRO,72.0,10580,0.0,86
2022-07-10,SX,Sint Maarten (Dutch part),AMRO,21.0,10601,1.0,87
2022-07-17,SX,Sint Maarten (Dutch part),AMRO,0.0,10601,0.0,87
2022-07-24,SX,Sint Maarten (Dutch part),AMRO,55.0,10656,0.0,87
2022-07-31,SX,Sint Maarten (Dutch part),AMRO,85.0,10741,0.0,87
2022-08-07,SX,Sint Maarten (Dutch part),AMRO,24.0,10765,0.0,87
2022-08-14,SX,Sint Maarten (Dutch part),AMRO,0.0,10765,0.0,87
2022-08-21,SX,Sint Maarten (Dutch part),AMRO,44.0,10809,0.0,87
2022-08-28,SX,Sint Maarten (Dutch part),AMRO,0.0,10809,0.0,87
2022-09-04,SX,Sint Maarten (Dutch part),AMRO,27.0,10836,0.0,87
2022-09-11,SX,Sint Maarten (Dutch part),AMRO,11.0,10847,0.0,87
2022-09-18,SX,Sint Maarten (Dutch part),AMRO,8.0,10855,0.0,87
2022-09-25,SX,Sint Maarten (Dutch part),AMRO,0.0,10855,0.0,87
2022-10-02,SX,Sint Maarten (Dutch part),AMRO,8.0,10863,0.0,87
2022-10-09,SX,Sint Maarten (Dutch part),AMRO,2.0,10865,0.0,87
2022-10-16,SX,Sint Maarten (Dutch part),AMRO,11.0,10876,0.0,87
2022-10-23,SX,Sint Maarten (Dutch part),AMRO,32.0,10908,0.0,87
2022-10-30,SX,Sint Maarten (Dutch part),AMRO,14.0,10922,1.0,88
2022-11-06,SX,Sint Maarten (Dutch part),AMRO,9.0,10931,1.0,89
2022-11-13,SX,Sint Maarten (Dutch part),AMRO,0.0,10931,0.0,89
2022-11-20,SX,Sint Maarten (Dutch part),AMRO,12.0,10943,0.0,89
2022-11-27,SX,Sint Maarten (Dutch part),AMRO,6.0,10949,0.0,89
2022-12-04,SX,Sint Maarten (Dutch part),AMRO,5.0,10954,0.0,89
2022-12-11,SX,Sint Maarten (Dutch part),AMRO,0.0,10954,0.0,89
2022-12-18,SX,Sint Maarten (Dutch part),AMRO,10.0,10964,0.0,89
2022-12-25,SX,Sint Maarten (Dutch part),AMRO,24.0,10988,0.0,89
2023-01-01,SX,Sint Maarten (Dutch part),AMRO,4.0,10992,0.0,89
2023-01-08,SX,Sint Maarten (Dutch part),AMRO,0.0,10992,0.0,89
2023-01-15,SX,Sint Maarten (Dutch part),AMRO,13.0,11005,0.0,89
2023-01-22,SX,Sint Maarten (Dutch part),AMRO,5.0,11010,0.0,89
2023-01-29,SX,Sint Maarten (Dutch part),AMRO,0.0,11010,0.0,89
2023-02-05,SX,Sint Maarten (Dutch part),AMRO,4.0,11014,1.0,90
2023-02-12,SX,Sint Maarten (Dutch part),AMRO,2.0,11016,0.0,90
2023-02-19,SX,Sint Maarten (Dutch part),AMRO,0.0,11016,0.0,90
2023-02-26,SX,Sint Maarten (Dutch part),AMRO,4.0,11020,0.0,90
2023-03-05,SX,Sint Maarten (Dutch part),AMRO,0.0,11020,0.0,90
2023-03-12,SX,Sint Maarten (Dutch part),AMRO,3.0,11023,2.0,92
2023-03-19,SX,Sint Maarten (Dutch part),AMRO,3.0,11026,0.0,92
2023-03-26,SX,Sint Maarten (Dutch part),AMRO,3.0,11029,0.0,92
2023-04-02,SX,Sint Maarten (Dutch part),AMRO,1.0,11030,0.0,92
2023-04-09,SX,Sint Maarten (Dutch part),AMRO,0.0,11030,0.0,92
2023-04-16,SX,Sint Maarten (Dutch part),AMRO,0.0,11030,0.0,92
2023-04-23,SX,Sint Maarten (Dutch part),AMRO,0.0,11030,0.0,92
2023-04-30,SX,Sint Maarten (Dutch part),AMRO,0.0,11030,0.0,92
2023-05-07,SX,Sint Maarten (Dutch part),AMRO,0.0,11030,0.0,92
2023-05-14,SX,Sint Maarten (Dutch part),AMRO,0.0,11030,0.0,92
2023-05-21,SX,Sint Maarten (Dutch part),AMRO,0.0,11030,0.0,92
2023-05-28,SX,Sint Maarten (Dutch part),AMRO,0.0,11030,0.0,92
2023-06-04,SX,Sint Maarten (Dutch part),AMRO,21.0,11051,0.0,92
2023-06-11,SX,Sint Maarten (Dutch part),AMRO,0.0,11051,0.0,92
2023-06-18,SX,Sint Maarten (Dutch part),AMRO,0.0,11051,0.0,92
2023-06-25,SX,Sint Maarten (Dutch part),AMRO,0.0,11051,0.0,92
2023-07-02,SX,Sint Maarten (Dutch part),AMRO,0.0,11051,0.0,92
2023-07-09,SX,Sint Maarten (Dutch part),AMRO,0.0,11051,0.0,92
2023-07-16,SX,Sint Maarten (Dutch part),AMRO,0.0,11051,0.0,92
2023-07-23,SX,Sint Maarten (Dutch part),AMRO,0.0,11051,0.0,92
2023-07-30,SX,Sint Maarten (Dutch part),AMRO,0.0,11051,0.0,92
2023-08-06,SX,Sint Maarten (Dutch part),AMRO,0.0,11051,0.0,92
2023-08-13,SX,Sint Maarten (Dutch part),AMRO,0.0,11051,0.0,92
2023-08-20,SX,Sint Maarten (Dutch part),AMRO,0.0,11051,0.0,92
2023-08-27,SX,Sint Maarten (Dutch part),AMRO,0.0,11051,0.0,92
2023-09-03,SX,Sint Maarten (Dutch part),AMRO,0.0,11051,0.0,92
2023-09-10,SX,Sint Maarten (Dutch part),AMRO,0.0,11051,0.0,92
2023-09-17,SX,Sint Maarten (Dutch part),AMRO,0.0,11051,0.0,92
2023-09-24,SX,Sint Maarten (Dutch part),AMRO,0.0,11051,0.0,92
2023-10-01,SX,Sint Maarten (Dutch part),AMRO,0.0,11051,0.0,92
2023-10-08,SX,Sint Maarten (Dutch part),AMRO,0.0,11051,0.0,92
2023-10-15,SX,Sint Maarten (Dutch part),AMRO,0.0,11051,0.0,92
2023-10-22,SX,Sint Maarten (Dutch part),AMRO,0.0,11051,0.0,92
2023-10-29,SX,Sint Maarten (Dutch part),AMRO,0.0,11051,0.0,92
2023-11-05,SX,Sint Maarten (Dutch part),AMRO,0.0,11051,0.0,92
2023-11-12,SX,Sint Maarten (Dutch part),AMRO,0.0,11051,0.0,92
2023-11-19,SX,Sint Maarten (Dutch part),AMRO,0.0,11051,0.0,92
2023-11-26,SX,Sint Maarten (Dutch part),AMRO,0.0,11051,0.0,92
2023-12-03,SX,Sint Maarten (Dutch part),AMRO,0.0,11051,0.0,92
2023-12-10,SX,Sint Maarten (Dutch part),AMRO,0.0,11051,0.0,92
2023-12-17,SX,Sint Maarten (Dutch part),AMRO,0.0,11051,0.0,92
2023-12-24,SX,Sint Maarten (Dutch part),AMRO,0.0,11051,0.0,92
2023-12-31,SX,Sint Maarten (Dutch part),AMRO,0.0,11051,0.0,92
2024-01-07,SX,Sint Maarten (Dutch part),AMRO,0.0,11051,0.0,92
2024-01-14,SX,Sint Maarten (Dutch part),AMRO,0.0,11051,0.0,92
2024-01-21,SX,Sint Maarten (Dutch part),AMRO,0.0,11051,0.0,92
2024-01-28,SX,Sint Maarten (Dutch part),AMRO,0.0,11051,0.0,92
2024-02-04,SX,Sint Maarten (Dutch part),AMRO,0.0,11051,0.0,92
2024-02-11,SX,Sint Maarten (Dutch part),AMRO,0.0,11051,0.0,92
2024-02-18,SX,Sint Maarten (Dutch part),AMRO,0.0,11051,0.0,92
2024-02-25,SX,Sint Maarten (Dutch part),AMRO,0.0,11051,0.0,92
2024-03-03,SX,Sint Maarten (Dutch part),AMRO,0.0,11051,0.0,92
2024-03-10,SX,Sint Maarten (Dutch part),AMRO,0.0,11051,0.0,92
2024-03-17,SX,Sint Maarten (Dutch part),AMRO,0.0,11051,0.0,92
2024-03-24,SX,Sint Maarten (Dutch part),AMRO,0.0,11051,0.0,92
2024-03-31,SX,Sint Maarten (Dutch part),AMRO,0.0,11051,0.0,92
2024-04-07,SX,Sint Maarten (Dutch part),AMRO,0.0,11051,0.0,92
2024-04-14,SX,Sint Maarten (Dutch part),AMRO,0.0,11051,0.0,92
2024-04-21,SX,Sint Maarten (Dutch part),AMRO,0.0,11051,0.0,92
2024-04-28,SX,Sint Maarten (Dutch part),AMRO,0.0,11051,0.0,92
