Date_reported,Country_code,Country,WHO_region,New_cases,Cumulative_cases,New_deaths,Cumulative_deaths
2020-01-05,TJ,Tajikistan,EURO,0.0,0,0.0,0
2020-01-12,TJ,Tajikistan,EURO,0.0,0,0.0,0
2020-01-19,TJ,Tajikistan,EURO,0.0,0,0.0,0
2020-01-26,TJ,Tajikistan,EURO,0.0,0,0.0,0
2020-02-02,TJ,Tajikistan,EURO,0.0,0,0.0,0
2020-02-09,TJ,Tajikistan,EURO,0.0,0,0.0,0
2020-02-16,TJ,Tajikistan,EURO,0.0,0,0.0,0
2020-02-23,TJ,Tajikistan,EURO,0.0,0,0.0,0
2020-03-01,TJ,Tajikistan,EURO,0.0,0,0.0,0
2020-03-08,TJ,Tajikistan,EURO,0.0,0,0.0,0
2020-03-15,TJ,Tajikistan,EURO,0.0,0,0.0,0
2020-03-22,TJ,Tajikistan,EURO,0.0,0,0.0,0
2020-03-29,TJ,Tajikistan,EURO,0.0,0,0.0,0
2020-04-05,TJ,Tajikistan,EURO,0.0,0,0.0,0
2020-04-12,TJ,Tajikistan,EURO,0.0,0,0.0,0
2020-04-19,TJ,Tajikistan,EURO,0.0,0,0.0,0
2020-04-26,TJ,Tajikistan,EURO,0.0,0,0.0,0
2020-05-03,TJ,Tajikistan,EURO,76.0,76,2.0,2
2020-05-10,TJ,Tajikistan,EURO,485.0,561,17.0,19
2020-05-17,TJ,Tajikistan,EURO,761.0,1322,20.0,39
2020-05-24,TJ,Tajikistan,EURO,1416.0,2738,5.0,44
2020-05-31,TJ,Tajikistan,EURO,1069.0,3807,3.0,47
2020-06-07,TJ,Tajikistan,EURO,646.0,4453,1.0,48
2020-06-14,TJ,Tajikistan,EURO,518.0,4971,2.0,50
2020-06-21,TJ,Tajikistan,EURO,428.0,5399,2.0,52
2020-06-28,TJ,Tajikistan,EURO,400.0,5799,0.0,52
2020-07-05,TJ,Tajikistan,EURO,360.0,6159,0.0,52
2020-07-12,TJ,Tajikistan,EURO,346.0,6505,3.0,55
2020-07-19,TJ,Tajikistan,EURO,329.0,6834,2.0,57
2020-07-26,TJ,Tajikistan,EURO,316.0,7150,2.0,59
2020-08-02,TJ,Tajikistan,EURO,301.0,7451,1.0,60
2020-08-09,TJ,Tajikistan,EURO,294.0,7745,2.0,62
2020-08-16,TJ,Tajikistan,EURO,284.0,8029,2.0,64
2020-08-23,TJ,Tajikistan,EURO,248.0,8277,2.0,66
2020-08-30,TJ,Tajikistan,EURO,239.0,8516,2.0,68
2020-09-06,TJ,Tajikistan,EURO,241.0,8757,2.0,70
2020-09-13,TJ,Tajikistan,EURO,257.0,9014,2.0,72
2020-09-20,TJ,Tajikistan,EURO,289.0,9303,1.0,73
2020-09-27,TJ,Tajikistan,EURO,302.0,9605,2.0,75
2020-10-04,TJ,Tajikistan,EURO,290.0,9895,2.0,77
2020-10-11,TJ,Tajikistan,EURO,285.0,10180,2.0,79
2020-10-18,TJ,Tajikistan,EURO,275.0,10455,1.0,80
2020-10-25,TJ,Tajikistan,EURO,281.0,10736,1.0,81
2020-11-01,TJ,Tajikistan,EURO,281.0,11017,1.0,82
2020-11-08,TJ,Tajikistan,EURO,277.0,11294,1.0,83
2020-11-15,TJ,Tajikistan,EURO,279.0,11573,2.0,85
2020-11-22,TJ,Tajikistan,EURO,281.0,11854,1.0,86
2020-11-29,TJ,Tajikistan,EURO,264.0,12118,0.0,86
2020-12-06,TJ,Tajikistan,EURO,271.0,12389,1.0,87
2020-12-13,TJ,Tajikistan,EURO,468.0,12857,0.0,87
2020-12-20,TJ,Tajikistan,EURO,382.0,13239,2.0,89
2020-12-27,TJ,Tajikistan,EURO,316.0,13555,1.0,90
2021-01-03,TJ,Tajikistan,EURO,119.0,13674,1.0,91
2021-01-10,TJ,Tajikistan,EURO,33.0,13707,0.0,91
2021-01-17,TJ,Tajikistan,EURO,7.0,13714,0.0,91
2021-01-24,TJ,Tajikistan,EURO,0.0,13714,0.0,91
2021-01-31,TJ,Tajikistan,EURO,0.0,13714,0.0,91
2021-02-07,TJ,Tajikistan,EURO,0.0,13714,0.0,91
2021-02-14,TJ,Tajikistan,EURO,0.0,13714,0.0,91
2021-02-21,TJ,Tajikistan,EURO,0.0,13714,0.0,91
2021-02-28,TJ,Tajikistan,EURO,0.0,13714,0.0,91
2021-03-07,TJ,Tajikistan,EURO,0.0,13714,0.0,91
2021-03-14,TJ,Tajikistan,EURO,0.0,13714,0.0,91
2021-03-21,TJ,Tajikistan,EURO,0.0,13714,0.0,91
2021-03-28,TJ,Tajikistan,EURO,0.0,13714,0.0,91
2021-04-04,TJ,Tajikistan,EURO,0.0,13714,0.0,91
2021-04-11,TJ,Tajikistan,EURO,0.0,13714,0.0,91
2021-04-18,TJ,Tajikistan,EURO,0.0,13714,0.0,91
2021-04-25,TJ,Tajikistan,EURO,0.0,13714,0.0,91
2021-05-02,TJ,Tajikistan,EURO,0.0,13714,0.0,91
2021-05-09,TJ,Tajikistan,EURO,0.0,13714,0.0,91
2021-05-16,TJ,Tajikistan,EURO,0.0,13714,0.0,91
2021-05-23,TJ,Tajikistan,EURO,0.0,13714,0.0,91
2021-05-30,TJ,Tajikistan,EURO,0.0,13714,0.0,91
2021-06-06,TJ,Tajikistan,EURO,0.0,13714,0.0,91
2021-06-13,TJ,Tajikistan,EURO,0.0,13714,0.0,91
2021-06-20,TJ,Tajikistan,EURO,0.0,13714,0.0,91
2021-06-27,TJ,Tajikistan,EURO,131.0,13845,0.0,91
2021-07-04,TJ,Tajikistan,EURO,158.0,14003,3.0,94
2021-07-11,TJ,Tajikistan,EURO,237.0,14240,10.0,104
2021-07-18,TJ,Tajikistan,EURO,287.0,14527,8.0,112
2021-07-25,TJ,Tajikistan,EURO,477.0,15004,6.0,118
2021-08-01,TJ,Tajikistan,EURO,546.0,15550,4.0,122
2021-08-08,TJ,Tajikistan,EURO,501.0,16051,1.0,123
2021-08-15,TJ,Tajikistan,EURO,470.0,16521,2.0,125
2021-08-22,TJ,Tajikistan,EURO,347.0,16868,0.0,125
2021-08-29,TJ,Tajikistan,EURO,310.0,17178,0.0,125
2021-09-05,TJ,Tajikistan,EURO,135.0,17313,0.0,125
2021-09-12,TJ,Tajikistan,EURO,129.0,17442,0.0,125
2021-09-19,TJ,Tajikistan,EURO,42.0,17484,0.0,125
2021-09-26,TJ,Tajikistan,EURO,0.0,17484,0.0,125
2021-10-03,TJ,Tajikistan,EURO,0.0,17484,0.0,125
2021-10-10,TJ,Tajikistan,EURO,0.0,17484,0.0,125
2021-10-17,TJ,Tajikistan,EURO,0.0,17484,0.0,125
2021-10-24,TJ,Tajikistan,EURO,2.0,17486,0.0,125
2021-10-31,TJ,Tajikistan,EURO,0.0,17486,0.0,125
2021-11-07,TJ,Tajikistan,EURO,0.0,17486,0.0,125
2021-11-14,TJ,Tajikistan,EURO,2.0,17488,0.0,125
2021-11-21,TJ,Tajikistan,EURO,1.0,17489,0.0,125
2021-11-28,TJ,Tajikistan,EURO,4.0,17493,0.0,125
2021-12-05,TJ,Tajikistan,EURO,0.0,17493,0.0,125
2021-12-12,TJ,Tajikistan,EURO,0.0,17493,0.0,125
2021-12-19,TJ,Tajikistan,EURO,0.0,17493,0.0,125
2021-12-26,TJ,Tajikistan,EURO,0.0,17493,0.0,125
2022-01-02,TJ,Tajikistan,EURO,0.0,17493,0.0,125
2022-01-09,TJ,Tajikistan,EURO,0.0,17493,0.0,125
2022-01-16,TJ,Tajikistan,EURO,0.0,17493,0.0,125
2022-01-23,TJ,Tajikistan,EURO,59.0,17552,0.0,125
2022-01-30,TJ,Tajikistan,EURO,143.0,17695,0.0,125
2022-02-06,TJ,Tajikistan,EURO,47.0,17742,0.0,125
2022-02-13,TJ,Tajikistan,EURO,31.0,17773,0.0,125
2022-02-20,TJ,Tajikistan,EURO,13.0,17786,0.0,125
2022-02-27,TJ,Tajikistan,EURO,0.0,17786,0.0,125
2022-03-06,TJ,Tajikistan,EURO,0.0,17786,0.0,125
2022-03-13,TJ,Tajikistan,EURO,0.0,17786,0.0,125
2022-03-20,TJ,Tajikistan,EURO,0.0,17786,0.0,125
2022-03-27,TJ,Tajikistan,EURO,0.0,17786,0.0,125
2022-04-03,TJ,Tajikistan,EURO,0.0,17786,0.0,125
2022-04-10,TJ,Tajikistan,EURO,0.0,17786,0.0,125
2022-04-17,TJ,Tajikistan,EURO,0.0,17786,0.0,125
2022-04-24,TJ,Tajikistan,EURO,0.0,17786,0.0,125
2022-05-01,TJ,Tajikistan,EURO,0.0,17786,0.0,125
2022-05-08,TJ,Tajikistan,EURO,0.0,17786,0.0,125
2022-05-15,TJ,Tajikistan,EURO,0.0,17786,0.0,125
2022-05-22,TJ,Tajikistan,EURO,0.0,17786,0.0,125
2022-05-29,TJ,Tajikistan,EURO,0.0,17786,0.0,125
2022-06-05,TJ,Tajikistan,EURO,0.0,17786,0.0,125
2022-06-12,TJ,Tajikistan,EURO,0.0,17786,0.0,125
2022-06-19,TJ,Tajikistan,EURO,0.0,17786,0.0,125
2022-06-26,TJ,Tajikistan,EURO,0.0,17786,0.0,125
2022-07-03,TJ,Tajikistan,EURO,0.0,17786,0.0,125
2022-07-10,TJ,Tajikistan,EURO,0.0,17786,0.0,125
2022-07-17,TJ,Tajikistan,EURO,0.0,17786,0.0,125
2022-07-24,TJ,Tajikistan,EURO,0.0,17786,0.0,125
2022-07-31,TJ,Tajikistan,EURO,0.0,17786,0.0,125
2022-08-07,TJ,Tajikistan,EURO,0.0,17786,0.0,125
2022-08-14,TJ,Tajikistan,EURO,0.0,17786,0.0,125
2022-08-21,TJ,Tajikistan,EURO,0.0,17786,0.0,125
2022-08-28,TJ,Tajikistan,EURO,0.0,17786,0.0,125
2022-09-04,TJ,Tajikistan,EURO,0.0,17786,0.0,125
2022-09-11,TJ,Tajikistan,EURO,0.0,17786,0.0,125
2022-09-18,TJ,Tajikistan,EURO,0.0,17786,0.0,125
2022-09-25,TJ,Tajikistan,EURO,0.0,17786,0.0,125
2022-10-02,TJ,Tajikistan,EURO,0.0,17786,0.0,125
2022-10-09,TJ,Tajikistan,EURO,0.0,17786,0.0,125
2022-10-16,TJ,Tajikistan,EURO,0.0,17786,0.0,125
2022-10-23,TJ,Tajikistan,EURO,0.0,17786,0.0,125
2022-10-30,TJ,Tajikistan,EURO,0.0,17786,0.0,125
2022-11-06,TJ,Tajikistan,EURO,0.0,17786,0.0,125
2022-11-13,TJ,Tajikistan,EURO,0.0,17786,0.0,125
2022-11-20,TJ,Tajikistan,EURO,0.0,17786,0.0,125
2022-11-27,TJ,Tajikistan,EURO,0.0,17786,0.0,125
2022-12-04,TJ,Tajikistan,EURO,0.0,17786,0.0,125
2022-12-11,TJ,Tajikistan,EURO,0.0,17786,0.0,125
2022-12-18,TJ,Tajikistan,EURO,0.0,17786,0.0,125
2022-12-25,TJ,Tajikistan,EURO,0.0,17786,0.0,125
2023-01-01,TJ,Tajikistan,EURO,0.0,17786,0.0,125
2023-01-08,TJ,Tajikistan,EURO,0.0,17786,0.0,125
2023-01-15,TJ,Tajikistan,EURO,0.0,17786,0.0,125
2023-01-22,TJ,Tajikistan,EURO,0.0,17786,0.0,125
2023-01-29,TJ,Tajikistan,EURO,0.0,17786,0.0,125
2023-02-05,TJ,Tajikistan,EURO,0.0,17786,0.0,125
2023-02-12,TJ,Tajikistan,EURO,0.0,17786,0.0,125
2023-02-19,TJ,Tajikistan,EURO,0.0,17786,0.0,125
2023-02-26,TJ,Tajikistan,EURO,0.0,17786,0.0,125
2023-03-05,TJ,Tajikistan,EURO,0.0,17786,0.0,125
2023-03-12,TJ,Tajikistan,EURO,0.0,17786,0.0,125
2023-03-19,TJ,Tajikistan,EURO,0.0,17786,0.0,125
2023-03-26,TJ,Tajikistan,EURO,0.0,17786,0.0,125
2023-04-02,TJ,Tajikistan,EURO,0.0,17786,0.0,125
2023-04-09,TJ,Tajikistan,EURO,0.0,17786,0.0,125
2023-04-16,TJ,Tajikistan,EURO,0.0,17786,0.0,125
2023-04-23,TJ,Tajikistan,EURO,0.0,17786,0.0,125
2023-04-30,TJ,Tajikistan,EURO,0.0,17786,0.0,125
2023-05-07,TJ,Tajikistan,EURO,0.0,17786,0.0,125
2023-05-14,TJ,Tajikistan,EURO,0.0,17786,0.0,125
2023-05-21,TJ,Tajikistan,EURO,0.0,17786,0.0,125
2023-05-28,TJ,Tajikistan,EURO,0.0,17786,0.0,125
2023-06-04,TJ,Tajikistan,EURO,0.0,17786,0.0,125
2023-06-11,TJ,Tajikistan,EURO,0.0,17786,0.0,125
2023-06-18,TJ,Tajikistan,EURO,0.0,17786,0.0,125
2023-06-25,TJ,Tajikistan,EURO,0.0,17786,0.0,125
2023-07-02,TJ,Tajikistan,EURO,0.0,17786,0.0,125
2023-07-09,TJ,Tajikistan,EURO,0.0,17786,0.0,125
2023-07-16,TJ,Tajikistan,EURO,0.0,17786,0.0,125
2023-07-23,TJ,Tajikistan,EURO,0.0,17786,0.0,125
2023-07-30,TJ,Tajikistan,EURO,0.0,17786,0.0,125
2023-08-06,TJ,Tajikistan,EURO,0.0,17786,0.0,125
2023-08-13,TJ,Tajikistan,EURO,0.0,17786,0.0,125
2023-08-20,TJ,Tajikistan,EURO,0.0,17786,0.0,125
2023-08-27,TJ,Tajikistan,EURO,0.0,17786,0.0,125
2023-09-03,TJ,Tajikistan,EURO,0.0,17786,0.0,125
2023-09-10,TJ,Tajikistan,EURO,0.0,17786,0.0,125
2023-09-17,TJ,Tajikistan,EURO,0.0,17786,0.0,125
2023-09-24,TJ,Tajikistan,EURO,0.0,17786,0.0,125
2023-10-01,TJ,Tajikistan,EURO,0.0,17786,0.0,125
2023-10-08,TJ,Tajikistan,EURO,0.0,17786,0.0,125
2023-10-15,TJ,Tajikistan,EURO,0.0,17786,0.0,125
2023-10-22,TJ,Tajikistan,EURO,0.0,17786,0.0,125
2023-10-29,TJ,Tajikistan,EURO,0.0,17786,0.0,125
2023-11-05,TJ,Tajikistan,EURO,0.0,17786,0.0,125
2023-11-12,TJ,Tajikistan,EURO,0.0,17786,0.0,125
2023-11-19,TJ,Tajikistan,EURO,0.0,17786,0.0,125
2023-11-26,TJ,Tajikistan,EURO,0.0,17786,0.0,125
2023-12-03,TJ,Tajikistan,EURO,0.0,17786,0.0,125
2023-12-10,TJ,Tajikistan,EURO,0.0,17786,0.0,125
2023-12-17,TJ,Tajikistan,EURO,0.0,17786,0.0,125
2023-12-24,TJ,Tajikistan,EURO,0.0,17786,0.0,125
2023-12-31,TJ,Tajikistan,EURO,0.0,17786,0.0,125
2024-01-07,TJ,Tajikistan,EURO,0.0,17786,0.0,125
2024-01-14,TJ,Tajikistan,EURO,0.0,17786,0.0,125
2024-01-21,TJ,Tajikistan,EURO,0.0,17786,0.0,125
2024-01-28,TJ,Tajikistan,EURO,0.0,17786,0.0,125
2024-02-04,TJ,Tajikistan,EURO,0.0,17786,0.0,125
2024-02-11,TJ,Tajikistan,EURO,0.0,17786,0.0,125
2024-02-18,TJ,Tajikistan,EURO,0.0,17786,0.0,125
2024-02-25,TJ,Tajikistan,EURO,0.0,17786,0.0,125
2024-03-03,TJ,Tajikistan,EURO,0.0,17786,0.0,125
2024-03-10,TJ,Tajikistan,EURO,0.0,17786,0.0,125
2024-03-17,TJ,Tajikistan,EURO,0.0,17786,0.0,125
2024-03-24,TJ,Tajikistan,EURO,0.0,17786,0.0,125
2024-03-31,TJ,Tajikistan,EURO,0.0,17786,0.0,125
2024-04-07,TJ,Tajikistan,EURO,0.0,17786,0.0,125
2024-04-14,TJ,Tajikistan,EURO,0.0,17786,0.0,125
2024-04-21,TJ,Tajikistan,EURO,0.0,17786,0.0,125
2024-04-28,TJ,Tajikistan,EURO,0.0,17786,0.0,125
