Date_reported,Country_code,Country,WHO_region,New_cases,Cumulative_cases,New_deaths,Cumulative_deaths
2020-01-05,TN,Tunisia,EMRO,0.0,0,0.0,0
2020-01-12,TN,Tunisia,EMRO,0.0,0,0.0,0
2020-01-19,TN,Tunisia,EMRO,0.0,0,0.0,0
2020-01-26,TN,Tunisia,EMRO,0.0,0,0.0,0
2020-02-02,TN,Tunisia,EMRO,0.0,0,0.0,0
2020-02-09,TN,Tunisia,EMRO,0.0,0,0.0,0
2020-02-16,TN,Tunisia,EMRO,0.0,0,0.0,0
2020-02-23,TN,Tunisia,EMRO,0.0,0,0.0,0
2020-03-01,TN,Tunisia,EMRO,0.0,0,0.0,0
2020-03-08,TN,Tunisia,EMRO,1.0,1,0.0,0
2020-03-15,TN,Tunisia,EMRO,17.0,18,0.0,0
2020-03-22,TN,Tunisia,EMRO,42.0,60,1.0,1
2020-03-29,TN,Tunisia,EMRO,218.0,278,7.0,8
2020-04-05,TN,Tunisia,EMRO,275.0,553,11.0,19
2020-04-12,TN,Tunisia,EMRO,132.0,685,9.0,28
2020-04-19,TN,Tunisia,EMRO,181.0,866,9.0,37
2020-04-26,TN,Tunisia,EMRO,73.0,939,1.0,38
2020-05-03,TN,Tunisia,EMRO,70.0,1009,4.0,42
2020-05-10,TN,Tunisia,EMRO,21.0,1030,3.0,45
2020-05-17,TN,Tunisia,EMRO,5.0,1035,0.0,45
2020-05-24,TN,Tunisia,EMRO,13.0,1048,2.0,47
2020-05-31,TN,Tunisia,EMRO,28.0,1076,1.0,48
2020-06-07,TN,Tunisia,EMRO,11.0,1087,1.0,49
2020-06-14,TN,Tunisia,EMRO,7.0,1094,0.0,49
2020-06-21,TN,Tunisia,EMRO,62.0,1156,1.0,50
2020-06-28,TN,Tunisia,EMRO,12.0,1168,0.0,50
2020-07-05,TN,Tunisia,EMRO,18.0,1186,0.0,50
2020-07-12,TN,Tunisia,EMRO,59.0,1245,0.0,50
2020-07-19,TN,Tunisia,EMRO,103.0,1348,0.0,50
2020-07-26,TN,Tunisia,EMRO,95.0,1443,0.0,50
2020-08-02,TN,Tunisia,EMRO,109.0,1552,1.0,51
2020-08-09,TN,Tunisia,EMRO,126.0,1678,0.0,51
2020-08-16,TN,Tunisia,EMRO,345.0,2023,3.0,54
2020-08-23,TN,Tunisia,EMRO,715.0,2738,14.0,68
2020-08-30,TN,Tunisia,EMRO,834.0,3572,8.0,76
2020-09-06,TN,Tunisia,EMRO,1204.0,4776,17.0,93
2020-09-13,TN,Tunisia,EMRO,1859.0,6635,14.0,107
2020-09-20,TN,Tunisia,EMRO,3101.0,9736,48.0,155
2020-09-27,TN,Tunisia,EMRO,5442.0,15178,52.0,207
2020-10-04,TN,Tunisia,EMRO,5766.0,20944,69.0,276
2020-10-11,TN,Tunisia,EMRO,10315.0,31259,180.0,456
2020-10-18,TN,Tunisia,EMRO,9283.0,40542,170.0,626
2020-10-25,TN,Tunisia,EMRO,9863.0,50405,251.0,877
2020-11-01,TN,Tunisia,EMRO,9408.0,59813,440.0,1317
2020-11-08,TN,Tunisia,EMRO,9730.0,69543,531.0,1848
2020-11-15,TN,Tunisia,EMRO,9796.0,79339,475.0,2323
2020-11-22,TN,Tunisia,EMRO,8132.0,87471,429.0,2752
2020-11-29,TN,Tunisia,EMRO,7509.0,94980,401.0,3153
2020-12-06,TN,Tunisia,EMRO,8011.0,102991,373.0,3526
2020-12-13,TN,Tunisia,EMRO,7402.0,110393,310.0,3836
2020-12-20,TN,Tunisia,EMRO,8758.0,119151,290.0,4126
2020-12-27,TN,Tunisia,EMRO,11079.0,130230,300.0,4426
2021-01-03,TN,Tunisia,EMRO,11749.0,141979,339.0,4765
2021-01-10,TN,Tunisia,EMRO,15535.0,157514,388.0,5153
2021-01-17,TN,Tunisia,EMRO,19717.0,177231,463.0,5616
2021-01-24,TN,Tunisia,EMRO,18083.0,195314,538.0,6154
2021-01-31,TN,Tunisia,EMRO,12154.0,207468,526.0,6680
2021-02-07,TN,Tunisia,EMRO,8708.0,216176,482.0,7162
2021-02-14,TN,Tunisia,EMRO,6328.0,222504,346.0,7508
2021-02-21,TN,Tunisia,EMRO,5139.0,227643,247.0,7755
2021-02-28,TN,Tunisia,EMRO,4972.0,232615,219.0,7974
2021-03-07,TN,Tunisia,EMRO,4413.0,237028,193.0,8167
2021-03-14,TN,Tunisia,EMRO,4229.0,241257,192.0,8359
2021-03-21,TN,Tunisia,EMRO,4148.0,245405,167.0,8526
2021-03-28,TN,Tunisia,EMRO,4298.0,249703,179.0,8705
2021-04-04,TN,Tunisia,EMRO,8632.0,258335,226.0,8931
2021-04-11,TN,Tunisia,EMRO,11962.0,270297,304.0,9235
2021-04-18,TN,Tunisia,EMRO,13679.0,283976,482.0,9717
2021-04-25,TN,Tunisia,EMRO,14596.0,298572,514.0,10231
2021-05-02,TN,Tunisia,EMRO,12162.0,310734,577.0,10808
2021-05-09,TN,Tunisia,EMRO,8778.0,319512,542.0,11350
2021-05-16,TN,Tunisia,EMRO,6320.0,325832,429.0,11779
2021-05-23,TN,Tunisia,EMRO,8267.0,334099,403.0,12182
2021-05-30,TN,Tunisia,EMRO,9275.0,343374,392.0,12574
2021-06-06,TN,Tunisia,EMRO,10408.0,353782,374.0,12948
2021-06-13,TN,Tunisia,EMRO,13265.0,367047,488.0,13436
2021-06-20,TN,Tunisia,EMRO,14128.0,381175,524.0,13960
2021-06-27,TN,Tunisia,EMRO,22318.0,403493,619.0,14579
2021-07-04,TN,Tunisia,EMRO,35452.0,438945,682.0,15261
2021-07-11,TN,Tunisia,EMRO,52076.0,491021,983.0,16244
2021-07-18,TN,Tunisia,EMRO,49777.0,540798,1162.0,17406
2021-07-25,TN,Tunisia,EMRO,28491.0,569289,1194.0,18600
2021-08-01,TN,Tunisia,EMRO,23592.0,592881,1258.0,19858
2021-08-08,TN,Tunisia,EMRO,17779.0,610660,1073.0,20931
2021-08-15,TN,Tunisia,EMRO,13280.0,623940,896.0,21827
2021-08-22,TN,Tunisia,EMRO,16957.0,640897,710.0,22537
2021-08-29,TN,Tunisia,EMRO,19690.0,660587,832.0,23369
2021-09-05,TN,Tunisia,EMRO,13460.0,674047,448.0,23817
2021-09-12,TN,Tunisia,EMRO,10972.0,685019,388.0,24205
2021-09-19,TN,Tunisia,EMRO,14909.0,699928,285.0,24490
2021-09-26,TN,Tunisia,EMRO,4986.0,704914,242.0,24732
2021-10-03,TN,Tunisia,EMRO,3069.0,707983,189.0,24921
2021-10-10,TN,Tunisia,EMRO,1654.0,709637,96.0,25017
2021-10-17,TN,Tunisia,EMRO,1136.0,710773,68.0,25085
2021-10-24,TN,Tunisia,EMRO,920.0,711693,64.0,25149
2021-10-31,TN,Tunisia,EMRO,888.0,712581,89.0,25238
2021-11-07,TN,Tunisia,EMRO,673.0,713254,34.0,25272
2021-11-14,TN,Tunisia,EMRO,2383.0,715637,36.0,25308
2021-11-21,TN,Tunisia,EMRO,546.0,716183,32.0,25340
2021-11-28,TN,Tunisia,EMRO,980.0,717163,23.0,25363
2021-12-05,TN,Tunisia,EMRO,1115.0,718278,35.0,25398
2021-12-12,TN,Tunisia,EMRO,1156.0,719434,29.0,25427
2021-12-19,TN,Tunisia,EMRO,1419.0,720853,33.0,25460
2021-12-26,TN,Tunisia,EMRO,1942.0,722795,63.0,25523
2022-01-02,TN,Tunisia,EMRO,5048.0,727843,53.0,25576
2022-01-09,TN,Tunisia,EMRO,13416.0,741259,79.0,25655
2022-01-16,TN,Tunisia,EMRO,39487.0,780746,122.0,25777
2022-01-23,TN,Tunisia,EMRO,66015.0,846761,177.0,25954
2022-01-30,TN,Tunisia,EMRO,54346.0,901107,275.0,26229
2022-02-06,TN,Tunisia,EMRO,39116.0,940223,383.0,26612
2022-02-13,TN,Tunisia,EMRO,24734.0,964957,453.0,27065
2022-02-20,TN,Tunisia,EMRO,21379.0,986336,383.0,27448
2022-02-27,TN,Tunisia,EMRO,10752.0,997088,295.0,27743
2022-03-06,TN,Tunisia,EMRO,8079.0,1005167,179.0,27922
2022-03-13,TN,Tunisia,EMRO,24061.0,1029228,124.0,28046
2022-03-20,TN,Tunisia,EMRO,534.0,1029762,19.0,28065
2022-03-27,TN,Tunisia,EMRO,3969.0,1033731,100.0,28165
2022-04-03,TN,Tunisia,EMRO,2153.0,1035884,158.0,28323
2022-04-10,TN,Tunisia,EMRO,1474.0,1037358,102.0,28425
2022-04-17,TN,Tunisia,EMRO,1310.0,1038668,84.0,28509
2022-04-24,TN,Tunisia,EMRO,864.0,1039532,24.0,28533
2022-05-01,TN,Tunisia,EMRO,661.0,1040193,17.0,28550
2022-05-08,TN,Tunisia,EMRO,519.0,1040712,16.0,28566
2022-05-15,TN,Tunisia,EMRO,1077.0,1041789,62.0,28628
2022-05-22,TN,Tunisia,EMRO,0.0,1041789,0.0,28628
2022-05-29,TN,Tunisia,EMRO,573.0,1042362,4.0,28632
2022-06-05,TN,Tunisia,EMRO,510.0,1042872,9.0,28641
2022-06-12,TN,Tunisia,EMRO,668.0,1043540,7.0,28648
2022-06-19,TN,Tunisia,EMRO,3163.0,1046703,22.0,28670
2022-06-26,TN,Tunisia,EMRO,0.0,1046703,0.0,28670
2022-07-03,TN,Tunisia,EMRO,5477.0,1052180,21.0,28691
2022-07-10,TN,Tunisia,EMRO,13947.0,1066127,57.0,28748
2022-07-17,TN,Tunisia,EMRO,20903.0,1087030,75.0,28823
2022-07-24,TN,Tunisia,EMRO,27340.0,1114370,119.0,28942
2022-07-31,TN,Tunisia,EMRO,14323.0,1128693,99.0,29041
2022-08-07,TN,Tunisia,EMRO,5967.0,1134660,64.0,29105
2022-08-14,TN,Tunisia,EMRO,4581.0,1139241,48.0,29153
2022-08-21,TN,Tunisia,EMRO,2532.0,1141773,56.0,29209
2022-08-28,TN,Tunisia,EMRO,1394.0,1143167,24.0,29233
2022-09-04,TN,Tunisia,EMRO,695.0,1143862,1.0,29234
2022-09-11,TN,Tunisia,EMRO,962.0,1144824,4.0,29238
2022-09-18,TN,Tunisia,EMRO,339.0,1145163,5.0,29243
2022-09-25,TN,Tunisia,EMRO,182.0,1145345,3.0,29246
2022-10-02,TN,Tunisia,EMRO,341.0,1145686,3.0,29249
2022-10-09,TN,Tunisia,EMRO,143.0,1145829,5.0,29254
2022-10-16,TN,Tunisia,EMRO,101.0,1145930,0.0,29254
2022-10-23,TN,Tunisia,EMRO,114.0,1146044,3.0,29257
2022-10-30,TN,Tunisia,EMRO,108.0,1146152,0.0,29257
2022-11-06,TN,Tunisia,EMRO,441.0,1146593,2.0,29259
2022-11-13,TN,Tunisia,EMRO,109.0,1146702,4.0,29263
2022-11-20,TN,Tunisia,EMRO,97.0,1146799,3.0,29266
2022-11-27,TN,Tunisia,EMRO,192.0,1146991,2.0,29268
2022-12-04,TN,Tunisia,EMRO,81.0,1147072,0.0,29268
2022-12-11,TN,Tunisia,EMRO,73.0,1147145,1.0,29269
2022-12-18,TN,Tunisia,EMRO,137.0,1147282,3.0,29272
2022-12-25,TN,Tunisia,EMRO,195.0,1147477,7.0,29279
2023-01-01,TN,Tunisia,EMRO,94.0,1147571,5.0,29284
2023-01-08,TN,Tunisia,EMRO,74.0,1147645,1.0,29285
2023-01-15,TN,Tunisia,EMRO,2469.0,1150114,3.0,29288
2023-01-22,TN,Tunisia,EMRO,103.0,1150217,3.0,29291
2023-01-29,TN,Tunisia,EMRO,61.0,1150278,11.0,29302
2023-02-05,TN,Tunisia,EMRO,78.0,1150356,6.0,29308
2023-02-12,TN,Tunisia,EMRO,121.0,1150477,4.0,29312
2023-02-19,TN,Tunisia,EMRO,129.0,1150606,14.0,29326
2023-02-26,TN,Tunisia,EMRO,187.0,1150793,4.0,29330
2023-03-05,TN,Tunisia,EMRO,169.0,1150962,1.0,29331
2023-03-12,TN,Tunisia,EMRO,164.0,1151126,10.0,29341
2023-03-19,TN,Tunisia,EMRO,207.0,1151333,4.0,29345
2023-03-26,TN,Tunisia,EMRO,260.0,1151593,10.0,29355
2023-04-02,TN,Tunisia,EMRO,239.0,1151832,7.0,29362
2023-04-09,TN,Tunisia,EMRO,201.0,1152033,1.0,29363
2023-04-16,TN,Tunisia,EMRO,229.0,1152262,4.0,29367
2023-04-23,TN,Tunisia,EMRO,221.0,1152483,11.0,29378
2023-04-30,TN,Tunisia,EMRO,129.0,1152612,9.0,29387
2023-05-07,TN,Tunisia,EMRO,265.0,1152877,11.0,29398
2023-05-14,TN,Tunisia,EMRO,186.0,1153063,9.0,29407
2023-05-21,TN,Tunisia,EMRO,98.0,1153161,5.0,29412
2023-05-28,TN,Tunisia,EMRO,100.0,1153261,3.0,29415
2023-06-04,TN,Tunisia,EMRO,62.0,1153323,5.0,29420
2023-06-11,TN,Tunisia,EMRO,38.0,1153361,3.0,29423
2023-06-18,TN,Tunisia,EMRO,0.0,1153361,0.0,29423
2023-06-25,TN,Tunisia,EMRO,0.0,1153361,0.0,29423
2023-07-02,TN,Tunisia,EMRO,0.0,1153361,0.0,29423
2023-07-09,TN,Tunisia,EMRO,0.0,1153361,0.0,29423
2023-07-16,TN,Tunisia,EMRO,0.0,1153361,0.0,29423
2023-07-23,TN,Tunisia,EMRO,0.0,1153361,0.0,29423
2023-07-30,TN,Tunisia,EMRO,0.0,1153361,0.0,29423
2023-08-06,TN,Tunisia,EMRO,0.0,1153361,0.0,29423
2023-08-13,TN,Tunisia,EMRO,0.0,1153361,0.0,29423
2023-08-20,TN,Tunisia,EMRO,0.0,1153361,0.0,29423
2023-08-27,TN,Tunisia,EMRO,0.0,1153361,0.0,29423
2023-09-03,TN,Tunisia,EMRO,0.0,1153361,0.0,29423
2023-09-10,TN,Tunisia,EMRO,0.0,1153361,0.0,29423
2023-09-17,TN,Tunisia,EMRO,0.0,1153361,0.0,29423
2023-09-24,TN,Tunisia,EMRO,0.0,1153361,0.0,29423
2023-10-01,TN,Tunisia,EMRO,0.0,1153361,0.0,29423
2023-10-08,TN,Tunisia,EMRO,0.0,1153361,0.0,29423
2023-10-15,TN,Tunisia,EMRO,0.0,1153361,0.0,29423
2023-10-22,TN,Tunisia,EMRO,0.0,1153361,0.0,29423
2023-10-29,TN,Tunisia,EMRO,0.0,1153361,0.0,29423
2023-11-05,TN,Tunisia,EMRO,0.0,1153361,0.0,29423
2023-11-12,TN,Tunisia,EMRO,0.0,1153361,0.0,29423
2023-11-19,TN,Tunisia,EMRO,0.0,1153361,0.0,29423
2023-11-26,TN,Tunisia,EMRO,0.0,1153361,0.0,29423
2023-12-03,TN,Tunisia,EMRO,0.0,1153361,0.0,29423
2023-12-10,TN,Tunisia,EMRO,0.0,1153361,0.0,29423
2023-12-17,TN,Tunisia,EMRO,0.0,1153361,0.0,29423
2023-12-24,TN,Tunisia,EMRO,0.0,1153361,0.0,29423
2023-12-31,TN,Tunisia,EMRO,0.0,1153361,0.0,29423
2024-01-07,TN,Tunisia,EMRO,0.0,1153361,0.0,29423
2024-01-14,TN,Tunisia,EMRO,0.0,1153361,0.0,29423
2024-01-21,TN,Tunisia,EMRO,0.0,1153361,0.0,29423
2024-01-28,TN,Tunisia,EMRO,0.0,1153361,0.0,29423
2024-02-04,TN,Tunisia,EMRO,0.0,1153361,0.0,29423
2024-02-11,TN,Tunisia,EMRO,0.0,1153361,0.0,29423
2024-02-18,TN,Tunisia,EMRO,0.0,1153361,0.0,29423
2024-02-25,TN,Tunisia,EMRO,0.0,1153361,0.0,29423
2024-03-03,TN,Tunisia,EMRO,0.0,1153361,0.0,29423
2024-03-10,TN,Tunisia,EMRO,0.0,1153361,0.0,29423
2024-03-17,TN,Tunisia,EMRO,0.0,1153361,0.0,29423
2024-03-24,TN,Tunisia,EMRO,0.0,1153361,0.0,29423
2024-03-31,TN,Tunisia,EMRO,0.0,1153361,0.0,29423
2024-04-07,TN,Tunisia,EMRO,0.0,1153361,0.0,29423
2024-04-14,TN,Tunisia,EMRO,0.0,1153361,0.0,29423
2024-04-21,TN,Tunisia,EMRO,0.0,1153361,0.0,29423
2024-04-28,TN,Tunisia,EMRO,0.0,1153361,0.0,29423
