Date_reported,Country_code,Country,WHO_region,New_cases,Cumulative_cases,New_deaths,Cumulative_deaths
2020-01-05,TR,Türkiye,EURO,0.0,0,0.0,0
2020-01-12,TR,Türkiye,EURO,0.0,0,0.0,0
2020-01-19,TR,Türkiye,EURO,0.0,0,0.0,0
2020-01-26,TR,Türkiye,EURO,0.0,0,0.0,0
2020-02-02,TR,Türkiye,EURO,0.0,0,0.0,0
2020-02-09,TR,Türkiye,EURO,0.0,0,0.0,0
2020-02-16,TR,Türkiye,EURO,0.0,0,0.0,0
2020-02-23,TR,Türkiye,EURO,0.0,0,0.0,0
2020-03-01,TR,Türkiye,EURO,0.0,0,0.0,0
2020-03-08,TR,Türkiye,EURO,0.0,0,0.0,0
2020-03-15,TR,Türkiye,EURO,6.0,6,0.0,0
2020-03-22,TR,Türkiye,EURO,941.0,947,21.0,21
2020-03-29,TR,Türkiye,EURO,6455.0,7402,87.0,108
2020-04-05,TR,Türkiye,EURO,16532.0,23934,393.0,501
2020-04-12,TR,Türkiye,EURO,28233.0,52167,600.0,1101
2020-04-19,TR,Türkiye,EURO,30162.0,82329,789.0,1890
2020-04-26,TR,Türkiye,EURO,25444.0,107773,816.0,2706
2020-05-03,TR,Türkiye,EURO,16602.0,124375,630.0,3336
2020-05-10,TR,Türkiye,EURO,12740.0,137115,403.0,3739
2020-05-17,TR,Türkiye,EURO,10952.0,148067,357.0,4096
2020-05-24,TR,Türkiye,EURO,7619.0,155686,212.0,4308
2020-05-31,TR,Türkiye,EURO,7417.0,163103,207.0,4515
2020-06-07,TR,Türkiye,EURO,6115.0,169218,154.0,4669
2020-06-14,TR,Türkiye,EURO,7459.0,176677,123.0,4792
2020-06-21,TR,Türkiye,EURO,9816.0,186493,135.0,4927
2020-06-28,TR,Türkiye,EURO,9390.0,195883,155.0,5082
2020-07-05,TR,Türkiye,EURO,8727.0,204610,124.0,5206
2020-07-12,TR,Türkiye,EURO,7371.0,211981,138.0,5344
2020-07-19,TR,Türkiye,EURO,6736.0,218717,131.0,5475
2020-07-26,TR,Türkiye,EURO,6456.0,225173,121.0,5596
2020-08-02,TR,Türkiye,EURO,40346.0,265519,114.0,5710
2020-08-09,TR,Türkiye,EURO,54863.0,320382,119.0,5829
2020-08-16,TR,Türkiye,EURO,55605.0,375987,126.0,5955
2020-08-23,TR,Türkiye,EURO,56025.0,432012,147.0,6102
2020-08-30,TR,Türkiye,EURO,57142.0,489154,182.0,6284
2020-09-06,TR,Türkiye,EURO,58274.0,547428,336.0,6620
2020-09-13,TR,Türkiye,EURO,58517.0,605945,379.0,6999
2020-09-20,TR,Türkiye,EURO,58823.0,664768,446.0,7445
2020-09-27,TR,Türkiye,EURO,58728.0,723496,484.0,7929
2020-10-04,TR,Türkiye,EURO,57158.0,780654,455.0,8384
2020-10-11,TR,Türkiye,EURO,58127.0,838781,394.0,8778
2020-10-18,TR,Türkiye,EURO,58757.0,897538,446.0,9224
2020-10-25,TR,Türkiye,EURO,61216.0,958754,503.0,9727
2020-11-01,TR,Türkiye,EURO,62693.0,1021447,525.0,10252
2020-11-08,TR,Türkiye,EURO,63482.0,1084929,551.0,10803
2020-11-15,TR,Türkiye,EURO,66426.0,1151355,615.0,11418
2020-11-22,TR,Türkiye,EURO,76864.0,1228219,801.0,12219
2020-11-29,TR,Türkiye,EURO,142929.0,1371148,1154.0,13373
2020-12-06,TR,Türkiye,EURO,219546.0,1590694,1332.0,14705
2020-12-13,TR,Türkiye,EURO,219115.0,1809809,1494.0,16199
2020-12-20,TR,Türkiye,EURO,194476.0,2004285,1652.0,17851
2020-12-27,TR,Türkiye,EURO,129088.0,2133373,1773.0,19624
2021-01-03,TR,Türkiye,EURO,98662.0,2232035,1671.0,21295
2021-01-10,TR,Türkiye,EURO,85083.0,2317118,1336.0,22631
2021-01-17,TR,Türkiye,EURO,63547.0,2380665,1201.0,23832
2021-01-24,TR,Türkiye,EURO,43663.0,2424328,1101.0,24933
2021-01-31,TR,Türkiye,EURO,46573.0,2470901,932.0,25865
2021-02-07,TR,Türkiye,EURO,53885.0,2524786,820.0,26685
2021-02-14,TR,Türkiye,EURO,55110.0,2579896,692.0,27377
2021-02-21,TR,Türkiye,EURO,51980.0,2631876,606.0,27983
2021-02-28,TR,Türkiye,EURO,61288.0,2693164,520.0,28503
2021-03-07,TR,Türkiye,EURO,76066.0,2769230,462.0,28965
2021-03-14,TR,Türkiye,EURO,96782.0,2866012,456.0,29421
2021-03-21,TR,Türkiye,EURO,126682.0,2992694,538.0,29959
2021-03-28,TR,Türkiye,EURO,186421.0,3179115,964.0,30923
2021-04-04,TR,Türkiye,EURO,265937.0,3445052,1155.0,32078
2021-04-11,TR,Türkiye,EURO,353281.0,3798333,1624.0,33702
2021-04-18,TR,Türkiye,EURO,414312.0,4212645,1906.0,35608
2021-04-25,TR,Türkiye,EURO,378771.0,4591416,2403.0,38011
2021-05-02,TR,Türkiye,EURO,257992.0,4849408,2493.0,40504
2021-05-09,TR,Türkiye,EURO,166733.0,5016141,2242.0,42746
2021-05-16,TR,Türkiye,EURO,90721.0,5106862,1791.0,44537
2021-05-23,TR,Türkiye,EURO,71786.0,5178648,1534.0,46071
2021-05-30,TR,Türkiye,EURO,57330.0,5235978,1200.0,47271
2021-06-06,TR,Türkiye,EURO,46616.0,5282594,797.0,48068
2021-06-13,TR,Türkiye,EURO,42841.0,5325435,600.0,48668
2021-06-20,TR,Türkiye,EURO,39773.0,5365208,454.0,49122
2021-06-27,TR,Türkiye,EURO,38936.0,5404144,402.0,49524
2021-07-04,TR,Türkiye,EURO,36224.0,5440368,350.0,49874
2021-07-11,TR,Türkiye,EURO,35926.0,5476294,326.0,50200
2021-07-18,TR,Türkiye,EURO,45745.0,5522039,295.0,50495
2021-07-25,TR,Türkiye,EURO,65339.0,5587378,371.0,50866
2021-08-01,TR,Türkiye,EURO,139667.0,5727045,432.0,51298
2021-08-08,TR,Türkiye,EURO,168796.0,5895841,723.0,52021
2021-08-15,TR,Türkiye,EURO,163965.0,6059806,884.0,52905
2021-08-22,TR,Türkiye,EURO,137235.0,6197041,1235.0,54140
2021-08-29,TR,Türkiye,EURO,132508.0,6329549,1618.0,55758
2021-09-05,TR,Türkiye,EURO,149114.0,6478663,1846.0,57604
2021-09-12,TR,Türkiye,EURO,158236.0,6636899,1825.0,59429
2021-09-19,TR,Türkiye,EURO,183962.0,6820861,1756.0,61185
2021-09-26,TR,Türkiye,EURO,192778.0,7013639,1605.0,62790
2021-10-03,TR,Türkiye,EURO,197277.0,7210916,1519.0,64309
2021-10-10,TR,Türkiye,EURO,205266.0,7416182,1514.0,65823
2021-10-17,TR,Türkiye,EURO,213981.0,7630163,1447.0,67270
2021-10-24,TR,Türkiye,EURO,196850.0,7827013,1475.0,68745
2021-10-31,TR,Türkiye,EURO,182027.0,8009040,1507.0,70252
2021-11-07,TR,Türkiye,EURO,197335.0,8206375,1517.0,71769
2021-11-14,TR,Türkiye,EURO,180167.0,8386542,1403.0,73172
2021-11-21,TR,Türkiye,EURO,163835.0,8550377,1519.0,74691
2021-11-28,TR,Türkiye,EURO,174023.0,8724400,1395.0,76086
2021-12-05,TR,Türkiye,EURO,157360.0,8881760,1376.0,77462
2021-12-12,TR,Türkiye,EURO,140463.0,9022223,1361.0,78823
2021-12-19,TR,Türkiye,EURO,131986.0,9154209,1275.0,80098
2021-12-26,TR,Türkiye,EURO,132777.0,9286986,1205.0,81303
2022-01-02,TR,Türkiye,EURO,232295.0,9519281,1103.0,82406
2022-01-09,TR,Türkiye,EURO,397444.0,9916725,1027.0,83433
2022-01-16,TR,Türkiye,EURO,486339.0,10403064,1057.0,84490
2022-01-23,TR,Türkiye,EURO,478562.0,10881626,1155.0,85645
2022-01-30,TR,Türkiye,EURO,556850.0,11438476,1271.0,86916
2022-02-06,TR,Türkiye,EURO,712091.0,12150567,1441.0,88357
2022-02-13,TR,Türkiye,EURO,683967.0,12834534,1682.0,90039
2022-02-20,TR,Türkiye,EURO,599596.0,13434130,1916.0,91955
2022-02-27,TR,Türkiye,EURO,541259.0,13975389,1895.0,93850
2022-03-06,TR,Türkiye,EURO,350828.0,14326217,1400.0,95250
2022-03-13,TR,Türkiye,EURO,208022.0,14534239,1012.0,96262
2022-03-20,TR,Türkiye,EURO,146597.0,14680836,860.0,97122
2022-03-27,TR,Türkiye,EURO,108647.0,14789483,589.0,97711
2022-04-03,TR,Türkiye,EURO,96227.0,14885710,412.0,98123
2022-04-10,TR,Türkiye,EURO,67655.0,14953365,264.0,98387
2022-04-17,TR,Türkiye,EURO,38304.0,14991669,190.0,98577
2022-04-24,TR,Türkiye,EURO,24601.0,15016270,128.0,98705
2022-05-01,TR,Türkiye,EURO,15823.0,15032093,97.0,98802
2022-05-08,TR,Türkiye,EURO,9806.0,15041899,66.0,98868
2022-05-15,TR,Türkiye,EURO,11269.0,15053168,53.0,98921
2022-05-22,TR,Türkiye,EURO,9225.0,15062393,35.0,98956
2022-05-29,TR,Türkiye,EURO,7607.0,15070000,30.0,98986
2022-06-05,TR,Türkiye,EURO,7320.0,15077320,18.0,99004
2022-06-12,TR,Türkiye,EURO,7555.0,15084875,23.0,99027
2022-06-19,TR,Türkiye,EURO,10956.0,15095831,15.0,99042
2022-06-26,TR,Türkiye,EURO,26635.0,15122466,13.0,99055
2022-07-03,TR,Türkiye,EURO,57114.0,15179580,29.0,99084
2022-07-10,TR,Türkiye,EURO,117096.0,15296676,31.0,99115
2022-07-17,TR,Türkiye,EURO,226532.0,15523208,94.0,99209
2022-07-24,TR,Türkiye,EURO,365422.0,15888630,158.0,99367
2022-07-31,TR,Türkiye,EURO,406321.0,16294951,336.0,99703
2022-08-07,TR,Türkiye,EURO,232254.0,16527205,381.0,100084
2022-08-14,TR,Türkiye,EURO,143777.0,16670982,341.0,100425
2022-08-21,TR,Türkiye,EURO,80022.0,16751004,228.0,100653
2022-08-28,TR,Türkiye,EURO,45882.0,16796886,206.0,100859
2022-09-04,TR,Türkiye,EURO,32191.0,16829077,141.0,101000
2022-09-11,TR,Türkiye,EURO,22441.0,16851518,89.0,101089
2022-09-18,TR,Türkiye,EURO,21411.0,16872929,73.0,101162
2022-09-25,TR,Türkiye,EURO,22729.0,16895658,38.0,101200
2022-10-02,TR,Türkiye,EURO,23116.0,16918774,24.0,101224
2022-10-09,TR,Türkiye,EURO,18723.0,16937497,38.0,101262
2022-10-16,TR,Türkiye,EURO,15482.0,16952979,25.0,101287
2022-10-23,TR,Türkiye,EURO,11808.0,16964787,42.0,101329
2022-10-30,TR,Türkiye,EURO,11083.0,16975870,25.0,101354
2022-11-06,TR,Türkiye,EURO,13508.0,16989378,30.0,101384
2022-11-13,TR,Türkiye,EURO,15299.0,17004677,35.0,101419
2022-11-20,TR,Türkiye,EURO,0.0,17004677,0.0,101419
2022-11-27,TR,Türkiye,EURO,0.0,17004677,0.0,101419
2022-12-04,TR,Türkiye,EURO,0.0,17004677,0.0,101419
2022-12-11,TR,Türkiye,EURO,0.0,17004677,0.0,101419
2022-12-18,TR,Türkiye,EURO,0.0,17004677,0.0,101419
2022-12-25,TR,Türkiye,EURO,0.0,17004677,0.0,101419
2023-01-01,TR,Türkiye,EURO,0.0,17004677,0.0,101419
2023-01-08,TR,Türkiye,EURO,0.0,17004677,0.0,101419
2023-01-15,TR,Türkiye,EURO,0.0,17004677,0.0,101419
2023-01-22,TR,Türkiye,EURO,0.0,17004677,0.0,101419
2023-01-29,TR,Türkiye,EURO,0.0,17004677,0.0,101419
2023-02-05,TR,Türkiye,EURO,0.0,17004677,0.0,101419
2023-02-12,TR,Türkiye,EURO,0.0,17004677,0.0,101419
2023-02-19,TR,Türkiye,EURO,0.0,17004677,0.0,101419
2023-02-26,TR,Türkiye,EURO,0.0,17004677,0.0,101419
2023-03-05,TR,Türkiye,EURO,0.0,17004677,0.0,101419
2023-03-12,TR,Türkiye,EURO,0.0,17004677,0.0,101419
2023-03-19,TR,Türkiye,EURO,0.0,17004677,0.0,101419
2023-03-26,TR,Türkiye,EURO,0.0,17004677,0.0,101419
2023-04-02,TR,Türkiye,EURO,0.0,17004677,0.0,101419
2023-04-09,TR,Türkiye,EURO,0.0,17004677,0.0,101419
2023-04-16,TR,Türkiye,EURO,0.0,17004677,0.0,101419
2023-04-23,TR,Türkiye,EURO,0.0,17004677,0.0,101419
2023-04-30,TR,Türkiye,EURO,0.0,17004677,0.0,101419
2023-05-07,TR,Türkiye,EURO,0.0,17004677,0.0,101419
2023-05-14,TR,Türkiye,EURO,0.0,17004677,0.0,101419
2023-05-21,TR,Türkiye,EURO,0.0,17004677,0.0,101419
2023-05-28,TR,Türkiye,EURO,0.0,17004677,0.0,101419
2023-06-04,TR,Türkiye,EURO,0.0,17004677,0.0,101419
2023-06-11,TR,Türkiye,EURO,0.0,17004677,0.0,101419
2023-06-18,TR,Türkiye,EURO,0.0,17004677,0.0,101419
2023-06-25,TR,Türkiye,EURO,0.0,17004677,0.0,101419
2023-07-02,TR,Türkiye,EURO,0.0,17004677,0.0,101419
2023-07-09,TR,Türkiye,EURO,0.0,17004677,0.0,101419
2023-07-16,TR,Türkiye,EURO,0.0,17004677,0.0,101419
2023-07-23,TR,Türkiye,EURO,0.0,17004677,0.0,101419
2023-07-30,TR,Türkiye,EURO,0.0,17004677,0.0,101419
2023-08-06,TR,Türkiye,EURO,0.0,17004677,0.0,101419
2023-08-13,TR,Türkiye,EURO,0.0,17004677,0.0,101419
2023-08-20,TR,Türkiye,EURO,0.0,17004677,0.0,101419
2023-08-27,TR,Türkiye,EURO,0.0,17004677,0.0,101419
2023-09-03,TR,Türkiye,EURO,0.0,17004677,0.0,101419
2023-09-10,TR,Türkiye,EURO,0.0,17004677,0.0,101419
2023-09-17,TR,Türkiye,EURO,0.0,17004677,0.0,101419
2023-09-24,TR,Türkiye,EURO,0.0,17004677,0.0,101419
2023-10-01,TR,Türkiye,EURO,0.0,17004677,0.0,101419
2023-10-08,TR,Türkiye,EURO,0.0,17004677,0.0,101419
2023-10-15,TR,Türkiye,EURO,0.0,17004677,0.0,101419
2023-10-22,TR,Türkiye,EURO,0.0,17004677,0.0,101419
2023-10-29,TR,Türkiye,EURO,0.0,17004677,0.0,101419
2023-11-05,TR,Türkiye,EURO,1.0,17004678,0.0,101419
2023-11-12,TR,Türkiye,EURO,2.0,17004680,0.0,101419
2023-11-19,TR,Türkiye,EURO,3.0,17004683,0.0,101419
2023-11-26,TR,Türkiye,EURO,0.0,17004683,0.0,101419
2023-12-03,TR,Türkiye,EURO,2.0,17004685,0.0,101419
2023-12-10,TR,Türkiye,EURO,2.0,17004687,0.0,101419
2023-12-17,TR,Türkiye,EURO,1.0,17004688,0.0,101419
2023-12-24,TR,Türkiye,EURO,1.0,17004689,0.0,101419
2023-12-31,TR,Türkiye,EURO,1.0,17004690,0.0,101419
2024-01-07,TR,Türkiye,EURO,3.0,17004693,0.0,101419
2024-01-14,TR,Türkiye,EURO,4.0,17004697,0.0,101419
2024-01-21,TR,Türkiye,EURO,1.0,17004698,0.0,101419
2024-01-28,TR,Türkiye,EURO,4.0,17004702,0.0,101419
2024-02-04,TR,Türkiye,EURO,3.0,17004705,0.0,101419
2024-02-11,TR,Türkiye,EURO,2.0,17004707,0.0,101419
2024-02-18,TR,Türkiye,EURO,1.0,17004708,0.0,101419
2024-02-25,TR,Türkiye,EURO,2.0,17004710,0.0,101419
2024-03-03,TR,Türkiye,EURO,1.0,17004711,0.0,101419
2024-03-10,TR,Türkiye,EURO,0.0,17004711,0.0,101419
2024-03-17,TR,Türkiye,EURO,1.0,17004712,0.0,101419
2024-03-24,TR,Türkiye,EURO,2.0,17004714,0.0,101419
2024-03-31,TR,Türkiye,EURO,0.0,17004714,0.0,101419
2024-04-07,TR,Türkiye,EURO,0.0,17004714,0.0,101419
2024-04-14,TR,Türkiye,EURO,0.0,17004714,0.0,101419
2024-04-21,TR,Türkiye,EURO,0.0,17004714,0.0,101419
2024-04-28,TR,Türkiye,EURO,0.0,17004714,0.0,101419
