Date_reported,Country_code,Country,WHO_region,New_cases,Cumulative_cases,New_deaths,Cumulative_deaths
2020-01-05,UA,Ukraine,EURO,0.0,0,0.0,0
2020-01-12,UA,Ukraine,EURO,0.0,0,0.0,0
2020-01-19,UA,Ukraine,EURO,0.0,0,0.0,0
2020-01-26,UA,Ukraine,EURO,0.0,0,0.0,0
2020-02-02,UA,Ukraine,EURO,0.0,0,0.0,0
2020-02-09,UA,Ukraine,EURO,0.0,0,0.0,0
2020-02-16,UA,Ukraine,EURO,0.0,0,0.0,0
2020-02-23,UA,Ukraine,EURO,0.0,0,0.0,0
2020-03-01,UA,Ukraine,EURO,0.0,0,0.0,0
2020-03-08,UA,Ukraine,EURO,0.0,0,0.0,0
2020-03-15,UA,Ukraine,EURO,18.0,18,2.0,2
2020-03-22,UA,Ukraine,EURO,107.0,125,3.0,5
2020-03-29,UA,Ukraine,EURO,390.0,515,8.0,13
2020-04-05,UA,Ukraine,EURO,765.0,1280,23.0,36
2020-04-12,UA,Ukraine,EURO,1685.0,2965,29.0,65
2020-04-19,UA,Ukraine,EURO,2473.0,5438,20.0,85
2020-04-26,UA,Ukraine,EURO,3011.0,8449,45.0,130
2020-05-03,UA,Ukraine,EURO,2946.0,11395,25.0,155
2020-05-10,UA,Ukraine,EURO,2985.0,14380,40.0,195
2020-05-17,UA,Ukraine,EURO,2612.0,16992,43.0,238
2020-05-24,UA,Ukraine,EURO,2338.0,19330,23.0,261
2020-05-31,UA,Ukraine,EURO,2436.0,21766,33.0,294
2020-06-07,UA,Ukraine,EURO,3135.0,24901,27.0,321
2020-06-14,UA,Ukraine,EURO,3937.0,28838,33.0,354
2020-06-21,UA,Ukraine,EURO,4884.0,33722,40.0,394
2020-06-28,UA,Ukraine,EURO,6184.0,39906,68.0,462
2020-07-05,UA,Ukraine,EURO,5188.0,45094,53.0,515
2020-07-12,UA,Ukraine,EURO,4945.0,50039,56.0,571
2020-07-19,UA,Ukraine,EURO,5084.0,55123,52.0,623
2020-07-26,UA,Ukraine,EURO,6046.0,61169,97.0,720
2020-08-02,UA,Ukraine,EURO,7012.0,68181,79.0,799
2020-08-09,UA,Ukraine,EURO,8131.0,76312,127.0,926
2020-08-16,UA,Ukraine,EURO,10024.0,86336,121.0,1047
2020-08-23,UA,Ukraine,EURO,13252.0,99588,102.0,1149
2020-08-30,UA,Ukraine,EURO,13822.0,113410,218.0,1367
2020-09-06,UA,Ukraine,EURO,17414.0,130824,202.0,1569
2020-09-13,UA,Ukraine,EURO,18911.0,149735,137.0,1706
2020-09-20,UA,Ukraine,EURO,21092.0,170827,326.0,2032
2020-09-27,UA,Ukraine,EURO,21299.0,192126,278.0,2310
2020-10-04,UA,Ukraine,EURO,27198.0,219324,278.0,2588
2020-10-11,UA,Ukraine,EURO,33814.0,253138,442.0,3030
2020-10-18,UA,Ukraine,EURO,35486.0,288624,405.0,3435
2020-10-25,UA,Ukraine,EURO,41583.0,330207,445.0,3880
2020-11-01,UA,Ukraine,EURO,48518.0,378725,923.0,4803
2020-11-08,UA,Ukraine,EURO,59561.0,438286,1192.0,5995
2020-11-15,UA,Ukraine,EURO,75319.0,513605,1130.0,7125
2020-11-22,UA,Ukraine,EURO,88651.0,602256,1379.0,8504
2020-11-29,UA,Ukraine,EURO,95555.0,697811,1252.0,9756
2020-12-06,UA,Ukraine,EURO,87403.0,785214,1406.0,11162
2020-12-13,UA,Ukraine,EURO,76767.0,861981,1514.0,12676
2020-12-20,UA,Ukraine,EURO,68736.0,930717,1620.0,14296
2020-12-27,UA,Ukraine,EURO,57391.0,988108,982.0,15278
2021-01-03,UA,Ukraine,EURO,49251.0,1037359,1254.0,16532
2021-01-10,UA,Ukraine,EURO,39656.0,1077015,732.0,17264
2021-01-17,UA,Ukraine,EURO,44402.0,1121417,1034.0,18298
2021-01-24,UA,Ukraine,EURO,30612.0,1152029,1055.0,19353
2021-01-31,UA,Ukraine,EURO,27158.0,1179187,844.0,20197
2021-02-07,UA,Ukraine,EURO,25508.0,1204695,876.0,21073
2021-02-14,UA,Ukraine,EURO,26498.0,1231193,748.0,21821
2021-02-21,UA,Ukraine,EURO,34188.0,1265381,764.0,22585
2021-02-28,UA,Ukraine,EURO,44472.0,1309853,895.0,23480
2021-03-07,UA,Ukraine,EURO,55376.0,1365229,1145.0,24625
2021-03-14,UA,Ukraine,EURO,60038.0,1425267,1238.0,25863
2021-03-21,UA,Ukraine,EURO,80339.0,1505606,1643.0,27506
2021-03-28,UA,Ukraine,EURO,104522.0,1610128,2057.0,29563
2021-04-04,UA,Ukraine,EURO,103479.0,1713607,2454.0,32017
2021-04-11,UA,Ukraine,EURO,105217.0,1818824,2714.0,34731
2021-04-18,UA,Ukraine,EURO,91911.0,1910735,2699.0,37430
2021-04-25,UA,Ukraine,EURO,77317.0,1988052,2518.0,39948
2021-05-02,UA,Ukraine,EURO,55605.0,2043657,2232.0,42180
2021-05-09,UA,Ukraine,EURO,36932.0,2080589,1872.0,44052
2021-05-16,UA,Ukraine,EURO,33146.0,2113735,1562.0,45614
2021-05-23,UA,Ukraine,EURO,27840.0,2141575,1262.0,46876
2021-05-30,UA,Ukraine,EURO,19626.0,2161201,1260.0,48136
2021-06-06,UA,Ukraine,EURO,11571.0,2172772,519.0,48655
2021-06-13,UA,Ukraine,EURO,9373.0,2182145,544.0,49199
2021-06-20,UA,Ukraine,EURO,5609.0,2187754,292.0,49491
2021-06-27,UA,Ukraine,EURO,4360.0,2192114,249.0,49740
2021-07-04,UA,Ukraine,EURO,3429.0,2195543,184.0,49924
2021-07-11,UA,Ukraine,EURO,3551.0,2199094,154.0,50078
2021-07-18,UA,Ukraine,EURO,3301.0,2202395,93.0,50171
2021-07-25,UA,Ukraine,EURO,4154.0,2206549,143.0,50314
2021-08-01,UA,Ukraine,EURO,4705.0,2211254,81.0,50395
2021-08-08,UA,Ukraine,EURO,5921.0,2217175,145.0,50540
2021-08-15,UA,Ukraine,EURO,6879.0,2224054,169.0,50709
2021-08-22,UA,Ukraine,EURO,9078.0,2233132,231.0,50940
2021-08-29,UA,Ukraine,EURO,9533.0,2242665,238.0,51178
2021-09-05,UA,Ukraine,EURO,13367.0,2256032,263.0,51441
2021-09-12,UA,Ukraine,EURO,19517.0,2275549,359.0,51800
2021-09-19,UA,Ukraine,EURO,32822.0,2308371,559.0,52359
2021-09-26,UA,Ukraine,EURO,44759.0,2353130,801.0,53160
2021-10-03,UA,Ukraine,EURO,64606.0,2417736,1169.0,54329
2021-10-10,UA,Ukraine,EURO,90079.0,2507815,1811.0,56140
2021-10-17,UA,Ukraine,EURO,94605.0,2602420,2109.0,58249
2021-10-24,UA,Ukraine,EURO,139344.0,2741764,3392.0,61641
2021-10-31,UA,Ukraine,EURO,152199.0,2893963,3825.0,65466
2021-11-07,UA,Ukraine,EURO,152263.0,3046226,4530.0,69996
2021-11-14,UA,Ukraine,EURO,139941.0,3186167,4591.0,74587
2021-11-21,UA,Ukraine,EURO,111965.0,3298132,4450.0,79037
2021-11-28,UA,Ukraine,EURO,87420.0,3385552,3814.0,82851
2021-12-05,UA,Ukraine,EURO,74128.0,3459680,3106.0,85957
2021-12-12,UA,Ukraine,EURO,61210.0,3520890,2695.0,88652
2021-12-19,UA,Ukraine,EURO,47521.0,3568411,2047.0,90699
2021-12-26,UA,Ukraine,EURO,37673.0,3606084,1834.0,92533
2022-01-02,UA,Ukraine,EURO,27983.0,3634067,1205.0,93738
2022-01-09,UA,Ukraine,EURO,28100.0,3662167,1024.0,94762
2022-01-16,UA,Ukraine,EURO,55088.0,3717255,1036.0,95798
2022-01-23,UA,Ukraine,EURO,110840.0,3828095,921.0,96719
2022-01-30,UA,Ukraine,EURO,194125.0,4022220,921.0,97640
2022-02-06,UA,Ukraine,EURO,242942.0,4265162,1189.0,98829
2022-02-13,UA,Ukraine,EURO,235256.0,4500418,1558.0,100387
2022-02-20,UA,Ukraine,EURO,191640.0,4692058,1695.0,102082
2022-02-27,UA,Ukraine,EURO,101143.0,4793201,1302.0,103384
2022-03-06,UA,Ukraine,EURO,39531.0,4832732,731.0,104115
2022-03-13,UA,Ukraine,EURO,31401.0,4864133,505.0,104620
2022-03-20,UA,Ukraine,EURO,30357.0,4894490,413.0,105033
2022-03-27,UA,Ukraine,EURO,22317.0,4916807,264.0,105297
2022-04-03,UA,Ukraine,EURO,14656.0,4931463,158.0,105455
2022-04-10,UA,Ukraine,EURO,11391.0,4942854,120.0,105575
2022-04-17,UA,Ukraine,EURO,8035.0,4950889,117.0,105692
2022-04-24,UA,Ukraine,EURO,5353.0,4956242,73.0,105765
2022-05-01,UA,Ukraine,EURO,4221.0,4960463,83.0,105848
2022-05-08,UA,Ukraine,EURO,3732.0,4964195,38.0,105886
2022-05-15,UA,Ukraine,EURO,2841.0,4967036,48.0,105934
2022-05-22,UA,Ukraine,EURO,2132.0,4969168,41.0,105975
2022-05-29,UA,Ukraine,EURO,1896.0,4971064,31.0,106006
2022-06-05,UA,Ukraine,EURO,1600.0,4972664,35.0,106041
2022-06-12,UA,Ukraine,EURO,1065.0,4973729,17.0,106058
2022-06-19,UA,Ukraine,EURO,1044.0,4974773,16.0,106074
2022-06-26,UA,Ukraine,EURO,981.0,4975754,18.0,106092
2022-07-03,UA,Ukraine,EURO,1106.0,4976860,15.0,106107
2022-07-10,UA,Ukraine,EURO,1056.0,4977916,19.0,106126
2022-07-17,UA,Ukraine,EURO,1431.0,4979347,9.0,106135
2022-07-24,UA,Ukraine,EURO,2098.0,4981445,14.0,106149
2022-07-31,UA,Ukraine,EURO,2786.0,4984231,14.0,106163
2022-08-07,UA,Ukraine,EURO,3893.0,4988124,16.0,106179
2022-08-14,UA,Ukraine,EURO,5439.0,4993563,37.0,106216
2022-08-21,UA,Ukraine,EURO,9113.0,5002676,23.0,106239
2022-08-28,UA,Ukraine,EURO,11437.0,5014113,38.0,106277
2022-09-04,UA,Ukraine,EURO,16155.0,5030268,44.0,106321
2022-09-11,UA,Ukraine,EURO,23864.0,5054132,70.0,106391
2022-09-18,UA,Ukraine,EURO,36683.0,5090815,90.0,106481
2022-09-25,UA,Ukraine,EURO,44137.0,5134952,161.0,106642
2022-10-02,UA,Ukraine,EURO,42802.0,5177754,202.0,106844
2022-10-09,UA,Ukraine,EURO,36413.0,5214167,208.0,107052
2022-10-16,UA,Ukraine,EURO,22914.0,5237081,203.0,107255
2022-10-23,UA,Ukraine,EURO,16908.0,5253989,189.0,107444
2022-10-30,UA,Ukraine,EURO,16378.0,5270367,179.0,107623
2022-11-06,UA,Ukraine,EURO,9587.0,5279954,114.0,107737
2022-11-13,UA,Ukraine,EURO,7317.0,5287271,103.0,107840
2022-11-20,UA,Ukraine,EURO,6757.0,5294028,102.0,107942
2022-11-27,UA,Ukraine,EURO,4991.0,5299019,80.0,108022
2022-12-04,UA,Ukraine,EURO,4810.0,5303829,54.0,108076
2022-12-11,UA,Ukraine,EURO,4286.0,5308115,56.0,108132
2022-12-18,UA,Ukraine,EURO,4358.0,5312473,70.0,108202
2022-12-25,UA,Ukraine,EURO,3203.0,5315676,47.0,108249
2023-01-01,UA,Ukraine,EURO,3411.0,5319087,46.0,108295
2023-01-08,UA,Ukraine,EURO,2970.0,5322057,61.0,108356
2023-01-15,UA,Ukraine,EURO,2710.0,5324767,58.0,108414
2023-01-22,UA,Ukraine,EURO,3099.0,5327866,42.0,108456
2023-01-29,UA,Ukraine,EURO,2973.0,5330839,43.0,108499
2023-02-05,UA,Ukraine,EURO,3708.0,5334547,68.0,108567
2023-02-12,UA,Ukraine,EURO,5283.0,5339830,44.0,108611
2023-02-19,UA,Ukraine,EURO,7344.0,5347174,60.0,108671
2023-02-26,UA,Ukraine,EURO,9792.0,5356966,63.0,108734
2023-03-05,UA,Ukraine,EURO,12757.0,5369723,67.0,108801
2023-03-12,UA,Ukraine,EURO,15372.0,5385095,92.0,108893
2023-03-19,UA,Ukraine,EURO,18619.0,5403714,101.0,108994
2023-03-26,UA,Ukraine,EURO,19975.0,5423689,118.0,109112
2023-04-02,UA,Ukraine,EURO,18982.0,5442671,113.0,109225
2023-04-09,UA,Ukraine,EURO,17083.0,5459754,123.0,109348
2023-04-16,UA,Ukraine,EURO,16595.0,5476349,111.0,109459
2023-04-23,UA,Ukraine,EURO,10845.0,5487194,105.0,109564
2023-04-30,UA,Ukraine,EURO,8898.0,5496092,82.0,109646
2023-05-07,UA,Ukraine,EURO,6612.0,5502704,61.0,109707
2023-05-14,UA,Ukraine,EURO,4739.0,5507443,44.0,109751
2023-05-21,UA,Ukraine,EURO,3323.0,5510766,37.0,109788
2023-05-28,UA,Ukraine,EURO,2999.0,5513765,42.0,109830
2023-06-04,UA,Ukraine,EURO,1965.0,5515730,24.0,109854
2023-06-11,UA,Ukraine,EURO,1551.0,5517281,15.0,109869
2023-06-18,UA,Ukraine,EURO,1308.0,5518589,20.0,109889
2023-06-25,UA,Ukraine,EURO,996.0,5519585,16.0,109905
2023-07-02,UA,Ukraine,EURO,898.0,5520483,13.0,109918
2023-07-09,UA,Ukraine,EURO,0.0,5520483,0.0,109918
2023-07-16,UA,Ukraine,EURO,0.0,5520483,0.0,109918
2023-07-23,UA,Ukraine,EURO,0.0,5520483,0.0,109918
2023-07-30,UA,Ukraine,EURO,0.0,5520483,0.0,109918
2023-08-06,UA,Ukraine,EURO,0.0,5520483,0.0,109918
2023-08-13,UA,Ukraine,EURO,0.0,5520483,0.0,109918
2023-08-20,UA,Ukraine,EURO,0.0,5520483,0.0,109918
2023-08-27,UA,Ukraine,EURO,0.0,5520483,0.0,109918
2023-09-03,UA,Ukraine,EURO,0.0,5520483,0.0,109918
2023-09-10,UA,Ukraine,EURO,0.0,5520483,0.0,109918
2023-09-17,UA,Ukraine,EURO,0.0,5520483,0.0,109918
2023-09-24,UA,Ukraine,EURO,0.0,5520483,0.0,109918
2023-10-01,UA,Ukraine,EURO,0.0,5520483,0.0,109918
2023-10-08,UA,Ukraine,EURO,0.0,5520483,0.0,109918
2023-10-15,UA,Ukraine,EURO,0.0,5520483,0.0,109918
2023-10-22,UA,Ukraine,EURO,0.0,5520483,0.0,109918
2023-10-29,UA,Ukraine,EURO,0.0,5520483,0.0,109918
2023-11-05,UA,Ukraine,EURO,561.0,5521044,0.0,109918
2023-11-12,UA,Ukraine,EURO,613.0,5521657,0.0,109918
2023-11-19,UA,Ukraine,EURO,555.0,5522212,0.0,109918
2023-11-26,UA,Ukraine,EURO,790.0,5523002,0.0,109918
2023-12-03,UA,Ukraine,EURO,691.0,5523693,0.0,109918
2023-12-10,UA,Ukraine,EURO,1022.0,5524715,0.0,109918
2023-12-17,UA,Ukraine,EURO,754.0,5525469,0.0,109918
2023-12-24,UA,Ukraine,EURO,768.0,5526237,0.0,109918
2023-12-31,UA,Ukraine,EURO,765.0,5527002,0.0,109918
2024-01-07,UA,Ukraine,EURO,3006.0,5530008,0.0,109918
2024-01-14,UA,Ukraine,EURO,549.0,5530557,0.0,109918
2024-01-21,UA,Ukraine,EURO,401.0,5530958,0.0,109918
2024-01-28,UA,Ukraine,EURO,388.0,5531346,0.0,109918
2024-02-04,UA,Ukraine,EURO,3.0,5531349,0.0,109918
2024-02-11,UA,Ukraine,EURO,223.0,5531572,0.0,109918
2024-02-18,UA,Ukraine,EURO,305.0,5531877,0.0,109918
2024-02-25,UA,Ukraine,EURO,325.0,5532202,0.0,109918
2024-03-03,UA,Ukraine,EURO,319.0,5532521,0.0,109918
2024-03-10,UA,Ukraine,EURO,0.0,5532521,1.0,109919
2024-03-17,UA,Ukraine,EURO,297.0,5532818,1.0,109920
2024-03-24,UA,Ukraine,EURO,6.0,5532824,0.0,109920
2024-03-31,UA,Ukraine,EURO,8.0,5532832,0.0,109920
2024-04-07,UA,Ukraine,EURO,237.0,5533069,0.0,109920
2024-04-14,UA,Ukraine,EURO,169.0,5533238,0.0,109920
2024-04-21,UA,Ukraine,EURO,169.0,5533407,0.0,109920
2024-04-28,UA,Ukraine,EURO,114.0,5533521,0.0,109920
