Date_reported,Country_code,Country,WHO_region,New_cases,Cumulative_cases,New_deaths,Cumulative_deaths
2020-01-05,VN,Viet Nam,WPRO,0.0,0,0.0,0
2020-01-12,VN,Viet Nam,WPRO,0.0,0,0.0,0
2020-01-19,VN,Viet Nam,WPRO,0.0,0,0.0,0
2020-01-26,VN,Viet Nam,WPRO,2.0,2,0.0,0
2020-02-02,VN,Viet Nam,WPRO,4.0,6,0.0,0
2020-02-09,VN,Viet Nam,WPRO,7.0,13,0.0,0
2020-02-16,VN,Viet Nam,WPRO,3.0,16,0.0,0
2020-02-23,VN,Viet Nam,WPRO,0.0,16,0.0,0
2020-03-01,VN,Viet Nam,WPRO,0.0,16,0.0,0
2020-03-08,VN,Viet Nam,WPRO,4.0,20,0.0,0
2020-03-15,VN,Viet Nam,WPRO,33.0,53,0.0,0
2020-03-22,VN,Viet Nam,WPRO,41.0,94,0.0,0
2020-03-29,VN,Viet Nam,WPRO,80.0,174,0.0,0
2020-04-05,VN,Viet Nam,WPRO,66.0,240,0.0,0
2020-04-12,VN,Viet Nam,WPRO,18.0,258,0.0,0
2020-04-19,VN,Viet Nam,WPRO,10.0,268,0.0,0
2020-04-26,VN,Viet Nam,WPRO,2.0,270,0.0,0
2020-05-03,VN,Viet Nam,WPRO,0.0,270,0.0,0
2020-05-10,VN,Viet Nam,WPRO,18.0,288,0.0,0
2020-05-17,VN,Viet Nam,WPRO,30.0,318,0.0,0
2020-05-24,VN,Viet Nam,WPRO,7.0,325,0.0,0
2020-05-31,VN,Viet Nam,WPRO,3.0,328,0.0,0
2020-06-07,VN,Viet Nam,WPRO,1.0,329,0.0,0
2020-06-14,VN,Viet Nam,WPRO,5.0,334,0.0,0
2020-06-21,VN,Viet Nam,WPRO,15.0,349,0.0,0
2020-06-28,VN,Viet Nam,WPRO,6.0,355,0.0,0
2020-07-05,VN,Viet Nam,WPRO,0.0,355,0.0,0
2020-07-12,VN,Viet Nam,WPRO,15.0,370,0.0,0
2020-07-19,VN,Viet Nam,WPRO,12.0,382,0.0,0
2020-07-26,VN,Viet Nam,WPRO,36.0,418,0.0,0
2020-08-02,VN,Viet Nam,WPRO,172.0,590,3.0,3
2020-08-09,VN,Viet Nam,WPRO,222.0,812,7.0,10
2020-08-16,VN,Viet Nam,WPRO,139.0,951,13.0,23
2020-08-23,VN,Viet Nam,WPRO,63.0,1014,3.0,26
2020-08-30,VN,Viet Nam,WPRO,26.0,1040,6.0,32
2020-09-06,VN,Viet Nam,WPRO,9.0,1049,3.0,35
2020-09-13,VN,Viet Nam,WPRO,11.0,1060,0.0,35
2020-09-20,VN,Viet Nam,WPRO,8.0,1068,0.0,35
2020-09-27,VN,Viet Nam,WPRO,1.0,1069,0.0,35
2020-10-04,VN,Viet Nam,WPRO,27.0,1096,0.0,35
2020-10-11,VN,Viet Nam,WPRO,11.0,1107,0.0,35
2020-10-18,VN,Viet Nam,WPRO,19.0,1126,0.0,35
2020-10-25,VN,Viet Nam,WPRO,34.0,1160,0.0,35
2020-11-01,VN,Viet Nam,WPRO,20.0,1180,0.0,35
2020-11-08,VN,Viet Nam,WPRO,33.0,1213,0.0,35
2020-11-15,VN,Viet Nam,WPRO,52.0,1265,0.0,35
2020-11-22,VN,Viet Nam,WPRO,41.0,1306,0.0,35
2020-11-29,VN,Viet Nam,WPRO,35.0,1341,0.0,35
2020-12-06,VN,Viet Nam,WPRO,24.0,1365,0.0,35
2020-12-13,VN,Viet Nam,WPRO,30.0,1395,0.0,35
2020-12-20,VN,Viet Nam,WPRO,16.0,1411,0.0,35
2020-12-27,VN,Viet Nam,WPRO,29.0,1440,0.0,35
2021-01-03,VN,Viet Nam,WPRO,54.0,1494,0.0,35
2021-01-10,VN,Viet Nam,WPRO,20.0,1514,0.0,35
2021-01-17,VN,Viet Nam,WPRO,23.0,1537,0.0,35
2021-01-24,VN,Viet Nam,WPRO,11.0,1548,0.0,35
2021-01-31,VN,Viet Nam,WPRO,271.0,1819,0.0,35
2021-02-07,VN,Viet Nam,WPRO,186.0,2005,0.0,35
2021-02-14,VN,Viet Nam,WPRO,224.0,2229,0.0,35
2021-02-21,VN,Viet Nam,WPRO,154.0,2383,0.0,35
2021-02-28,VN,Viet Nam,WPRO,65.0,2448,0.0,35
2021-03-07,VN,Viet Nam,WPRO,64.0,2512,0.0,35
2021-03-14,VN,Viet Nam,WPRO,42.0,2554,0.0,35
2021-03-21,VN,Viet Nam,WPRO,18.0,2572,0.0,35
2021-03-28,VN,Viet Nam,WPRO,19.0,2591,0.0,35
2021-04-04,VN,Viet Nam,WPRO,40.0,2631,0.0,35
2021-04-11,VN,Viet Nam,WPRO,65.0,2696,0.0,35
2021-04-18,VN,Viet Nam,WPRO,89.0,2785,0.0,35
2021-04-25,VN,Viet Nam,WPRO,61.0,2846,0.0,35
2021-05-02,VN,Viet Nam,WPRO,116.0,2962,0.0,35
2021-05-09,VN,Viet Nam,WPRO,450.0,3412,0.0,35
2021-05-16,VN,Viet Nam,WPRO,800.0,4212,2.0,37
2021-05-23,VN,Viet Nam,WPRO,1063.0,5275,5.0,42
2021-05-30,VN,Viet Nam,WPRO,1893.0,7168,5.0,47
2021-06-06,VN,Viet Nam,WPRO,1623.0,8791,6.0,53
2021-06-13,VN,Viet Nam,WPRO,1839.0,10630,7.0,60
2021-06-20,VN,Viet Nam,WPRO,2628.0,13258,7.0,67
2021-06-27,VN,Viet Nam,WPRO,2482.0,15740,13.0,80
2021-07-04,VN,Viet Nam,WPRO,4521.0,20261,19.0,99
2021-07-11,VN,Viet Nam,WPRO,10217.0,30478,63.0,162
2021-07-18,VN,Viet Nam,WPRO,25367.0,55845,92.0,254
2021-07-25,VN,Viet Nam,WPRO,45328.0,101173,116.0,370
2021-08-01,VN,Viet Nam,WPRO,56334.0,157507,936.0,1306
2021-08-08,VN,Viet Nam,WPRO,58053.0,215560,2091.0,3397
2021-08-15,VN,Viet Nam,WPRO,59484.0,275044,2377.0,5774
2021-08-22,VN,Viet Nam,WPRO,73015.0,348059,2503.0,8277
2021-08-29,VN,Viet Nam,WPRO,87206.0,435265,2472.0,10749
2021-09-05,VN,Viet Nam,WPRO,89042.0,524307,2325.0,13074
2021-09-12,VN,Viet Nam,WPRO,89068.0,613375,2205.0,15279
2021-09-19,VN,Viet Nam,WPRO,73688.0,687063,1811.0,17090
2021-09-26,VN,Viet Nam,WPRO,69626.0,756689,1494.0,18584
2021-10-03,VN,Viet Nam,WPRO,51889.0,808578,1131.0,19715
2021-10-10,VN,Viet Nam,WPRO,31084.0,839662,840.0,20555
2021-10-17,VN,Viet Nam,WPRO,24391.0,864053,639.0,21194
2021-10-24,VN,Viet Nam,WPRO,24887.0,888940,479.0,21673
2021-10-31,VN,Viet Nam,WPRO,32182.0,921122,410.0,22083
2021-11-07,VN,Viet Nam,WPRO,47562.0,968684,448.0,22531
2021-11-14,VN,Viet Nam,WPRO,57838.0,1026522,551.0,23082
2021-11-21,VN,Viet Nam,WPRO,67992.0,1094514,679.0,23761
2021-11-28,VN,Viet Nam,WPRO,115826.0,1210340,1121.0,24882
2021-12-05,VN,Viet Nam,WPRO,98752.0,1309092,1378.0,26260
2021-12-12,VN,Viet Nam,WPRO,103959.0,1413051,1579.0,27839
2021-12-19,VN,Viet Nam,WPRO,127427.0,1540478,1727.0,29566
2021-12-26,VN,Viet Nam,WPRO,111195.0,1651673,1648.0,31214
2022-01-02,VN,Viet Nam,WPRO,111367.0,1763040,1617.0,32831
2022-01-09,VN,Viet Nam,WPRO,136535.0,1899575,1488.0,34319
2022-01-16,VN,Viet Nam,WPRO,123971.0,2023546,1290.0,35609
2022-01-23,VN,Viet Nam,WPRO,117876.0,2141422,1110.0,36719
2022-01-30,VN,Viet Nam,WPRO,121631.0,2263053,949.0,37668
2022-02-06,VN,Viet Nam,WPRO,78918.0,2341971,656.0,38324
2022-02-13,VN,Viet Nam,WPRO,168889.0,2510860,622.0,38946
2022-02-20,VN,Viet Nam,WPRO,276633.0,2787493,555.0,39501
2022-02-27,VN,Viet Nam,WPRO,533512.0,3321005,643.0,40144
2022-03-06,VN,Viet Nam,WPRO,1113695.0,4434700,669.0,40813
2022-03-13,VN,Viet Nam,WPRO,1677948.0,6112648,572.0,41385
2022-03-20,VN,Viet Nam,WPRO,1845400.0,7958048,495.0,41880
2022-03-27,VN,Viet Nam,WPRO,1053425.0,9011473,426.0,42306
2022-04-03,VN,Viet Nam,WPRO,806855.0,9818328,294.0,42600
2022-04-10,VN,Viet Nam,WPRO,379908.0,10198236,213.0,42813
2022-04-17,VN,Viet Nam,WPRO,234311.0,10432547,131.0,42944
2022-04-24,VN,Viet Nam,WPRO,130955.0,10563502,69.0,43013
2022-05-01,VN,Viet Nam,WPRO,90024.0,10653526,29.0,43042
2022-05-08,VN,Viet Nam,WPRO,22658.0,10676184,14.0,43056
2022-05-15,VN,Viet Nam,WPRO,20446.0,10696630,9.0,43065
2022-05-22,VN,Viet Nam,WPRO,12257.0,10708887,10.0,43075
2022-05-29,VN,Viet Nam,WPRO,8364.0,10717251,3.0,43078
2022-06-05,VN,Viet Nam,WPRO,7988.0,10725239,3.0,43081
2022-06-12,VN,Viet Nam,WPRO,6573.0,10731812,2.0,43083
2022-06-19,VN,Viet Nam,WPRO,5828.0,10737640,0.0,43083
2022-06-26,VN,Viet Nam,WPRO,5808.0,10743448,1.0,43084
2022-07-03,VN,Viet Nam,WPRO,4679.0,10748127,4.0,43088
2022-07-10,VN,Viet Nam,WPRO,6221.0,10754348,1.0,43089
2022-07-17,VN,Viet Nam,WPRO,5502.0,10759850,2.0,43091
2022-07-24,VN,Viet Nam,WPRO,7350.0,10767200,1.0,43092
2022-07-31,VN,Viet Nam,WPRO,7479.0,10774679,1.0,43093
2022-08-07,VN,Viet Nam,WPRO,571458.0,11346137,1.0,43094
2022-08-14,VN,Viet Nam,WPRO,18218.0,11364355,4.0,43098
2022-08-21,VN,Viet Nam,WPRO,17903.0,11382258,8.0,43106
2022-08-28,VN,Viet Nam,WPRO,19339.0,11401597,7.0,43113
2022-09-04,VN,Viet Nam,WPRO,15906.0,11417503,9.0,43122
2022-09-11,VN,Viet Nam,WPRO,20467.0,11437970,8.0,43130
2022-09-18,VN,Viet Nam,WPRO,18588.0,11456558,11.0,43141
2022-09-25,VN,Viet Nam,WPRO,14782.0,11471340,5.0,43146
2022-10-02,VN,Viet Nam,WPRO,8688.0,11480028,5.0,43151
2022-10-09,VN,Viet Nam,WPRO,5333.0,11485361,2.0,43153
2022-10-16,VN,Viet Nam,WPRO,6912.0,11492273,2.0,43155
2022-10-23,VN,Viet Nam,WPRO,4556.0,11496829,4.0,43159
2022-10-30,VN,Viet Nam,WPRO,5340.0,11502169,4.0,43163
2022-11-06,VN,Viet Nam,WPRO,3439.0,11505608,3.0,43166
2022-11-13,VN,Viet Nam,WPRO,2839.0,11508447,0.0,43166
2022-11-20,VN,Viet Nam,WPRO,2731.0,11511178,3.0,43169
2022-11-27,VN,Viet Nam,WPRO,2996.0,11514174,1.0,43170
2022-12-04,VN,Viet Nam,WPRO,3343.0,11517517,7.0,43177
2022-12-11,VN,Viet Nam,WPRO,2928.0,11520445,2.0,43179
2022-12-18,VN,Viet Nam,WPRO,2305.0,11522750,1.0,43180
2022-12-25,VN,Viet Nam,WPRO,1452.0,11524202,4.0,43184
2023-01-01,VN,Viet Nam,WPRO,1029.0,11525231,2.0,43186
2023-01-08,VN,Viet Nam,WPRO,480.0,11525711,0.0,43186
2023-01-15,VN,Viet Nam,WPRO,407.0,11526118,0.0,43186
2023-01-22,VN,Viet Nam,WPRO,200.0,11526318,0.0,43186
2023-01-29,VN,Viet Nam,WPRO,77.0,11526395,0.0,43186
2023-02-05,VN,Viet Nam,WPRO,171.0,11526566,0.0,43186
2023-02-12,VN,Viet Nam,WPRO,85.0,11526651,0.0,43186
2023-02-19,VN,Viet Nam,WPRO,155.0,11526806,0.0,43186
2023-02-26,VN,Viet Nam,WPRO,85.0,11526891,0.0,43186
2023-03-05,VN,Viet Nam,WPRO,59.0,11526950,0.0,43186
2023-03-12,VN,Viet Nam,WPRO,83.0,11527033,0.0,43186
2023-03-19,VN,Viet Nam,WPRO,83.0,11527116,0.0,43186
2023-03-26,VN,Viet Nam,WPRO,87.0,11527203,0.0,43186
2023-04-02,VN,Viet Nam,WPRO,113.0,11527316,0.0,43186
2023-04-09,VN,Viet Nam,WPRO,385.0,11527701,0.0,43186
2023-04-16,VN,Viet Nam,WPRO,2655.0,11530356,0.0,43186
2023-04-23,VN,Viet Nam,WPRO,12704.0,11543060,1.0,43187
2023-04-30,VN,Viet Nam,WPRO,16802.0,11559862,4.0,43191
2023-05-07,VN,Viet Nam,WPRO,14069.0,11573931,5.0,43196
2023-05-14,VN,Viet Nam,WPRO,15636.0,11589567,5.0,43201
2023-05-21,VN,Viet Nam,WPRO,12192.0,11601759,2.0,43203
2023-05-28,VN,Viet Nam,WPRO,7778.0,11609537,3.0,43206
2023-06-04,VN,Viet Nam,WPRO,5046.0,11614583,0.0,43206
2023-06-11,VN,Viet Nam,WPRO,2914.0,11617497,0.0,43206
2023-06-18,VN,Viet Nam,WPRO,1770.0,11619267,0.0,43206
2023-06-25,VN,Viet Nam,WPRO,780.0,11620047,0.0,43206
2023-07-02,VN,Viet Nam,WPRO,549.0,11620596,0.0,43206
2023-07-09,VN,Viet Nam,WPRO,437.0,11621033,0.0,43206
2023-07-16,VN,Viet Nam,WPRO,287.0,11621320,0.0,43206
2023-07-23,VN,Viet Nam,WPRO,279.0,11621599,0.0,43206
2023-07-30,VN,Viet Nam,WPRO,199.0,11621798,0.0,43206
2023-08-06,VN,Viet Nam,WPRO,180.0,11621978,0.0,43206
2023-08-13,VN,Viet Nam,WPRO,226.0,11622204,0.0,43206
2023-08-20,VN,Viet Nam,WPRO,200.0,11622404,0.0,43206
2023-08-27,VN,Viet Nam,WPRO,279.0,11622683,0.0,43206
2023-09-03,VN,Viet Nam,WPRO,229.0,11622912,0.0,43206
2023-09-10,VN,Viet Nam,WPRO,270.0,11623182,0.0,43206
2023-09-17,VN,Viet Nam,WPRO,190.0,11623372,0.0,43206
2023-09-24,VN,Viet Nam,WPRO,199.0,11623571,0.0,43206
2023-10-01,VN,Viet Nam,WPRO,127.0,11623698,0.0,43206
2023-10-08,VN,Viet Nam,WPRO,147.0,11623845,0.0,43206
2023-10-15,VN,Viet Nam,WPRO,142.0,11623987,0.0,43206
2023-10-22,VN,Viet Nam,WPRO,13.0,11624000,0.0,43206
2023-10-29,VN,Viet Nam,WPRO,0.0,11624000,0.0,43206
2023-11-05,VN,Viet Nam,WPRO,0.0,11624000,0.0,43206
2023-11-12,VN,Viet Nam,WPRO,0.0,11624000,0.0,43206
2023-11-19,VN,Viet Nam,WPRO,0.0,11624000,0.0,43206
2023-11-26,VN,Viet Nam,WPRO,0.0,11624000,0.0,43206
2023-12-03,VN,Viet Nam,WPRO,0.0,11624000,0.0,43206
2023-12-10,VN,Viet Nam,WPRO,0.0,11624000,0.0,43206
2023-12-17,VN,Viet Nam,WPRO,0.0,11624000,0.0,43206
2023-12-24,VN,Viet Nam,WPRO,0.0,11624000,0.0,43206
2023-12-31,VN,Viet Nam,WPRO,0.0,11624000,0.0,43206
2024-01-07,VN,Viet Nam,WPRO,0.0,11624000,0.0,43206
2024-01-14,VN,Viet Nam,WPRO,0.0,11624000,0.0,43206
2024-01-21,VN,Viet Nam,WPRO,0.0,11624000,0.0,43206
2024-01-28,VN,Viet Nam,WPRO,0.0,11624000,0.0,43206
2024-02-04,VN,Viet Nam,WPRO,0.0,11624000,0.0,43206
2024-02-11,VN,Viet Nam,WPRO,0.0,11624000,0.0,43206
2024-02-18,VN,Viet Nam,WPRO,0.0,11624000,0.0,43206
2024-02-25,VN,Viet Nam,WPRO,0.0,11624000,0.0,43206
2024-03-03,VN,Viet Nam,WPRO,0.0,11624000,0.0,43206
2024-03-10,VN,Viet Nam,WPRO,0.0,11624000,0.0,43206
2024-03-17,VN,Viet Nam,WPRO,0.0,11624000,0.0,43206
2024-03-24,VN,Viet Nam,WPRO,0.0,11624000,0.0,43206
2024-03-31,VN,Viet Nam,WPRO,0.0,11624000,0.0,43206
2024-04-07,VN,Viet Nam,WPRO,0.0,11624000,0.0,43206
2024-04-14,VN,Viet Nam,WPRO,0.0,11624000,0.0,43206
2024-04-21,VN,Viet Nam,WPRO,0.0,11624000,0.0,43206
2024-04-28,VN,Viet Nam,WPRO,0.0,11624000,0.0,43206
