Date_reported,Country_code,Country,WHO_region,New_cases,Cumulative_cases,New_deaths,Cumulative_deaths
2020-01-05,YT,Mayotte,,0.0,0,0.0,0
2020-01-12,YT,Mayotte,,0.0,0,0.0,0
2020-01-19,YT,Mayotte,,0.0,0,0.0,0
2020-01-26,YT,Mayotte,,0.0,0,0.0,0
2020-02-02,YT,Mayotte,,0.0,0,0.0,0
2020-02-09,YT,Mayotte,,0.0,0,0.0,0
2020-02-16,YT,Mayotte,,0.0,0,0.0,0
2020-02-23,YT,Mayotte,,0.0,0,0.0,0
2020-03-01,YT,Mayotte,,0.0,0,0.0,0
2020-03-08,YT,Mayotte,,0.0,0,0.0,0
2020-03-15,YT,Mayotte,,5.0,5,0.0,0
2020-03-22,YT,Mayotte,,6.0,11,0.0,0
2020-03-29,YT,Mayotte,,39.0,50,0.0,0
2020-04-05,YT,Mayotte,,97.0,147,2.0,2
2020-04-12,YT,Mayotte,,44.0,191,0.0,2
2020-04-19,YT,Mayotte,,54.0,245,2.0,4
2020-04-26,YT,Mayotte,,109.0,354,0.0,4
2020-05-03,YT,Mayotte,,242.0,596,2.0,6
2020-05-10,YT,Mayotte,,294.0,890,5.0,11
2020-05-17,YT,Mayotte,,368.0,1258,5.0,16
2020-05-24,YT,Mayotte,,263.0,1521,3.0,19
2020-05-31,YT,Mayotte,,222.0,1743,2.0,21
2020-06-07,YT,Mayotte,,336.0,2079,4.0,25
2020-06-14,YT,Mayotte,,203.0,2282,4.0,29
2020-06-21,YT,Mayotte,,122.0,2404,2.0,31
2020-06-28,YT,Mayotte,,136.0,2540,4.0,35
2020-07-05,YT,Mayotte,,128.0,2668,1.0,36
2020-07-12,YT,Mayotte,,43.0,2711,1.0,37
2020-07-19,YT,Mayotte,,71.0,2782,0.0,37
2020-07-26,YT,Mayotte,,91.0,2873,1.0,38
2020-08-02,YT,Mayotte,,89.0,2962,1.0,39
2020-08-09,YT,Mayotte,,106.0,3068,0.0,39
2020-08-16,YT,Mayotte,,51.0,3119,0.0,39
2020-08-23,YT,Mayotte,,118.0,3237,0.0,39
2020-08-30,YT,Mayotte,,64.0,3301,1.0,40
2020-09-06,YT,Mayotte,,73.0,3374,0.0,40
2020-09-13,YT,Mayotte,,0.0,3374,0.0,40
2020-09-20,YT,Mayotte,,167.0,3541,0.0,40
2020-09-27,YT,Mayotte,,0.0,3541,0.0,40
2020-10-04,YT,Mayotte,,238.0,3779,2.0,42
2020-10-11,YT,Mayotte,,210.0,3989,1.0,43
2020-10-18,YT,Mayotte,,41.0,4030,0.0,43
2020-10-25,YT,Mayotte,,246.0,4276,1.0,44
2020-11-01,YT,Mayotte,,90.0,4366,0.0,44
2020-11-08,YT,Mayotte,,184.0,4550,1.0,45
2020-11-15,YT,Mayotte,,371.0,4921,1.0,46
2020-11-22,YT,Mayotte,,115.0,5036,2.0,48
2020-11-29,YT,Mayotte,,145.0,5181,1.0,49
2020-12-06,YT,Mayotte,,0.0,5181,0.0,49
2020-12-13,YT,Mayotte,,370.0,5551,3.0,52
2020-12-20,YT,Mayotte,,157.0,5708,1.0,53
2020-12-27,YT,Mayotte,,59.0,5767,1.0,54
2021-01-03,YT,Mayotte,,123.0,5890,1.0,55
2021-01-10,YT,Mayotte,,342.0,6232,1.0,56
2021-01-17,YT,Mayotte,,379.0,6611,2.0,58
2021-01-24,YT,Mayotte,,933.0,7544,1.0,59
2021-01-31,YT,Mayotte,,687.0,8231,2.0,61
2021-02-07,YT,Mayotte,,2524.0,10755,3.0,64
2021-02-14,YT,Mayotte,,2780.0,13535,14.0,78
2021-02-21,YT,Mayotte,,2257.0,15792,14.0,92
2021-02-28,YT,Mayotte,,1069.0,16861,10.0,102
2021-03-07,YT,Mayotte,,1279.0,18140,23.0,125
2021-03-14,YT,Mayotte,,502.0,18642,4.0,129
2021-03-21,YT,Mayotte,,364.0,19006,22.0,151
2021-03-28,YT,Mayotte,,300.0,19306,3.0,154
2021-04-04,YT,Mayotte,,184.0,19490,8.0,162
2021-04-11,YT,Mayotte,,153.0,19643,5.0,167
2021-04-18,YT,Mayotte,,146.0,19789,1.0,168
2021-04-25,YT,Mayotte,,107.0,19896,1.0,169
2021-05-02,YT,Mayotte,,198.0,20094,1.0,170
2021-05-09,YT,Mayotte,,40.0,20134,0.0,170
2021-05-16,YT,Mayotte,,42.0,20176,1.0,171
2021-05-23,YT,Mayotte,,-875.0,19301,0.0,171
2021-05-30,YT,Mayotte,,24.0,19325,2.0,173
2021-06-06,YT,Mayotte,,22.0,19347,0.0,173
2021-06-13,YT,Mayotte,,26.0,19373,0.0,173
2021-06-20,YT,Mayotte,,16.0,19389,1.0,174
2021-06-27,YT,Mayotte,,16.0,19405,0.0,174
2021-07-04,YT,Mayotte,,7.0,19412,0.0,174
2021-07-11,YT,Mayotte,,13.0,19425,0.0,174
2021-07-18,YT,Mayotte,,26.0,19451,0.0,174
2021-07-25,YT,Mayotte,,14.0,19465,0.0,174
2021-08-01,YT,Mayotte,,29.0,19494,0.0,174
2021-08-08,YT,Mayotte,,24.0,19518,0.0,174
2021-08-15,YT,Mayotte,,49.0,19567,1.0,175
2021-08-22,YT,Mayotte,,97.0,19664,0.0,175
2021-08-29,YT,Mayotte,,75.0,19739,0.0,175
2021-09-05,YT,Mayotte,,136.0,19875,0.0,175
2021-09-12,YT,Mayotte,,140.0,20015,0.0,175
2021-09-19,YT,Mayotte,,92.0,20107,1.0,176
2021-09-26,YT,Mayotte,,112.0,20219,2.0,178
2021-10-03,YT,Mayotte,,104.0,20323,2.0,180
2021-10-10,YT,Mayotte,,62.0,20385,0.0,180
2021-10-17,YT,Mayotte,,54.0,20439,1.0,181
2021-10-24,YT,Mayotte,,46.0,20485,1.0,182
2021-10-31,YT,Mayotte,,70.0,20555,3.0,185
2021-11-07,YT,Mayotte,,96.0,20651,0.0,185
2021-11-14,YT,Mayotte,,118.0,20769,0.0,185
2021-11-21,YT,Mayotte,,91.0,20860,0.0,185
2021-11-28,YT,Mayotte,,78.0,20938,0.0,185
2021-12-05,YT,Mayotte,,35.0,20973,0.0,185
2021-12-12,YT,Mayotte,,115.0,21088,0.0,185
2021-12-19,YT,Mayotte,,92.0,21180,0.0,185
2021-12-26,YT,Mayotte,,108.0,21288,0.0,185
2022-01-02,YT,Mayotte,,623.0,21911,0.0,185
2022-01-09,YT,Mayotte,,2760.0,24671,1.0,186
2022-01-16,YT,Mayotte,,9086.0,33757,0.0,186
2022-01-23,YT,Mayotte,,1934.0,35691,1.0,187
2022-01-30,YT,Mayotte,,591.0,36282,0.0,187
2022-02-06,YT,Mayotte,,192.0,36474,0.0,187
2022-02-13,YT,Mayotte,,98.0,36572,0.0,187
2022-02-20,YT,Mayotte,,0.0,36572,0.0,187
2022-02-27,YT,Mayotte,,59.0,36631,0.0,187
2022-03-06,YT,Mayotte,,72.0,36703,0.0,187
2022-03-13,YT,Mayotte,,42.0,36745,0.0,187
2022-03-20,YT,Mayotte,,0.0,36745,0.0,187
2022-03-27,YT,Mayotte,,94.0,36839,0.0,187
2022-04-03,YT,Mayotte,,0.0,36839,0.0,187
2022-04-10,YT,Mayotte,,119.0,36958,0.0,187
2022-04-17,YT,Mayotte,,80.0,37038,0.0,187
2022-04-24,YT,Mayotte,,0.0,37038,0.0,187
2022-05-01,YT,Mayotte,,325.0,37363,0.0,187
2022-05-08,YT,Mayotte,,0.0,37363,0.0,187
2022-05-15,YT,Mayotte,,0.0,37363,0.0,187
2022-05-22,YT,Mayotte,,160.0,37523,0.0,187
2022-05-29,YT,Mayotte,,0.0,37523,0.0,187
2022-06-05,YT,Mayotte,,134.0,37657,0.0,187
2022-06-12,YT,Mayotte,,94.0,37751,0.0,187
2022-06-19,YT,Mayotte,,69.0,37820,0.0,187
2022-06-26,YT,Mayotte,,57.0,37877,0.0,187
2022-07-03,YT,Mayotte,,81.0,37958,0.0,187
2022-07-10,YT,Mayotte,,181.0,38139,0.0,187
2022-07-17,YT,Mayotte,,262.0,38401,0.0,187
2022-07-24,YT,Mayotte,,245.0,38646,0.0,187
2022-07-31,YT,Mayotte,,313.0,38959,0.0,187
2022-08-07,YT,Mayotte,,433.0,39392,0.0,187
2022-08-14,YT,Mayotte,,312.0,39704,0.0,187
2022-08-21,YT,Mayotte,,191.0,39895,0.0,187
2022-08-28,YT,Mayotte,,109.0,40004,0.0,187
2022-09-04,YT,Mayotte,,91.0,40095,0.0,187
2022-09-11,YT,Mayotte,,66.0,40161,0.0,187
2022-09-18,YT,Mayotte,,43.0,40204,0.0,187
2022-09-25,YT,Mayotte,,39.0,40243,0.0,187
2022-10-02,YT,Mayotte,,18.0,40261,0.0,187
2022-10-09,YT,Mayotte,,16.0,40277,0.0,187
2022-10-16,YT,Mayotte,,20.0,40297,0.0,187
2022-10-23,YT,Mayotte,,23.0,40320,0.0,187
2022-10-30,YT,Mayotte,,0.0,40320,0.0,187
2022-11-06,YT,Mayotte,,19.0,40339,0.0,187
2022-11-13,YT,Mayotte,,76.0,40415,0.0,187
2022-11-20,YT,Mayotte,,197.0,40612,0.0,187
2022-11-27,YT,Mayotte,,594.0,41206,0.0,187
2022-12-04,YT,Mayotte,,473.0,41679,0.0,187
2022-12-11,YT,Mayotte,,174.0,41853,0.0,187
2022-12-18,YT,Mayotte,,68.0,41921,0.0,187
2022-12-25,YT,Mayotte,,48.0,41969,0.0,187
2023-01-01,YT,Mayotte,,24.0,41993,0.0,187
2023-01-08,YT,Mayotte,,9.0,42002,0.0,187
2023-01-15,YT,Mayotte,,0.0,42002,0.0,187
2023-01-22,YT,Mayotte,,0.0,42002,0.0,187
2023-01-29,YT,Mayotte,,0.0,42002,0.0,187
2023-02-05,YT,Mayotte,,0.0,42002,0.0,187
2023-02-12,YT,Mayotte,,2.0,42004,0.0,187
2023-02-19,YT,Mayotte,,0.0,42004,0.0,187
2023-02-26,YT,Mayotte,,0.0,42004,0.0,187
2023-03-05,YT,Mayotte,,0.0,42004,0.0,187
2023-03-12,YT,Mayotte,,0.0,42004,0.0,187
2023-03-19,YT,Mayotte,,0.0,42004,0.0,187
2023-03-26,YT,Mayotte,,3.0,42007,0.0,187
2023-04-02,YT,Mayotte,,1.0,42008,0.0,187
2023-04-09,YT,Mayotte,,0.0,42008,0.0,187
2023-04-16,YT,Mayotte,,19.0,42027,0.0,187
2023-04-23,YT,Mayotte,,0.0,42027,0.0,187
2023-04-30,YT,Mayotte,,0.0,42027,0.0,187
2023-05-07,YT,Mayotte,,0.0,42027,0.0,187
2023-05-14,YT,Mayotte,,0.0,42027,0.0,187
2023-05-21,YT,Mayotte,,0.0,42027,0.0,187
2023-05-28,YT,Mayotte,,0.0,42027,0.0,187
2023-06-04,YT,Mayotte,,0.0,42027,0.0,187
2023-06-11,YT,Mayotte,,0.0,42027,0.0,187
2023-06-18,YT,Mayotte,,0.0,42027,0.0,187
2023-06-25,YT,Mayotte,,0.0,42027,0.0,187
2023-07-02,YT,Mayotte,,0.0,42027,0.0,187
2023-07-09,YT,Mayotte,,0.0,42027,0.0,187
2023-07-16,YT,Mayotte,,0.0,42027,0.0,187
2023-07-23,YT,Mayotte,,0.0,42027,0.0,187
2023-07-30,YT,Mayotte,,0.0,42027,0.0,187
2023-08-06,YT,Mayotte,,0.0,42027,0.0,187
2023-08-13,YT,Mayotte,,0.0,42027,0.0,187
2023-08-20,YT,Mayotte,,0.0,42027,0.0,187
2023-08-27,YT,Mayotte,,0.0,42027,0.0,187
2023-09-03,YT,Mayotte,,0.0,42027,0.0,187
2023-09-10,YT,Mayotte,,0.0,42027,0.0,187
2023-09-17,YT,Mayotte,,0.0,42027,0.0,187
2023-09-24,YT,Mayotte,,0.0,42027,0.0,187
2023-10-01,YT,Mayotte,,0.0,42027,0.0,187
2023-10-08,YT,Mayotte,,0.0,42027,0.0,187
2023-10-15,YT,Mayotte,,0.0,42027,0.0,187
2023-10-22,YT,Mayotte,,0.0,42027,0.0,187
2023-10-29,YT,Mayotte,,0.0,42027,0.0,187
2023-11-05,YT,Mayotte,,0.0,42027,0.0,187
2023-11-12,YT,Mayotte,,0.0,42027,0.0,187
2023-11-19,YT,Mayotte,,0.0,42027,0.0,187
2023-11-26,YT,Mayotte,,0.0,42027,0.0,187
2023-12-03,YT,Mayotte,,0.0,42027,0.0,187
2023-12-10,YT,Mayotte,,0.0,42027,0.0,187
2023-12-17,YT,Mayotte,,0.0,42027,0.0,187
2023-12-24,YT,Mayotte,,0.0,42027,0.0,187
2023-12-31,YT,Mayotte,,0.0,42027,0.0,187
2024-01-07,YT,Mayotte,,0.0,42027,0.0,187
2024-01-14,YT,Mayotte,,0.0,42027,0.0,187
2024-01-21,YT,Mayotte,,0.0,42027,0.0,187
2024-01-28,YT,Mayotte,,0.0,42027,0.0,187
2024-02-04,YT,Mayotte,,0.0,42027,0.0,187
2024-02-11,YT,Mayotte,,0.0,42027,0.0,187
2024-02-18,YT,Mayotte,,0.0,42027,0.0,187
2024-02-25,YT,Mayotte,,0.0,42027,0.0,187
2024-03-03,YT,Mayotte,,0.0,42027,0.0,187
2024-03-10,YT,Mayotte,,0.0,42027,0.0,187
2024-03-17,YT,Mayotte,,0.0,42027,0.0,187
2024-03-24,YT,Mayotte,,0.0,42027,0.0,187
2024-03-31,YT,Mayotte,,0.0,42027,0.0,187
2024-04-07,YT,Mayotte,,0.0,42027,0.0,187
2024-04-14,YT,Mayotte,,0.0,42027,0.0,187
2024-04-21,YT,Mayotte,,0.0,42027,0.0,187
2024-04-28,YT,Mayotte,,0.0,42027,0.0,187
