Date_reported,Country_code,Country,WHO_region,New_cases,Cumulative_cases,New_deaths,Cumulative_deaths
2020-01-05,ZM,Zambia,AFRO,0.0,0,0.0,0
2020-01-12,ZM,Zambia,AFRO,0.0,0,0.0,0
2020-01-19,ZM,Zambia,AFRO,0.0,0,0.0,0
2020-01-26,ZM,Zambia,AFRO,0.0,0,0.0,0
2020-02-02,ZM,Zambia,AFRO,0.0,0,0.0,0
2020-02-09,ZM,Zambia,AFRO,0.0,0,0.0,0
2020-02-16,ZM,Zambia,AFRO,0.0,0,0.0,0
2020-02-23,ZM,Zambia,AFRO,0.0,0,0.0,0
2020-03-01,ZM,Zambia,AFRO,0.0,0,0.0,0
2020-03-08,ZM,Zambia,AFRO,0.0,0,0.0,0
2020-03-15,ZM,Zambia,AFRO,0.0,0,0.0,0
2020-03-22,ZM,Zambia,AFRO,2.0,2,0.0,0
2020-03-29,ZM,Zambia,AFRO,26.0,28,0.0,0
2020-04-05,ZM,Zambia,AFRO,11.0,39,3.0,3
2020-04-12,ZM,Zambia,AFRO,1.0,40,1.0,4
2020-04-19,ZM,Zambia,AFRO,17.0,57,0.0,4
2020-04-26,ZM,Zambia,AFRO,27.0,84,1.0,5
2020-05-03,ZM,Zambia,AFRO,35.0,119,0.0,5
2020-05-10,ZM,Zambia,AFRO,133.0,252,4.0,9
2020-05-17,ZM,Zambia,AFRO,427.0,679,0.0,9
2020-05-24,ZM,Zambia,AFRO,241.0,920,0.0,9
2020-05-31,ZM,Zambia,AFRO,137.0,1057,0.0,9
2020-06-07,ZM,Zambia,AFRO,97.0,1154,0.0,9
2020-06-14,ZM,Zambia,AFRO,203.0,1357,0.0,9
2020-06-21,ZM,Zambia,AFRO,81.0,1438,1.0,10
2020-06-28,ZM,Zambia,AFRO,107.0,1545,14.0,24
2020-07-05,ZM,Zambia,AFRO,237.0,1782,14.0,38
2020-07-12,ZM,Zambia,AFRO,352.0,2134,21.0,59
2020-07-19,ZM,Zambia,AFRO,846.0,2980,62.0,121
2020-07-26,ZM,Zambia,AFRO,1348.0,4328,19.0,140
2020-08-02,ZM,Zambia,AFRO,1900.0,6228,26.0,166
2020-08-09,ZM,Zambia,AFRO,1675.0,7903,38.0,204
2020-08-16,ZM,Zambia,AFRO,1283.0,9186,57.0,261
2020-08-23,ZM,Zambia,AFRO,1645.0,10831,19.0,280
2020-08-30,ZM,Zambia,AFRO,1071.0,11902,5.0,285
2020-09-06,ZM,Zambia,AFRO,807.0,12709,8.0,293
2020-09-13,ZM,Zambia,AFRO,757.0,13466,20.0,313
2020-09-20,ZM,Zambia,AFRO,604.0,14070,18.0,331
2020-09-27,ZM,Zambia,AFRO,542.0,14612,2.0,333
2020-10-04,ZM,Zambia,AFRO,362.0,14974,1.0,334
2020-10-11,ZM,Zambia,AFRO,441.0,15415,3.0,337
2020-10-18,ZM,Zambia,AFRO,374.0,15789,9.0,346
2020-10-25,ZM,Zambia,AFRO,328.0,16117,2.0,348
2020-11-01,ZM,Zambia,AFRO,315.0,16432,1.0,349
2020-11-08,ZM,Zambia,AFRO,476.0,16908,0.0,349
2020-11-15,ZM,Zambia,AFRO,189.0,17097,1.0,350
2020-11-22,ZM,Zambia,AFRO,297.0,17394,6.0,356
2020-11-29,ZM,Zambia,AFRO,195.0,17589,1.0,357
2020-12-06,ZM,Zambia,AFRO,309.0,17898,7.0,364
2020-12-13,ZM,Zambia,AFRO,319.0,18217,2.0,366
2020-12-20,ZM,Zambia,AFRO,403.0,18620,7.0,373
2020-12-27,ZM,Zambia,AFRO,1051.0,19671,9.0,382
2021-01-03,ZM,Zambia,AFRO,1559.0,21230,10.0,392
2021-01-10,ZM,Zambia,AFRO,5337.0,26567,72.0,464
2021-01-17,ZM,Zambia,AFRO,9507.0,36074,73.0,537
2021-01-24,ZM,Zambia,AFRO,8518.0,44592,90.0,627
2021-01-31,ZM,Zambia,AFRO,8760.0,53352,118.0,745
2021-02-07,ZM,Zambia,AFRO,8075.0,61427,94.0,839
2021-02-14,ZM,Zambia,AFRO,7027.0,68454,101.0,940
2021-02-21,ZM,Zambia,AFRO,5440.0,73894,76.0,1016
2021-02-28,ZM,Zambia,AFRO,4308.0,78202,65.0,1081
2021-03-07,ZM,Zambia,AFRO,3809.0,82011,35.0,1116
2021-03-14,ZM,Zambia,AFRO,2463.0,84474,37.0,1153
2021-03-21,ZM,Zambia,AFRO,1799.0,86273,25.0,1178
2021-03-28,ZM,Zambia,AFRO,1454.0,87727,20.0,1198
2021-04-04,ZM,Zambia,AFRO,1073.0,88800,17.0,1215
2021-04-11,ZM,Zambia,AFRO,1118.0,89918,11.0,1226
2021-04-18,ZM,Zambia,AFRO,926.0,90844,8.0,1234
2021-04-25,ZM,Zambia,AFRO,473.0,91317,11.0,1245
2021-05-02,ZM,Zambia,AFRO,353.0,91670,6.0,1251
2021-05-09,ZM,Zambia,AFRO,387.0,92057,6.0,1257
2021-05-16,ZM,Zambia,AFRO,352.0,92409,3.0,1260
2021-05-23,ZM,Zambia,AFRO,697.0,93106,7.0,1267
2021-05-30,ZM,Zambia,AFRO,1645.0,94751,9.0,1276
2021-06-06,ZM,Zambia,AFRO,4789.0,99540,27.0,1303
2021-06-13,ZM,Zambia,AFRO,10792.0,110332,62.0,1365
2021-06-20,ZM,Zambia,AFRO,16641.0,126973,230.0,1595
2021-06-27,ZM,Zambia,AFRO,19058.0,146031,372.0,1967
2021-07-04,ZM,Zambia,AFRO,16456.0,162487,430.0,2397
2021-07-11,ZM,Zambia,AFRO,12302.0,174789,378.0,2775
2021-07-18,ZM,Zambia,AFRO,9883.0,184672,277.0,3052
2021-07-25,ZM,Zambia,AFRO,6855.0,191527,198.0,3250
2021-08-01,ZM,Zambia,AFRO,4289.0,195816,139.0,3389
2021-08-08,ZM,Zambia,AFRO,3846.0,199662,85.0,3474
2021-08-15,ZM,Zambia,AFRO,2416.0,202078,47.0,3521
2021-08-22,ZM,Zambia,AFRO,2259.0,204337,52.0,3573
2021-08-29,ZM,Zambia,AFRO,1556.0,205893,18.0,3591
2021-09-05,ZM,Zambia,AFRO,1135.0,207028,23.0,3614
2021-09-12,ZM,Zambia,AFRO,808.0,207836,15.0,3629
2021-09-19,ZM,Zambia,AFRO,586.0,208422,9.0,3638
2021-09-26,ZM,Zambia,AFRO,407.0,208829,7.0,3645
2021-10-03,ZM,Zambia,AFRO,313.0,209142,4.0,3649
2021-10-10,ZM,Zambia,AFRO,194.0,209336,4.0,3653
2021-10-17,ZM,Zambia,AFRO,169.0,209505,5.0,3658
2021-10-24,ZM,Zambia,AFRO,124.0,209629,1.0,3659
2021-10-31,ZM,Zambia,AFRO,93.0,209722,2.0,3661
2021-11-07,ZM,Zambia,AFRO,147.0,209869,2.0,3663
2021-11-14,ZM,Zambia,AFRO,102.0,209971,1.0,3664
2021-11-21,ZM,Zambia,AFRO,86.0,210057,3.0,3667
2021-11-28,ZM,Zambia,AFRO,81.0,210138,0.0,3667
2021-12-05,ZM,Zambia,AFRO,156.0,210294,0.0,3667
2021-12-12,ZM,Zambia,AFRO,665.0,210959,2.0,3669
2021-12-19,ZM,Zambia,AFRO,4513.0,215472,9.0,3678
2021-12-26,ZM,Zambia,AFRO,16109.0,231581,19.0,3697
2022-01-02,ZM,Zambia,AFRO,26367.0,257948,43.0,3740
2022-01-09,ZM,Zambia,AFRO,23628.0,281576,58.0,3798
2022-01-16,ZM,Zambia,AFRO,13452.0,295028,54.0,3852
2022-01-23,ZM,Zambia,AFRO,6175.0,301203,38.0,3890
2022-01-30,ZM,Zambia,AFRO,3453.0,304656,24.0,3914
2022-02-06,ZM,Zambia,AFRO,2121.0,306777,16.0,3930
2022-02-13,ZM,Zambia,AFRO,2516.0,309293,7.0,3937
2022-02-20,ZM,Zambia,AFRO,1723.0,311016,6.0,3943
2022-02-27,ZM,Zambia,AFRO,1595.0,312611,8.0,3951
2022-03-06,ZM,Zambia,AFRO,1133.0,313744,7.0,3958
2022-03-13,ZM,Zambia,AFRO,1404.0,315148,2.0,3960
2022-03-20,ZM,Zambia,AFRO,744.0,315892,3.0,3963
2022-03-27,ZM,Zambia,AFRO,609.0,316501,3.0,3966
2022-04-03,ZM,Zambia,AFRO,530.0,317031,1.0,3967
2022-04-10,ZM,Zambia,AFRO,452.0,317483,0.0,3967
2022-04-17,ZM,Zambia,AFRO,984.0,318467,6.0,3973
2022-04-24,ZM,Zambia,AFRO,517.0,318984,1.0,3974
2022-05-01,ZM,Zambia,AFRO,610.0,319594,2.0,3976
2022-05-08,ZM,Zambia,AFRO,442.0,320036,4.0,3980
2022-05-15,ZM,Zambia,AFRO,445.0,320481,3.0,3983
2022-05-22,ZM,Zambia,AFRO,568.0,321049,1.0,3984
2022-05-29,ZM,Zambia,AFRO,454.0,321503,1.0,3985
2022-06-05,ZM,Zambia,AFRO,786.0,322289,4.0,3989
2022-06-12,ZM,Zambia,AFRO,630.0,322919,0.0,3989
2022-06-19,ZM,Zambia,AFRO,1106.0,324025,3.0,3992
2022-06-26,ZM,Zambia,AFRO,1223.0,325248,11.0,4003
2022-07-03,ZM,Zambia,AFRO,100.0,325348,0.0,4003
2022-07-10,ZM,Zambia,AFRO,1446.0,326794,5.0,4008
2022-07-17,ZM,Zambia,AFRO,1200.0,327994,1.0,4009
2022-07-24,ZM,Zambia,AFRO,556.0,328550,4.0,4013
2022-07-31,ZM,Zambia,AFRO,933.0,329483,2.0,4015
2022-08-07,ZM,Zambia,AFRO,1026.0,330509,0.0,4015
2022-08-14,ZM,Zambia,AFRO,1505.0,332014,1.0,4016
2022-08-21,ZM,Zambia,AFRO,250.0,332264,0.0,4016
2022-08-28,ZM,Zambia,AFRO,263.0,332527,0.0,4016
2022-09-04,ZM,Zambia,AFRO,295.0,332822,0.0,4016
2022-09-11,ZM,Zambia,AFRO,0.0,332822,0.0,4016
2022-09-18,ZM,Zambia,AFRO,407.0,333229,1.0,4017
2022-09-25,ZM,Zambia,AFRO,158.0,333387,0.0,4017
2022-10-02,ZM,Zambia,AFRO,162.0,333549,0.0,4017
2022-10-09,ZM,Zambia,AFRO,6.0,333555,0.0,4017
2022-10-16,ZM,Zambia,AFRO,69.0,333624,0.0,4017
2022-10-23,ZM,Zambia,AFRO,20.0,333644,0.0,4017
2022-10-30,ZM,Zambia,AFRO,25.0,333669,0.0,4017
2022-11-06,ZM,Zambia,AFRO,16.0,333685,0.0,4017
2022-11-13,ZM,Zambia,AFRO,0.0,333685,0.0,4017
2022-11-20,ZM,Zambia,AFRO,1.0,333686,0.0,4017
2022-11-27,ZM,Zambia,AFRO,35.0,333721,2.0,4019
2022-12-04,ZM,Zambia,AFRO,25.0,333746,0.0,4019
2022-12-11,ZM,Zambia,AFRO,0.0,333746,0.0,4019
2022-12-18,ZM,Zambia,AFRO,0.0,333746,0.0,4019
2022-12-25,ZM,Zambia,AFRO,320.0,334066,3.0,4022
2023-01-01,ZM,Zambia,AFRO,512.0,334578,2.0,4024
2023-01-08,ZM,Zambia,AFRO,0.0,334578,0.0,4024
2023-01-15,ZM,Zambia,AFRO,2062.0,336640,10.0,4034
2023-01-22,ZM,Zambia,AFRO,1140.0,337780,3.0,4037
2023-01-29,ZM,Zambia,AFRO,1963.0,339743,4.0,4041
2023-02-05,ZM,Zambia,AFRO,1201.0,340944,7.0,4048
2023-02-12,ZM,Zambia,AFRO,746.0,341690,1.0,4049
2023-02-19,ZM,Zambia,AFRO,627.0,342317,2.0,4051
2023-02-26,ZM,Zambia,AFRO,390.0,342707,3.0,4054
2023-03-05,ZM,Zambia,AFRO,247.0,342954,3.0,4057
2023-03-12,ZM,Zambia,AFRO,181.0,343135,0.0,4057
2023-03-19,ZM,Zambia,AFRO,115.0,343250,0.0,4057
2023-03-26,ZM,Zambia,AFRO,165.0,343415,0.0,4057
2023-04-02,ZM,Zambia,AFRO,151.0,343566,0.0,4057
2023-04-09,ZM,Zambia,AFRO,187.0,343753,1.0,4058
2023-04-16,ZM,Zambia,AFRO,50.0,343803,0.0,4058
2023-04-23,ZM,Zambia,AFRO,0.0,343803,0.0,4058
2023-04-30,ZM,Zambia,AFRO,107.0,343910,0.0,4058
2023-05-07,ZM,Zambia,AFRO,1.0,343911,0.0,4058
2023-05-14,ZM,Zambia,AFRO,84.0,343995,0.0,4058
2023-05-21,ZM,Zambia,AFRO,0.0,343995,0.0,4058
2023-05-28,ZM,Zambia,AFRO,0.0,343995,0.0,4058
2023-06-04,ZM,Zambia,AFRO,1063.0,345058,0.0,4058
2023-06-11,ZM,Zambia,AFRO,0.0,345058,0.0,4058
2023-06-18,ZM,Zambia,AFRO,903.0,345961,2.0,4060
2023-06-25,ZM,Zambia,AFRO,1061.0,347022,2.0,4062
2023-07-02,ZM,Zambia,AFRO,530.0,347552,1.0,4063
2023-07-09,ZM,Zambia,AFRO,1007.0,348559,1.0,4064
2023-07-16,ZM,Zambia,AFRO,450.0,349009,4.0,4068
2023-07-23,ZM,Zambia,AFRO,278.0,349287,1.0,4069
2023-07-30,ZM,Zambia,AFRO,0.0,349287,0.0,4069
2023-08-06,ZM,Zambia,AFRO,0.0,349287,0.0,4069
2023-08-13,ZM,Zambia,AFRO,0.0,349287,0.0,4069
2023-08-20,ZM,Zambia,AFRO,0.0,349287,0.0,4069
2023-08-27,ZM,Zambia,AFRO,0.0,349287,0.0,4069
2023-09-03,ZM,Zambia,AFRO,0.0,349287,0.0,4069
2023-09-10,ZM,Zambia,AFRO,0.0,349287,0.0,4069
2023-09-17,ZM,Zambia,AFRO,0.0,349287,0.0,4069
2023-09-24,ZM,Zambia,AFRO,0.0,349287,0.0,4069
2023-10-01,ZM,Zambia,AFRO,0.0,349287,0.0,4069
2023-10-08,ZM,Zambia,AFRO,1.0,349288,0.0,4069
2023-10-15,ZM,Zambia,AFRO,3.0,349291,0.0,4069
2023-10-22,ZM,Zambia,AFRO,3.0,349294,0.0,4069
2023-10-29,ZM,Zambia,AFRO,3.0,349297,0.0,4069
2023-11-05,ZM,Zambia,AFRO,4.0,349301,0.0,4069
2023-11-12,ZM,Zambia,AFRO,0.0,349301,0.0,4069
2023-11-19,ZM,Zambia,AFRO,1.0,349302,0.0,4069
2023-11-26,ZM,Zambia,AFRO,0.0,349302,0.0,4069
2023-12-03,ZM,Zambia,AFRO,2.0,349304,0.0,4069
2023-12-10,ZM,Zambia,AFRO,0.0,349304,0.0,4069
2023-12-17,ZM,Zambia,AFRO,0.0,349304,0.0,4069
2023-12-24,ZM,Zambia,AFRO,0.0,349304,0.0,4069
2023-12-31,ZM,Zambia,AFRO,0.0,349304,0.0,4069
2024-01-07,ZM,Zambia,AFRO,0.0,349304,0.0,4069
2024-01-14,ZM,Zambia,AFRO,0.0,349304,0.0,4069
2024-01-21,ZM,Zambia,AFRO,0.0,349304,0.0,4069
2024-01-28,ZM,Zambia,AFRO,0.0,349304,0.0,4069
2024-02-04,ZM,Zambia,AFRO,0.0,349304,0.0,4069
2024-02-11,ZM,Zambia,AFRO,0.0,349304,0.0,4069
2024-02-18,ZM,Zambia,AFRO,0.0,349304,0.0,4069
2024-02-25,ZM,Zambia,AFRO,0.0,349304,0.0,4069
2024-03-03,ZM,Zambia,AFRO,0.0,349304,0.0,4069
2024-03-10,ZM,Zambia,AFRO,0.0,349304,0.0,4069
2024-03-17,ZM,Zambia,AFRO,100.0,349404,0.0,4069
2024-03-24,ZM,Zambia,AFRO,99.0,349503,0.0,4069
2024-03-31,ZM,Zambia,AFRO,55.0,349558,0.0,4069
2024-04-07,ZM,Zambia,AFRO,31.0,349589,0.0,4069
2024-04-14,ZM,Zambia,AFRO,27.0,349616,0.0,4069
2024-04-21,ZM,Zambia,AFRO,9.0,349625,0.0,4069
2024-04-28,ZM,Zambia,AFRO,4.0,349629,0.0,4069
