Date_reported,Country_code,Country,WHO_region,New_cases,Cumulative_cases,New_deaths,Cumulative_deaths
2020-03-15,AG,Antigua and Barbuda,AMRO,1.0,1,0.0,0
2020-03-22,AG,Antigua and Barbuda,AMRO,0.0,1,0.0,0
2020-03-29,AG,Antigua and Barbuda,AMRO,6.0,7,0.0,0
2020-04-05,AG,Antigua and Barbuda,AMRO,0.0,7,0.0,0
2020-04-12,AG,Antigua and Barbuda,AMRO,14.0,21,2.0,2
2020-04-19,AG,Antigua and Barbuda,AMRO,2.0,23,0.0,2
2020-04-26,AG,Antigua and Barbuda,AMRO,1.0,24,1.0,3
2020-05-03,AG,Antigua and Barbuda,AMRO,0.0,24,0.0,3
2020-05-10,AG,Antigua and Barbuda,AMRO,1.0,25,0.0,3
2020-05-17,AG,Antigua and Barbuda,AMRO,0.0,25,0.0,3
2020-05-24,AG,Antigua and Barbuda,AMRO,0.0,25,0.0,3
2020-05-31,AG,Antigua and Barbuda,AMRO,0.0,25,0.0,3
2020-06-07,AG,Antigua and Barbuda,AMRO,0.0,25,0.0,3
2020-06-14,AG,Antigua and Barbuda,AMRO,1.0,26,0.0,3
2020-06-21,AG,Antigua and Barbuda,AMRO,0.0,26,0.0,3
2020-06-28,AG,Antigua and Barbuda,AMRO,39.0,65,0.0,3
2020-07-05,AG,Antigua and Barbuda,AMRO,3.0,68,0.0,3
2020-07-12,AG,Antigua and Barbuda,AMRO,6.0,74,0.0,3
2020-07-19,AG,Antigua and Barbuda,AMRO,2.0,76,0.0,3
2020-07-26,AG,Antigua and Barbuda,AMRO,6.0,82,0.0,3
2020-08-02,AG,Antigua and Barbuda,AMRO,9.0,91,0.0,3
2020-08-09,AG,Antigua and Barbuda,AMRO,1.0,92,0.0,3
2020-08-16,AG,Antigua and Barbuda,AMRO,1.0,93,0.0,3
2020-08-23,AG,Antigua and Barbuda,AMRO,1.0,94,0.0,3
2020-08-30,AG,Antigua and Barbuda,AMRO,0.0,94,0.0,3
2020-09-06,AG,Antigua and Barbuda,AMRO,1.0,95,0.0,3
2020-09-13,AG,Antigua and Barbuda,AMRO,0.0,95,0.0,3
2020-09-20,AG,Antigua and Barbuda,AMRO,0.0,95,0.0,3
2020-09-27,AG,Antigua and Barbuda,AMRO,3.0,98,0.0,3
2020-10-04,AG,Antigua and Barbuda,AMRO,8.0,106,0.0,3
2020-10-11,AG,Antigua and Barbuda,AMRO,5.0,111,0.0,3
2020-10-18,AG,Antigua and Barbuda,AMRO,2.0,113,0.0,3
2020-10-25,AG,Antigua and Barbuda,AMRO,9.0,122,0.0,3
2020-11-01,AG,Antigua and Barbuda,AMRO,5.0,127,0.0,3
2020-11-08,AG,Antigua and Barbuda,AMRO,3.0,130,0.0,3
2020-11-15,AG,Antigua and Barbuda,AMRO,3.0,133,1.0,4
2020-11-22,AG,Antigua and Barbuda,AMRO,6.0,139,0.0,4
2020-11-29,AG,Antigua and Barbuda,AMRO,2.0,141,0.0,4
2020-12-06,AG,Antigua and Barbuda,AMRO,3.0,144,0.0,4
2020-12-13,AG,Antigua and Barbuda,AMRO,3.0,147,0.0,4
2020-12-20,AG,Antigua and Barbuda,AMRO,5.0,152,1.0,5
2020-12-27,AG,Antigua and Barbuda,AMRO,3.0,155,0.0,5
2021-01-03,AG,Antigua and Barbuda,AMRO,4.0,159,0.0,5
2021-01-10,AG,Antigua and Barbuda,AMRO,10.0,169,0.0,5
2021-01-17,AG,Antigua and Barbuda,AMRO,18.0,187,1.0,6
2021-01-24,AG,Antigua and Barbuda,AMRO,8.0,195,0.0,6
2021-01-31,AG,Antigua and Barbuda,AMRO,23.0,218,1.0,7
2021-02-07,AG,Antigua and Barbuda,AMRO,59.0,277,0.0,7
2021-02-14,AG,Antigua and Barbuda,AMRO,150.0,427,2.0,9
2021-02-21,AG,Antigua and Barbuda,AMRO,171.0,598,2.0,11
2021-02-28,AG,Antigua and Barbuda,AMRO,128.0,726,3.0,14
2021-03-07,AG,Antigua and Barbuda,AMRO,87.0,813,7.0,21
2021-03-14,AG,Antigua and Barbuda,AMRO,149.0,962,6.0,27
2021-03-21,AG,Antigua and Barbuda,AMRO,71.0,1033,1.0,28
2021-03-28,AG,Antigua and Barbuda,AMRO,89.0,1122,0.0,28
2021-04-04,AG,Antigua and Barbuda,AMRO,48.0,1170,0.0,28
2021-04-11,AG,Antigua and Barbuda,AMRO,12.0,1182,2.0,30
2021-04-18,AG,Antigua and Barbuda,AMRO,31.0,1213,1.0,31
2021-04-25,AG,Antigua and Barbuda,AMRO,14.0,1227,0.0,31
2021-05-02,AG,Antigua and Barbuda,AMRO,2.0,1229,1.0,32
2021-05-09,AG,Antigua and Barbuda,AMRO,8.0,1237,0.0,32
2021-05-16,AG,Antigua and Barbuda,AMRO,14.0,1251,10.0,42
2021-05-23,AG,Antigua and Barbuda,AMRO,4.0,1255,0.0,42
2021-05-30,AG,Antigua and Barbuda,AMRO,4.0,1259,0.0,42
2021-06-06,AG,Antigua and Barbuda,AMRO,4.0,1263,0.0,42
2021-06-13,AG,Antigua and Barbuda,AMRO,0.0,1263,0.0,42
2021-06-20,AG,Antigua and Barbuda,AMRO,0.0,1263,0.0,42
2021-06-27,AG,Antigua and Barbuda,AMRO,0.0,1263,0.0,42
2021-07-04,AG,Antigua and Barbuda,AMRO,1.0,1264,0.0,42
2021-07-11,AG,Antigua and Barbuda,AMRO,2.0,1266,0.0,42
2021-07-18,AG,Antigua and Barbuda,AMRO,2.0,1268,0.0,42
2021-07-25,AG,Antigua and Barbuda,AMRO,12.0,1280,1.0,43
2021-08-01,AG,Antigua and Barbuda,AMRO,23.0,1303,0.0,43
2021-08-08,AG,Antigua and Barbuda,AMRO,25.0,1328,0.0,43
2021-08-15,AG,Antigua and Barbuda,AMRO,44.0,1372,0.0,43
2021-08-22,AG,Antigua and Barbuda,AMRO,118.0,1490,0.0,43
2021-08-29,AG,Antigua and Barbuda,AMRO,148.0,1638,0.0,43
2021-09-05,AG,Antigua and Barbuda,AMRO,121.0,1759,3.0,46
2021-09-12,AG,Antigua and Barbuda,AMRO,394.0,2153,2.0,48
2021-09-19,AG,Antigua and Barbuda,AMRO,450.0,2603,7.0,55
2021-09-26,AG,Antigua and Barbuda,AMRO,299.0,2902,9.0,64
2021-10-03,AG,Antigua and Barbuda,AMRO,501.0,3403,20.0,84
2021-10-10,AG,Antigua and Barbuda,AMRO,335.0,3738,7.0,91
2021-10-17,AG,Antigua and Barbuda,AMRO,150.0,3888,4.0,95
2021-10-24,AG,Antigua and Barbuda,AMRO,122.0,4010,4.0,99
2021-10-31,AG,Antigua and Barbuda,AMRO,30.0,4040,3.0,102
2021-11-07,AG,Antigua and Barbuda,AMRO,38.0,4078,2.0,104
2021-11-14,AG,Antigua and Barbuda,AMRO,40.0,4118,3.0,107
2021-11-21,AG,Antigua and Barbuda,AMRO,15.0,4133,1.0,108
2021-11-28,AG,Antigua and Barbuda,AMRO,8.0,4141,9.0,117
2021-12-05,AG,Antigua and Barbuda,AMRO,6.0,4147,0.0,117
2021-12-12,AG,Antigua and Barbuda,AMRO,12.0,4159,0.0,117
2021-12-19,AG,Antigua and Barbuda,AMRO,39.0,4198,0.0,117
2021-12-26,AG,Antigua and Barbuda,AMRO,31.0,4229,1.0,118
2022-01-02,AG,Antigua and Barbuda,AMRO,182.0,4411,1.0,119
2022-01-09,AG,Antigua and Barbuda,AMRO,433.0,4844,0.0,119
2022-01-16,AG,Antigua and Barbuda,AMRO,477.0,5321,1.0,120
2022-01-23,AG,Antigua and Barbuda,AMRO,610.0,5931,2.0,122
2022-01-30,AG,Antigua and Barbuda,AMRO,627.0,6558,5.0,127
2022-02-06,AG,Antigua and Barbuda,AMRO,174.0,6732,0.0,127
2022-02-13,AG,Antigua and Barbuda,AMRO,599.0,7331,7.0,134
2022-02-20,AG,Antigua and Barbuda,AMRO,77.0,7408,1.0,135
2022-02-27,AG,Antigua and Barbuda,AMRO,29.0,7437,0.0,135
2022-03-06,AG,Antigua and Barbuda,AMRO,18.0,7455,0.0,135
2022-03-13,AG,Antigua and Barbuda,AMRO,11.0,7466,0.0,135
2022-03-20,AG,Antigua and Barbuda,AMRO,4.0,7470,0.0,135
2022-03-27,AG,Antigua and Barbuda,AMRO,12.0,7482,0.0,135
2022-04-03,AG,Antigua and Barbuda,AMRO,11.0,7493,0.0,135
2022-04-10,AG,Antigua and Barbuda,AMRO,18.0,7511,0.0,135
2022-04-17,AG,Antigua and Barbuda,AMRO,24.0,7535,0.0,135
2022-04-24,AG,Antigua and Barbuda,AMRO,36.0,7571,0.0,135
2022-05-01,AG,Antigua and Barbuda,AMRO,55.0,7626,1.0,136
2022-05-08,AG,Antigua and Barbuda,AMRO,37.0,7663,1.0,137
2022-05-15,AG,Antigua and Barbuda,AMRO,58.0,7721,0.0,137
2022-05-22,AG,Antigua and Barbuda,AMRO,221.0,7942,1.0,138
2022-05-29,AG,Antigua and Barbuda,AMRO,177.0,8119,0.0,138
2022-06-05,AG,Antigua and Barbuda,AMRO,213.0,8332,0.0,138
2022-06-12,AG,Antigua and Barbuda,AMRO,160.0,8492,2.0,140
2022-06-19,AG,Antigua and Barbuda,AMRO,89.0,8581,0.0,140
2022-06-26,AG,Antigua and Barbuda,AMRO,44.0,8625,1.0,141
2022-07-03,AG,Antigua and Barbuda,AMRO,31.0,8656,0.0,141
2022-07-10,AG,Antigua and Barbuda,AMRO,30.0,8686,2.0,143
2022-07-17,AG,Antigua and Barbuda,AMRO,18.0,8704,0.0,143
2022-07-24,AG,Antigua and Barbuda,AMRO,32.0,8736,1.0,144
2022-07-31,AG,Antigua and Barbuda,AMRO,37.0,8773,0.0,144
2022-08-07,AG,Antigua and Barbuda,AMRO,14.0,8787,0.0,144
2022-08-14,AG,Antigua and Barbuda,AMRO,33.0,8820,0.0,144
2022-08-21,AG,Antigua and Barbuda,AMRO,75.0,8895,0.0,144
2022-08-28,AG,Antigua and Barbuda,AMRO,54.0,8949,1.0,145
2022-09-04,AG,Antigua and Barbuda,AMRO,25.0,8974,0.0,145
2022-09-11,AG,Antigua and Barbuda,AMRO,0.0,8974,0.0,145
2022-09-18,AG,Antigua and Barbuda,AMRO,34.0,9008,0.0,145
2022-09-25,AG,Antigua and Barbuda,AMRO,81.0,9089,1.0,146
2022-10-02,AG,Antigua and Barbuda,AMRO,9.0,9098,0.0,146
2022-10-09,AG,Antigua and Barbuda,AMRO,8.0,9106,0.0,146
2022-10-16,AG,Antigua and Barbuda,AMRO,0.0,9106,0.0,146
2022-10-23,AG,Antigua and Barbuda,AMRO,0.0,9106,0.0,146
2022-10-30,AG,Antigua and Barbuda,AMRO,0.0,9106,0.0,146
2022-11-06,AG,Antigua and Barbuda,AMRO,0.0,9106,0.0,146
2022-11-13,AG,Antigua and Barbuda,AMRO,0.0,9106,0.0,146
2022-11-20,AG,Antigua and Barbuda,AMRO,0.0,9106,0.0,146
2022-11-27,AG,Antigua and Barbuda,AMRO,0.0,9106,0.0,146
2022-12-04,AG,Antigua and Barbuda,AMRO,0.0,9106,0.0,146
2022-12-11,AG,Antigua and Barbuda,AMRO,0.0,9106,0.0,146
2022-12-18,AG,Antigua and Barbuda,AMRO,0.0,9106,0.0,146
2022-12-25,AG,Antigua and Barbuda,AMRO,0.0,9106,0.0,146
2023-01-01,AG,Antigua and Barbuda,AMRO,0.0,9106,0.0,146
2023-01-08,AG,Antigua and Barbuda,AMRO,0.0,9106,0.0,146
2023-01-15,AG,Antigua and Barbuda,AMRO,0.0,9106,0.0,146
2023-01-22,AG,Antigua and Barbuda,AMRO,0.0,9106,0.0,146
2023-01-29,AG,Antigua and Barbuda,AMRO,0.0,9106,0.0,146
2023-02-05,AG,Antigua and Barbuda,AMRO,0.0,9106,0.0,146
2023-02-12,AG,Antigua and Barbuda,AMRO,0.0,9106,0.0,146
2023-02-19,AG,Antigua and Barbuda,AMRO,0.0,9106,0.0,146
2023-02-26,AG,Antigua and Barbuda,AMRO,0.0,9106,0.0,146
2023-03-05,AG,Antigua and Barbuda,AMRO,0.0,9106,0.0,146
2023-03-12,AG,Antigua and Barbuda,AMRO,0.0,9106,0.0,146
2023-03-19,AG,Antigua and Barbuda,AMRO,0.0,9106,0.0,146
2023-03-26,AG,Antigua and Barbuda,AMRO,0.0,9106,0.0,146
2023-04-02,AG,Antigua and Barbuda,AMRO,0.0,9106,0.0,146
2023-04-09,AG,Antigua and Barbuda,AMRO,0.0,9106,0.0,146
2023-04-16,AG,Antigua and Barbuda,AMRO,0.0,9106,0.0,146
2023-04-23,AG,Antigua and Barbuda,AMRO,0.0,9106,0.0,146
2023-04-30,AG,Antigua and Barbuda,AMRO,0.0,9106,0.0,146
2023-05-07,AG,Antigua and Barbuda,AMRO,0.0,9106,0.0,146
2023-05-14,AG,Antigua and Barbuda,AMRO,0.0,9106,0.0,146
2023-05-21,AG,Antigua and Barbuda,AMRO,0.0,9106,0.0,146
2023-05-28,AG,Antigua and Barbuda,AMRO,0.0,9106,0.0,146
2023-06-04,AG,Antigua and Barbuda,AMRO,0.0,9106,0.0,146
2023-06-11,AG,Antigua and Barbuda,AMRO,0.0,9106,0.0,146
2023-06-18,AG,Antigua and Barbuda,AMRO,0.0,9106,0.0,146
2023-06-25,AG,Antigua and Barbuda,AMRO,0.0,9106,0.0,146
2023-07-02,AG,Antigua and Barbuda,AMRO,0.0,9106,0.0,146
2023-07-09,AG,Antigua and Barbuda,AMRO,0.0,9106,0.0,146
2023-07-16,AG,Antigua and Barbuda,AMRO,0.0,9106,0.0,146
2023-07-23,AG,Antigua and Barbuda,AMRO,0.0,9106,0.0,146
2023-07-30,AG,Antigua and Barbuda,AMRO,0.0,9106,0.0,146
2023-08-06,AG,Antigua and Barbuda,AMRO,0.0,9106,0.0,146
2023-08-13,AG,Antigua and Barbuda,AMRO,0.0,9106,0.0,146
2023-08-20,AG,Antigua and Barbuda,AMRO,0.0,9106,0.0,146
2023-08-27,AG,Antigua and Barbuda,AMRO,0.0,9106,0.0,146
2023-09-03,AG,Antigua and Barbuda,AMRO,0.0,9106,0.0,146
2023-09-10,AG,Antigua and Barbuda,AMRO,0.0,9106,0.0,146
2023-09-17,AG,Antigua and Barbuda,AMRO,0.0,9106,0.0,146
2023-09-24,AG,Antigua and Barbuda,AMRO,0.0,9106,0.0,146
2023-10-01,AG,Antigua and Barbuda,AMRO,0.0,9106,0.0,146
2023-10-08,AG,Antigua and Barbuda,AMRO,0.0,9106,0.0,146
2023-10-15,AG,Antigua and Barbuda,AMRO,0.0,9106,0.0,146
2023-10-22,AG,Antigua and Barbuda,AMRO,0.0,9106,0.0,146
2023-10-29,AG,Antigua and Barbuda,AMRO,0.0,9106,0.0,146
2023-11-05,AG,Antigua and Barbuda,AMRO,0.0,9106,0.0,146
2023-11-12,AG,Antigua and Barbuda,AMRO,0.0,9106,0.0,146
2023-11-19,AG,Antigua and Barbuda,AMRO,0.0,9106,0.0,146
2023-11-26,AG,Antigua and Barbuda,AMRO,0.0,9106,0.0,146
2023-12-03,AG,Antigua and Barbuda,AMRO,0.0,9106,0.0,146
2023-12-10,AG,Antigua and Barbuda,AMRO,0.0,9106,0.0,146
2023-12-17,AG,Antigua and Barbuda,AMRO,0.0,9106,0.0,146
2023-12-24,AG,Antigua and Barbuda,AMRO,0.0,9106,0.0,146
2023-12-31,AG,Antigua and Barbuda,AMRO,0.0,9106,0.0,146
2024-01-07,AG,Antigua and Barbuda,AMRO,0.0,9106,0.0,146
2024-01-14,AG,Antigua and Barbuda,AMRO,0.0,9106,0.0,146
2024-01-21,AG,Antigua and Barbuda,AMRO,0.0,9106,0.0,146
2024-01-28,AG,Antigua and Barbuda,AMRO,0.0,9106,0.0,146
2024-02-04,AG,Antigua and Barbuda,AMRO,0.0,9106,0.0,146
2024-02-11,AG,Antigua and Barbuda,AMRO,0.0,9106,0.0,146
2024-02-18,AG,Antigua and Barbuda,AMRO,0.0,9106,0.0,146
2024-02-25,AG,Antigua and Barbuda,AMRO,0.0,9106,0.0,146
2024-03-03,AG,Antigua and Barbuda,AMRO,0.0,9106,0.0,146
2024-03-10,AG,Antigua and Barbuda,AMRO,0.0,9106,0.0,146
2024-03-17,AG,Antigua and Barbuda,AMRO,0.0,9106,0.0,146
2024-03-24,AG,Antigua and Barbuda,AMRO,0.0,9106,0.0,146
2024-03-31,AG,Antigua and Barbuda,AMRO,0.0,9106,0.0,146
2024-04-07,AG,Antigua and Barbuda,AMRO,0.0,9106,0.0,146
2024-04-14,AG,Antigua and Barbuda,AMRO,0.0,9106,0.0,146
2024-04-21,AG,Antigua and Barbuda,AMRO,0.0,9106,0.0,146
2024-04-28,AG,Antigua and Barbuda,AMRO,0.0,9106,0.0,146
