Date_reported,Country_code,Country,WHO_region,New_cases,Cumulative_cases,New_deaths,Cumulative_deaths
2020-03-29,AI,Anguilla,AMRO,2.0,2,0.0,0
2020-04-05,AI,Anguilla,AMRO,1.0,3,0.0,0
2020-04-12,AI,Anguilla,AMRO,0.0,3,0.0,0
2020-04-19,AI,Anguilla,AMRO,0.0,3,0.0,0
2020-04-26,AI,Anguilla,AMRO,0.0,3,0.0,0
2020-05-03,AI,Anguilla,AMRO,0.0,3,0.0,0
2020-05-10,AI,Anguilla,AMRO,0.0,3,0.0,0
2020-05-17,AI,Anguilla,AMRO,0.0,3,0.0,0
2020-05-24,AI,Anguilla,AMRO,0.0,3,0.0,0
2020-05-31,AI,Anguilla,AMRO,0.0,3,0.0,0
2020-06-07,AI,Anguilla,AMRO,0.0,3,0.0,0
2020-06-14,AI,Anguilla,AMRO,0.0,3,0.0,0
2020-06-21,AI,Anguilla,AMRO,0.0,3,0.0,0
2020-06-28,AI,Anguilla,AMRO,0.0,3,0.0,0
2020-07-05,AI,Anguilla,AMRO,0.0,3,0.0,0
2020-07-12,AI,Anguilla,AMRO,0.0,3,0.0,0
2020-07-19,AI,Anguilla,AMRO,0.0,3,0.0,0
2020-07-26,AI,Anguilla,AMRO,0.0,3,0.0,0
2020-08-02,AI,Anguilla,AMRO,0.0,3,0.0,0
2020-08-09,AI,Anguilla,AMRO,0.0,3,0.0,0
2020-08-16,AI,Anguilla,AMRO,0.0,3,0.0,0
2020-08-23,AI,Anguilla,AMRO,0.0,3,0.0,0
2020-08-30,AI,Anguilla,AMRO,0.0,3,0.0,0
2020-09-06,AI,Anguilla,AMRO,0.0,3,0.0,0
2020-09-13,AI,Anguilla,AMRO,0.0,3,0.0,0
2020-09-20,AI,Anguilla,AMRO,0.0,3,0.0,0
2020-09-27,AI,Anguilla,AMRO,0.0,3,0.0,0
2020-10-04,AI,Anguilla,AMRO,0.0,3,0.0,0
2020-10-11,AI,Anguilla,AMRO,0.0,3,0.0,0
2020-10-18,AI,Anguilla,AMRO,0.0,3,0.0,0
2020-10-25,AI,Anguilla,AMRO,0.0,3,0.0,0
2020-11-01,AI,Anguilla,AMRO,0.0,3,0.0,0
2020-11-08,AI,Anguilla,AMRO,0.0,3,0.0,0
2020-11-15,AI,Anguilla,AMRO,0.0,3,0.0,0
2020-11-22,AI,Anguilla,AMRO,0.0,3,0.0,0
2020-11-29,AI,Anguilla,AMRO,1.0,4,0.0,0
2020-12-06,AI,Anguilla,AMRO,3.0,7,0.0,0
2020-12-13,AI,Anguilla,AMRO,3.0,10,0.0,0
2020-12-20,AI,Anguilla,AMRO,0.0,10,0.0,0
2020-12-27,AI,Anguilla,AMRO,2.0,12,0.0,0
2021-01-03,AI,Anguilla,AMRO,3.0,15,0.0,0
2021-01-10,AI,Anguilla,AMRO,0.0,15,0.0,0
2021-01-17,AI,Anguilla,AMRO,0.0,15,0.0,0
2021-01-24,AI,Anguilla,AMRO,0.0,15,0.0,0
2021-01-31,AI,Anguilla,AMRO,2.0,17,0.0,0
2021-02-07,AI,Anguilla,AMRO,0.0,17,0.0,0
2021-02-14,AI,Anguilla,AMRO,1.0,18,0.0,0
2021-02-21,AI,Anguilla,AMRO,0.0,18,0.0,0
2021-02-28,AI,Anguilla,AMRO,0.0,18,0.0,0
2021-03-07,AI,Anguilla,AMRO,0.0,18,0.0,0
2021-03-14,AI,Anguilla,AMRO,3.0,21,0.0,0
2021-03-21,AI,Anguilla,AMRO,1.0,22,0.0,0
2021-03-28,AI,Anguilla,AMRO,1.0,23,0.0,0
2021-04-04,AI,Anguilla,AMRO,2.0,25,0.0,0
2021-04-11,AI,Anguilla,AMRO,4.0,29,0.0,0
2021-04-18,AI,Anguilla,AMRO,0.0,29,0.0,0
2021-04-25,AI,Anguilla,AMRO,29.0,58,0.0,0
2021-05-02,AI,Anguilla,AMRO,35.0,93,0.0,0
2021-05-09,AI,Anguilla,AMRO,6.0,99,0.0,0
2021-05-16,AI,Anguilla,AMRO,10.0,109,0.0,0
2021-05-23,AI,Anguilla,AMRO,0.0,109,0.0,0
2021-05-30,AI,Anguilla,AMRO,0.0,109,0.0,0
2021-06-06,AI,Anguilla,AMRO,0.0,109,0.0,0
2021-06-13,AI,Anguilla,AMRO,0.0,109,0.0,0
2021-06-20,AI,Anguilla,AMRO,0.0,109,0.0,0
2021-06-27,AI,Anguilla,AMRO,0.0,109,0.0,0
2021-07-04,AI,Anguilla,AMRO,2.0,111,0.0,0
2021-07-11,AI,Anguilla,AMRO,0.0,111,0.0,0
2021-07-18,AI,Anguilla,AMRO,1.0,112,0.0,0
2021-07-25,AI,Anguilla,AMRO,1.0,113,0.0,0
2021-08-01,AI,Anguilla,AMRO,1.0,114,0.0,0
2021-08-08,AI,Anguilla,AMRO,0.0,114,0.0,0
2021-08-15,AI,Anguilla,AMRO,13.0,127,0.0,0
2021-08-22,AI,Anguilla,AMRO,27.0,154,0.0,0
2021-08-29,AI,Anguilla,AMRO,40.0,194,0.0,0
2021-09-05,AI,Anguilla,AMRO,85.0,279,0.0,0
2021-09-12,AI,Anguilla,AMRO,33.0,312,0.0,0
2021-09-19,AI,Anguilla,AMRO,19.0,331,0.0,0
2021-09-26,AI,Anguilla,AMRO,33.0,364,1.0,1
2021-10-03,AI,Anguilla,AMRO,61.0,425,0.0,1
2021-10-10,AI,Anguilla,AMRO,119.0,544,0.0,1
2021-10-17,AI,Anguilla,AMRO,124.0,668,0.0,1
2021-10-24,AI,Anguilla,AMRO,125.0,793,0.0,1
2021-10-31,AI,Anguilla,AMRO,99.0,892,0.0,1
2021-11-07,AI,Anguilla,AMRO,147.0,1039,0.0,1
2021-11-14,AI,Anguilla,AMRO,70.0,1109,2.0,3
2021-11-21,AI,Anguilla,AMRO,159.0,1268,0.0,3
2021-11-28,AI,Anguilla,AMRO,66.0,1334,0.0,3
2021-12-05,AI,Anguilla,AMRO,80.0,1414,0.0,3
2021-12-12,AI,Anguilla,AMRO,109.0,1523,1.0,4
2021-12-19,AI,Anguilla,AMRO,69.0,1592,0.0,4
2021-12-26,AI,Anguilla,AMRO,54.0,1646,1.0,5
2022-01-02,AI,Anguilla,AMRO,28.0,1674,0.0,5
2022-01-09,AI,Anguilla,AMRO,103.0,1777,1.0,6
2022-01-16,AI,Anguilla,AMRO,263.0,2040,0.0,6
2022-01-23,AI,Anguilla,AMRO,147.0,2187,1.0,7
2022-01-30,AI,Anguilla,AMRO,137.0,2324,1.0,8
2022-02-06,AI,Anguilla,AMRO,60.0,2384,0.0,8
2022-02-13,AI,Anguilla,AMRO,74.0,2458,1.0,9
2022-02-20,AI,Anguilla,AMRO,48.0,2506,0.0,9
2022-02-27,AI,Anguilla,AMRO,22.0,2528,0.0,9
2022-03-06,AI,Anguilla,AMRO,27.0,2555,0.0,9
2022-03-13,AI,Anguilla,AMRO,19.0,2574,0.0,9
2022-03-20,AI,Anguilla,AMRO,20.0,2594,0.0,9
2022-03-27,AI,Anguilla,AMRO,39.0,2633,0.0,9
2022-04-03,AI,Anguilla,AMRO,67.0,2700,0.0,9
2022-04-10,AI,Anguilla,AMRO,17.0,2717,0.0,9
2022-04-17,AI,Anguilla,AMRO,14.0,2731,0.0,9
2022-04-24,AI,Anguilla,AMRO,0.0,2731,0.0,9
2022-05-01,AI,Anguilla,AMRO,57.0,2788,0.0,9
2022-05-08,AI,Anguilla,AMRO,0.0,2788,0.0,9
2022-05-15,AI,Anguilla,AMRO,196.0,2984,0.0,9
2022-05-22,AI,Anguilla,AMRO,132.0,3116,0.0,9
2022-05-29,AI,Anguilla,AMRO,87.0,3203,0.0,9
2022-06-05,AI,Anguilla,AMRO,91.0,3294,0.0,9
2022-06-12,AI,Anguilla,AMRO,48.0,3342,0.0,9
2022-06-19,AI,Anguilla,AMRO,32.0,3374,0.0,9
2022-06-26,AI,Anguilla,AMRO,37.0,3411,0.0,9
2022-07-03,AI,Anguilla,AMRO,45.0,3456,0.0,9
2022-07-10,AI,Anguilla,AMRO,20.0,3476,0.0,9
2022-07-17,AI,Anguilla,AMRO,20.0,3496,0.0,9
2022-07-24,AI,Anguilla,AMRO,39.0,3535,0.0,9
2022-07-31,AI,Anguilla,AMRO,45.0,3580,1.0,10
2022-08-07,AI,Anguilla,AMRO,40.0,3620,0.0,10
2022-08-14,AI,Anguilla,AMRO,0.0,3620,0.0,10
2022-08-21,AI,Anguilla,AMRO,126.0,3746,0.0,10
2022-08-28,AI,Anguilla,AMRO,59.0,3805,0.0,10
2022-09-04,AI,Anguilla,AMRO,32.0,3837,1.0,11
2022-09-11,AI,Anguilla,AMRO,14.0,3851,1.0,12
2022-09-18,AI,Anguilla,AMRO,5.0,3856,0.0,12
2022-09-25,AI,Anguilla,AMRO,2.0,3858,0.0,12
2022-10-02,AI,Anguilla,AMRO,7.0,3865,0.0,12
2022-10-09,AI,Anguilla,AMRO,1.0,3866,0.0,12
2022-10-16,AI,Anguilla,AMRO,0.0,3866,0.0,12
2022-10-23,AI,Anguilla,AMRO,0.0,3866,0.0,12
2022-10-30,AI,Anguilla,AMRO,0.0,3866,0.0,12
2022-11-06,AI,Anguilla,AMRO,0.0,3866,0.0,12
2022-11-13,AI,Anguilla,AMRO,0.0,3866,0.0,12
2022-11-20,AI,Anguilla,AMRO,0.0,3866,0.0,12
2022-11-27,AI,Anguilla,AMRO,0.0,3866,0.0,12
2022-12-04,AI,Anguilla,AMRO,38.0,3904,0.0,12
2022-12-11,AI,Anguilla,AMRO,0.0,3904,0.0,12
2022-12-18,AI,Anguilla,AMRO,0.0,3904,0.0,12
2022-12-25,AI,Anguilla,AMRO,0.0,3904,0.0,12
2023-01-01,AI,Anguilla,AMRO,0.0,3904,0.0,12
2023-01-08,AI,Anguilla,AMRO,0.0,3904,0.0,12
2023-01-15,AI,Anguilla,AMRO,0.0,3904,0.0,12
2023-01-22,AI,Anguilla,AMRO,0.0,3904,0.0,12
2023-01-29,AI,Anguilla,AMRO,0.0,3904,0.0,12
2023-02-05,AI,Anguilla,AMRO,0.0,3904,0.0,12
2023-02-12,AI,Anguilla,AMRO,0.0,3904,0.0,12
2023-02-19,AI,Anguilla,AMRO,0.0,3904,0.0,12
2023-02-26,AI,Anguilla,AMRO,0.0,3904,0.0,12
2023-03-05,AI,Anguilla,AMRO,0.0,3904,0.0,12
2023-03-12,AI,Anguilla,AMRO,0.0,3904,0.0,12
2023-03-19,AI,Anguilla,AMRO,0.0,3904,0.0,12
2023-03-26,AI,Anguilla,AMRO,0.0,3904,0.0,12
2023-04-02,AI,Anguilla,AMRO,0.0,3904,0.0,12
2023-04-09,AI,Anguilla,AMRO,0.0,3904,0.0,12
2023-04-16,AI,Anguilla,AMRO,0.0,3904,0.0,12
2023-04-23,AI,Anguilla,AMRO,0.0,3904,0.0,12
2023-04-30,AI,Anguilla,AMRO,0.0,3904,0.0,12
2023-05-07,AI,Anguilla,AMRO,0.0,3904,0.0,12
2023-05-14,AI,Anguilla,AMRO,0.0,3904,0.0,12
2023-05-21,AI,Anguilla,AMRO,0.0,3904,0.0,12
2023-05-28,AI,Anguilla,AMRO,0.0,3904,0.0,12
2023-06-04,AI,Anguilla,AMRO,0.0,3904,0.0,12
2023-06-11,AI,Anguilla,AMRO,0.0,3904,0.0,12
2023-06-18,AI,Anguilla,AMRO,0.0,3904,0.0,12
2023-06-25,AI,Anguilla,AMRO,0.0,3904,0.0,12
2023-07-02,AI,Anguilla,AMRO,0.0,3904,0.0,12
2023-07-09,AI,Anguilla,AMRO,0.0,3904,0.0,12
2023-07-16,AI,Anguilla,AMRO,0.0,3904,0.0,12
2023-07-23,AI,Anguilla,AMRO,0.0,3904,0.0,12
2023-07-30,AI,Anguilla,AMRO,0.0,3904,0.0,12
2023-08-06,AI,Anguilla,AMRO,0.0,3904,0.0,12
2023-08-13,AI,Anguilla,AMRO,0.0,3904,0.0,12
2023-08-20,AI,Anguilla,AMRO,0.0,3904,0.0,12
2023-08-27,AI,Anguilla,AMRO,0.0,3904,0.0,12
2023-09-03,AI,Anguilla,AMRO,0.0,3904,0.0,12
2023-09-10,AI,Anguilla,AMRO,0.0,3904,0.0,12
2023-09-17,AI,Anguilla,AMRO,0.0,3904,0.0,12
2023-09-24,AI,Anguilla,AMRO,0.0,3904,0.0,12
2023-10-01,AI,Anguilla,AMRO,0.0,3904,0.0,12
2023-10-08,AI,Anguilla,AMRO,0.0,3904,0.0,12
2023-10-15,AI,Anguilla,AMRO,0.0,3904,0.0,12
2023-10-22,AI,Anguilla,AMRO,0.0,3904,0.0,12
2023-10-29,AI,Anguilla,AMRO,0.0,3904,0.0,12
2023-11-05,AI,Anguilla,AMRO,0.0,3904,0.0,12
2023-11-12,AI,Anguilla,AMRO,0.0,3904,0.0,12
2023-11-19,AI,Anguilla,AMRO,0.0,3904,0.0,12
2023-11-26,AI,Anguilla,AMRO,0.0,3904,0.0,12
2023-12-03,AI,Anguilla,AMRO,0.0,3904,0.0,12
2023-12-10,AI,Anguilla,AMRO,0.0,3904,0.0,12
2023-12-17,AI,Anguilla,AMRO,0.0,3904,0.0,12
2023-12-24,AI,Anguilla,AMRO,0.0,3904,0.0,12
2023-12-31,AI,Anguilla,AMRO,0.0,3904,0.0,12
2024-01-07,AI,Anguilla,AMRO,0.0,3904,0.0,12
2024-01-14,AI,Anguilla,AMRO,0.0,3904,0.0,12
2024-01-21,AI,Anguilla,AMRO,0.0,3904,0.0,12
2024-01-28,AI,Anguilla,AMRO,0.0,3904,0.0,12
2024-02-04,AI,Anguilla,AMRO,0.0,3904,0.0,12
2024-02-11,AI,Anguilla,AMRO,0.0,3904,0.0,12
2024-02-18,AI,Anguilla,AMRO,0.0,3904,0.0,12
2024-02-25,AI,Anguilla,AMRO,0.0,3904,0.0,12
2024-03-03,AI,Anguilla,AMRO,0.0,3904,0.0,12
2024-03-10,AI,Anguilla,AMRO,0.0,3904,0.0,12
2024-03-17,AI,Anguilla,AMRO,0.0,3904,0.0,12
2024-03-24,AI,Anguilla,AMRO,0.0,3904,0.0,12
2024-03-31,AI,Anguilla,AMRO,0.0,3904,0.0,12
2024-04-07,AI,Anguilla,AMRO,0.0,3904,0.0,12
2024-04-14,AI,Anguilla,AMRO,0.0,3904,0.0,12
2024-04-21,AI,Anguilla,AMRO,0.0,3904,0.0,12
2024-04-28,AI,Anguilla,AMRO,0.0,3904,0.0,12
