Date_reported,Country_code,Country,WHO_region,New_cases,Cumulative_cases,New_deaths,Cumulative_deaths
2020-03-08,BD,Bangladesh,SEARO,3.0,3,0.0,0
2020-03-15,BD,Bangladesh,SEARO,4.0,7,0.0,0
2020-03-22,BD,Bangladesh,SEARO,17.0,24,2.0,2
2020-03-29,BD,Bangladesh,SEARO,24.0,48,3.0,5
2020-04-05,BD,Bangladesh,SEARO,40.0,88,3.0,8
2020-04-12,BD,Bangladesh,SEARO,533.0,621,26.0,34
2020-04-19,BD,Bangladesh,SEARO,1835.0,2456,57.0,91
2020-04-26,BD,Bangladesh,SEARO,2960.0,5416,54.0,145
2020-05-03,BD,Bangladesh,SEARO,4039.0,9455,32.0,177
2020-05-10,BD,Bangladesh,SEARO,5202.0,14657,51.0,228
2020-05-17,BD,Bangladesh,SEARO,7611.0,22268,100.0,328
2020-05-24,BD,Bangladesh,SEARO,11342.0,33610,152.0,480
2020-05-31,BD,Bangladesh,SEARO,13543.0,47153,170.0,650
2020-06-07,BD,Bangladesh,SEARO,18616.0,65769,238.0,888
2020-06-14,BD,Bangladesh,SEARO,21751.0,87520,283.0,1171
2020-06-21,BD,Bangladesh,SEARO,24786.0,112306,293.0,1464
2020-06-28,BD,Bangladesh,SEARO,25481.0,137787,274.0,1738
2020-07-05,BD,Bangladesh,SEARO,24630.0,162417,314.0,2052
2020-07-12,BD,Bangladesh,SEARO,21378.0,183795,300.0,2352
2020-07-19,BD,Bangladesh,SEARO,20730.0,204525,266.0,2618
2020-07-26,BD,Bangladesh,SEARO,18928.0,223453,310.0,2928
2020-08-02,BD,Bangladesh,SEARO,17293.0,240746,226.0,3154
2020-08-09,BD,Bangladesh,SEARO,16854.0,257600,245.0,3399
2020-08-16,BD,Bangladesh,SEARO,18949.0,276549,258.0,3657
2020-08-23,BD,Bangladesh,SEARO,18049.0,294598,284.0,3941
2020-08-30,BD,Bangladesh,SEARO,16224.0,310822,307.0,4248
2020-09-06,BD,Bangladesh,SEARO,14335.0,325157,231.0,4479
2020-09-13,BD,Bangladesh,SEARO,12363.0,337520,254.0,4733
2020-09-20,BD,Bangladesh,SEARO,11396.0,348916,206.0,4939
2020-09-27,BD,Bangladesh,SEARO,10232.0,359148,222.0,5161
2020-10-04,BD,Bangladesh,SEARO,9542.0,368690,187.0,5348
2020-10-11,BD,Bangladesh,SEARO,9576.0,378266,176.0,5524
2020-10-18,BD,Bangladesh,SEARO,10303.0,388569,136.0,5660
2020-10-25,BD,Bangladesh,SEARO,10246.0,398815,143.0,5803
2020-11-01,BD,Bangladesh,SEARO,10437.0,409252,138.0,5941
2020-11-08,BD,Bangladesh,SEARO,10986.0,420238,126.0,6067
2020-11-15,BD,Bangladesh,SEARO,12095.0,432333,127.0,6194
2020-11-22,BD,Bangladesh,SEARO,15008.0,447341,194.0,6388
2020-11-29,BD,Bangladesh,SEARO,15066.0,462407,221.0,6609
2020-12-06,BD,Bangladesh,SEARO,15138.0,477545,229.0,6838
2020-12-13,BD,Bangladesh,SEARO,12988.0,490533,214.0,7052
2020-12-20,BD,Bangladesh,SEARO,10180.0,500713,228.0,7280
2020-12-27,BD,Bangladesh,SEARO,8435.0,509148,172.0,7452
2021-01-03,BD,Bangladesh,SEARO,6871.0,516019,174.0,7626
2021-01-10,BD,Bangladesh,SEARO,6434.0,522453,155.0,7781
2021-01-17,BD,Bangladesh,SEARO,5179.0,527632,125.0,7906
2021-01-24,BD,Bangladesh,SEARO,4167.0,531799,117.0,8023
2021-01-31,BD,Bangladesh,SEARO,3340.0,535139,104.0,8127
2021-02-07,BD,Bangladesh,SEARO,2923.0,538062,78.0,8205
2021-02-14,BD,Bangladesh,SEARO,2530.0,540592,69.0,8274
2021-02-21,BD,Bangladesh,SEARO,2759.0,543351,75.0,8349
2021-02-28,BD,Bangladesh,SEARO,2865.0,546216,59.0,8408
2021-03-07,BD,Bangladesh,SEARO,4114.0,550330,54.0,8462
2021-03-14,BD,Bangladesh,SEARO,7065.0,557395,83.0,8545
2021-03-21,BD,Bangladesh,SEARO,13483.0,570878,145.0,8690
2021-03-28,BD,Bangladesh,SEARO,24836.0,595714,214.0,8904
2021-04-04,BD,Bangladesh,SEARO,41650.0,637364,362.0,9266
2021-04-11,BD,Bangladesh,SEARO,47392.0,684756,473.0,9739
2021-04-18,BD,Bangladesh,SEARO,34194.0,718950,646.0,10385
2021-04-25,BD,Bangladesh,SEARO,26372.0,745322,668.0,11053
2021-05-02,BD,Bangladesh,SEARO,16621.0,761943,526.0,11579
2021-05-09,BD,Bangladesh,SEARO,11570.0,773513,355.0,11934
2021-05-16,BD,Bangladesh,SEARO,6646.0,780159,215.0,12149
2021-05-23,BD,Bangladesh,SEARO,8921.0,789080,227.0,12376
2021-05-30,BD,Bangladesh,SEARO,9750.0,798830,207.0,12583
2021-06-06,BD,Bangladesh,SEARO,12160.0,810990,256.0,12839
2021-06-13,BD,Bangladesh,SEARO,15932.0,826922,279.0,13118
2021-06-20,BD,Bangladesh,SEARO,24746.0,851668,430.0,13548
2021-06-27,BD,Bangladesh,SEARO,36738.0,888406,624.0,14172
2021-07-04,BD,Bangladesh,SEARO,56511.0,944917,893.0,15065
2021-07-11,BD,Bangladesh,SEARO,76272.0,1021189,1354.0,16419
2021-07-18,BD,Bangladesh,SEARO,82800.0,1103989,1475.0,17894
2021-07-25,BD,Bangladesh,SEARO,60646.0,1164635,1380.0,19274
2021-08-01,BD,Bangladesh,SEARO,99693.0,1264328,1642.0,20916
2021-08-08,BD,Bangladesh,SEARO,89367.0,1353695,1736.0,22652
2021-08-15,BD,Bangladesh,SEARO,65207.0,1418902,1523.0,24175
2021-08-22,BD,Bangladesh,SEARO,43096.0,1461998,1107.0,25282
2021-08-29,BD,Bangladesh,SEARO,31539.0,1493537,733.0,26015
2021-09-05,BD,Bangladesh,SEARO,20919.0,1514456,548.0,26563
2021-09-12,BD,Bangladesh,SEARO,15957.0,1530413,368.0,26931
2021-09-19,BD,Bangladesh,SEARO,12270.0,1542683,294.0,27225
2021-09-26,BD,Bangladesh,SEARO,8668.0,1551351,189.0,27414
2021-10-03,BD,Bangladesh,SEARO,6613.0,1557964,159.0,27573
2021-10-10,BD,Bangladesh,SEARO,4395.0,1562359,115.0,27688
2021-10-17,BD,Bangladesh,SEARO,3129.0,1565488,80.0,27768
2021-10-24,BD,Bangladesh,SEARO,2204.0,1567692,55.0,27823
2021-10-31,BD,Bangladesh,SEARO,1847.0,1569539,45.0,27868
2021-11-07,BD,Bangladesh,SEARO,1474.0,1571013,27.0,27895
2021-11-14,BD,Bangladesh,SEARO,1488.0,1572501,27.0,27922
2021-11-21,BD,Bangladesh,SEARO,1587.0,1574088,31.0,27953
2021-11-28,BD,Bangladesh,SEARO,1696.0,1575784,25.0,27978
2021-12-05,BD,Bangladesh,SEARO,1659.0,1577443,23.0,28001
2021-12-12,BD,Bangladesh,SEARO,1882.0,1579325,27.0,28028
2021-12-19,BD,Bangladesh,SEARO,1758.0,1581083,20.0,28048
2021-12-26,BD,Bangladesh,SEARO,2170.0,1583253,12.0,28060
2022-01-02,BD,Bangladesh,SEARO,3213.0,1586466,17.0,28077
2022-01-09,BD,Bangladesh,SEARO,7234.0,1593700,25.0,28102
2022-01-16,BD,Bangladesh,SEARO,24011.0,1617711,42.0,28144
2022-01-23,BD,Bangladesh,SEARO,67425.0,1685136,79.0,28223
2022-01-30,BD,Bangladesh,SEARO,100196.0,1785332,140.0,28363
2022-02-06,BD,Bangladesh,SEARO,76200.0,1861532,226.0,28589
2022-02-13,BD,Bangladesh,SEARO,48132.0,1909664,230.0,28819
2022-02-20,BD,Bangladesh,SEARO,23627.0,1933291,146.0,28965
2022-02-27,BD,Bangladesh,SEARO,9389.0,1942680,68.0,29033
2022-03-06,BD,Bangladesh,SEARO,4586.0,1947266,52.0,29085
2022-03-13,BD,Bangladesh,SEARO,2220.0,1949486,26.0,29111
2022-03-20,BD,Bangladesh,SEARO,1123.0,1950609,6.0,29117
2022-03-27,BD,Bangladesh,SEARO,673.0,1951282,1.0,29118
2022-04-03,BD,Bangladesh,SEARO,488.0,1951770,4.0,29122
2022-04-10,BD,Bangladesh,SEARO,295.0,1952065,1.0,29123
2022-04-17,BD,Bangladesh,SEARO,261.0,1952326,1.0,29124
2022-04-24,BD,Bangladesh,SEARO,230.0,1952556,3.0,29127
2022-05-01,BD,Bangladesh,SEARO,160.0,1952716,0.0,29127
2022-05-08,BD,Bangladesh,SEARO,83.0,1952799,0.0,29127
2022-05-15,BD,Bangladesh,SEARO,213.0,1953012,0.0,29127
2022-05-22,BD,Bangladesh,SEARO,192.0,1953204,1.0,29128
2022-05-29,BD,Bangladesh,SEARO,203.0,1953407,2.0,29130
2022-06-05,BD,Bangladesh,SEARO,216.0,1953623,1.0,29131
2022-06-12,BD,Bangladesh,SEARO,492.0,1954115,0.0,29131
2022-06-19,BD,Bangladesh,SEARO,2212.0,1956327,0.0,29131
2022-06-26,BD,Bangladesh,SEARO,8846.0,1965173,9.0,29140
2022-07-03,BD,Bangladesh,SEARO,13516.0,1978689,22.0,29162
2022-07-10,BD,Bangladesh,SEARO,11165.0,1989854,38.0,29200
2022-07-17,BD,Bangladesh,SEARO,6486.0,1996340,34.0,29234
2022-07-24,BD,Bangladesh,SEARO,5435.0,2001775,32.0,29266
2022-07-31,BD,Bangladesh,SEARO,3482.0,2005257,25.0,29291
2022-08-07,BD,Bangladesh,SEARO,2078.0,2007335,13.0,29304
2022-08-14,BD,Bangladesh,SEARO,1535.0,2008870,9.0,29313
2022-08-21,BD,Bangladesh,SEARO,1100.0,2009970,2.0,29315
2022-08-28,BD,Bangladesh,SEARO,1347.0,2011317,8.0,29323
2022-09-04,BD,Bangladesh,SEARO,1444.0,2012761,5.0,29328
2022-09-11,BD,Bangladesh,SEARO,2126.0,2014887,6.0,29334
2022-09-18,BD,Bangladesh,SEARO,2727.0,2017614,5.0,29339
2022-09-25,BD,Bangladesh,SEARO,4076.0,2021690,14.0,29353
2022-10-02,BD,Bangladesh,SEARO,4522.0,2026212,16.0,29369
2022-10-09,BD,Bangladesh,SEARO,3511.0,2029723,12.0,29381
2022-10-16,BD,Bangladesh,SEARO,2720.0,2032443,20.0,29401
2022-10-23,BD,Bangladesh,SEARO,1698.0,2034141,12.0,29413
2022-10-30,BD,Bangladesh,SEARO,1011.0,2035152,10.0,29423
2022-11-06,BD,Bangladesh,SEARO,676.0,2035828,3.0,29426
2022-11-13,BD,Bangladesh,SEARO,338.0,2036166,1.0,29427
2022-11-20,BD,Bangladesh,SEARO,201.0,2036367,3.0,29430
2022-11-27,BD,Bangladesh,SEARO,160.0,2036527,1.0,29431
2022-12-04,BD,Bangladesh,SEARO,110.0,2036637,3.0,29434
2022-12-11,BD,Bangladesh,SEARO,169.0,2036806,2.0,29436
2022-12-18,BD,Bangladesh,SEARO,122.0,2036928,2.0,29438
2022-12-25,BD,Bangladesh,SEARO,96.0,2037024,1.0,29439
2023-01-01,BD,Bangladesh,SEARO,118.0,2037142,1.0,29440
2023-01-08,BD,Bangladesh,SEARO,125.0,2037267,0.0,29440
2023-01-15,BD,Bangladesh,SEARO,101.0,2037368,1.0,29441
2023-01-22,BD,Bangladesh,SEARO,76.0,2037444,0.0,29441
2023-01-29,BD,Bangladesh,SEARO,88.0,2037532,1.0,29442
2023-02-05,BD,Bangladesh,SEARO,77.0,2037609,1.0,29443
2023-02-12,BD,Bangladesh,SEARO,70.0,2037679,1.0,29444
2023-02-19,BD,Bangladesh,SEARO,71.0,2037750,1.0,29445
2023-02-26,BD,Bangladesh,SEARO,58.0,2037808,0.0,29445
2023-03-05,BD,Bangladesh,SEARO,57.0,2037865,0.0,29445
2023-03-12,BD,Bangladesh,SEARO,57.0,2037922,0.0,29445
2023-03-19,BD,Bangladesh,SEARO,47.0,2037969,0.0,29445
2023-03-26,BD,Bangladesh,SEARO,32.0,2038001,0.0,29445
2023-04-02,BD,Bangladesh,SEARO,37.0,2038038,1.0,29446
2023-04-09,BD,Bangladesh,SEARO,40.0,2038078,0.0,29446
2023-04-16,BD,Bangladesh,SEARO,38.0,2038116,0.0,29446
2023-04-23,BD,Bangladesh,SEARO,38.0,2038154,0.0,29446
2023-04-30,BD,Bangladesh,SEARO,78.0,2038232,0.0,29446
2023-05-07,BD,Bangladesh,SEARO,106.0,2038338,0.0,29446
2023-05-14,BD,Bangladesh,SEARO,140.0,2038478,0.0,29446
2023-05-21,BD,Bangladesh,SEARO,148.0,2038626,0.0,29446
2023-05-28,BD,Bangladesh,SEARO,345.0,2038971,0.0,29446
2023-06-04,BD,Bangladesh,SEARO,668.0,2039639,2.0,29448
2023-06-11,BD,Bangladesh,SEARO,831.0,2040470,3.0,29451
2023-06-18,BD,Bangladesh,SEARO,1000.0,2041470,6.0,29457
2023-06-25,BD,Bangladesh,SEARO,782.0,2042252,4.0,29461
2023-07-02,BD,Bangladesh,SEARO,450.0,2042702,1.0,29462
2023-07-09,BD,Bangladesh,SEARO,459.0,2043161,0.0,29462
2023-07-16,BD,Bangladesh,SEARO,416.0,2043577,2.0,29464
2023-07-23,BD,Bangladesh,SEARO,394.0,2043971,4.0,29468
2023-07-30,BD,Bangladesh,SEARO,439.0,2044410,4.0,29472
2023-08-06,BD,Bangladesh,SEARO,369.0,2044779,2.0,29474
2023-08-13,BD,Bangladesh,SEARO,218.0,2044997,2.0,29476
2023-08-20,BD,Bangladesh,SEARO,162.0,2045159,0.0,29476
2023-08-27,BD,Bangladesh,SEARO,127.0,2045286,0.0,29476
2023-09-03,BD,Bangladesh,SEARO,122.0,2045408,1.0,29477
2023-09-10,BD,Bangladesh,SEARO,109.0,2045517,0.0,29477
2023-09-17,BD,Bangladesh,SEARO,85.0,2045602,0.0,29477
2023-09-24,BD,Bangladesh,SEARO,69.0,2045671,0.0,29477
2023-10-01,BD,Bangladesh,SEARO,63.0,2045734,0.0,29477
2023-10-08,BD,Bangladesh,SEARO,55.0,2045789,0.0,29477
2023-10-15,BD,Bangladesh,SEARO,54.0,2045843,0.0,29477
2023-10-22,BD,Bangladesh,SEARO,49.0,2045892,0.0,29477
2023-10-29,BD,Bangladesh,SEARO,31.0,2045923,0.0,29477
2023-11-05,BD,Bangladesh,SEARO,35.0,2045958,0.0,29477
2023-11-12,BD,Bangladesh,SEARO,34.0,2045992,0.0,29477
2023-11-19,BD,Bangladesh,SEARO,34.0,2046026,0.0,29477
2023-11-26,BD,Bangladesh,SEARO,34.0,2046060,0.0,29477
2023-12-03,BD,Bangladesh,SEARO,30.0,2046090,0.0,29477
2023-12-10,BD,Bangladesh,SEARO,43.0,2046133,0.0,29477
2023-12-17,BD,Bangladesh,SEARO,32.0,2046165,0.0,29477
2023-12-24,BD,Bangladesh,SEARO,42.0,2046207,0.0,29477
2023-12-31,BD,Bangladesh,SEARO,85.0,2046292,0.0,29477
2024-01-07,BD,Bangladesh,SEARO,117.0,2046409,0.0,29477
2024-01-14,BD,Bangladesh,SEARO,190.0,2046599,2.0,29479
2024-01-21,BD,Bangladesh,SEARO,159.0,2046758,1.0,29480
2024-01-28,BD,Bangladesh,SEARO,240.0,2046998,1.0,29481
2024-02-04,BD,Bangladesh,SEARO,299.0,2047297,1.0,29482
2024-02-11,BD,Bangladesh,SEARO,255.0,2047552,1.0,29483
2024-02-18,BD,Bangladesh,SEARO,335.0,2047887,3.0,29486
2024-02-25,BD,Bangladesh,SEARO,345.0,2048232,3.0,29489
2024-03-03,BD,Bangladesh,SEARO,356.0,2048588,2.0,29491
2024-03-10,BD,Bangladesh,SEARO,326.0,2048914,1.0,29492
2024-03-17,BD,Bangladesh,SEARO,241.0,2049155,0.0,29492
2024-03-24,BD,Bangladesh,SEARO,222.0,2049377,1.0,29493
2024-03-31,BD,Bangladesh,SEARO,142.0,2049519,0.0,29493
2024-04-07,BD,Bangladesh,SEARO,126.0,2049645,0.0,29493
2024-04-14,BD,Bangladesh,SEARO,83.0,2049728,0.0,29493
2024-04-21,BD,Bangladesh,SEARO,122.0,2049850,1.0,29494
2024-04-28,BD,Bangladesh,SEARO,120.0,2049970,0.0,29494
