Date_reported,Country_code,Country,WHO_region,New_cases,Cumulative_cases,New_deaths,Cumulative_deaths
2020-03-08,BG,Bulgaria,EURO,4.0,4,0.0,0
2020-03-15,BG,Bulgaria,EURO,47.0,51,2.0,2
2020-03-22,BG,Bulgaria,EURO,134.0,185,1.0,3
2020-03-29,BG,Bulgaria,EURO,161.0,346,5.0,8
2020-04-05,BG,Bulgaria,EURO,185.0,531,12.0,20
2020-04-12,BG,Bulgaria,EURO,144.0,675,9.0,29
2020-04-19,BG,Bulgaria,EURO,219.0,894,13.0,42
2020-04-26,BG,Bulgaria,EURO,406.0,1300,14.0,56
2020-05-03,BG,Bulgaria,EURO,318.0,1618,17.0,73
2020-05-10,BG,Bulgaria,EURO,347.0,1965,18.0,91
2020-05-17,BG,Bulgaria,EURO,246.0,2211,17.0,108
2020-05-24,BG,Bulgaria,EURO,216.0,2427,22.0,130
2020-05-31,BG,Bulgaria,EURO,86.0,2513,10.0,140
2020-06-07,BG,Bulgaria,EURO,198.0,2711,20.0,160
2020-06-14,BG,Bulgaria,EURO,555.0,3266,12.0,172
2020-06-21,BG,Bulgaria,EURO,606.0,3872,27.0,199
2020-06-28,BG,Bulgaria,EURO,753.0,4625,17.0,216
2020-07-05,BG,Bulgaria,EURO,1052.0,5677,25.0,241
2020-07-12,BG,Bulgaria,EURO,1498.0,7175,26.0,267
2020-07-19,BG,Bulgaria,EURO,1463.0,8638,32.0,299
2020-07-26,BG,Bulgaria,EURO,1674.0,10312,39.0,338
2020-08-02,BG,Bulgaria,EURO,1524.0,11836,47.0,385
2020-08-09,BG,Bulgaria,EURO,1507.0,13343,60.0,445
2020-08-16,BG,Bulgaria,EURO,990.0,14333,50.0,495
2020-08-23,BG,Bulgaria,EURO,894.0,15227,50.0,545
2020-08-30,BG,Bulgaria,EURO,937.0,16164,60.0,605
2020-09-06,BG,Bulgaria,EURO,886.0,17050,66.0,671
2020-09-13,BG,Bulgaria,EURO,841.0,17891,46.0,717
2020-09-20,BG,Bulgaria,EURO,928.0,18819,38.0,755
2020-09-27,BG,Bulgaria,EURO,1178.0,19997,34.0,789
2020-10-04,BG,Bulgaria,EURO,1521.0,21518,52.0,841
2020-10-11,BG,Bulgaria,EURO,2801.0,24319,50.0,891
2020-10-18,BG,Bulgaria,EURO,4789.0,29108,77.0,968
2020-10-25,BG,Bulgaria,EURO,8454.0,37562,116.0,1084
2020-11-01,BG,Bulgaria,EURO,15282.0,52844,195.0,1279
2020-11-08,BG,Bulgaria,EURO,21641.0,74485,353.0,1632
2020-11-15,BG,Bulgaria,EURO,22950.0,97435,459.0,2091
2020-11-22,BG,Bulgaria,EURO,23262.0,120697,729.0,2820
2020-11-29,BG,Bulgaria,EURO,21050.0,141747,929.0,3749
2020-12-06,BG,Bulgaria,EURO,19097.0,160844,980.0,4729
2020-12-13,BG,Bulgaria,EURO,18108.0,178952,897.0,5626
2020-12-20,BG,Bulgaria,EURO,12077.0,191029,925.0,6551
2020-12-27,BG,Bulgaria,EURO,6355.0,197384,572.0,7123
2021-01-03,BG,Bulgaria,EURO,5496.0,202880,521.0,7644
2021-01-10,BG,Bulgaria,EURO,5526.0,208406,453.0,8097
2021-01-17,BG,Bulgaria,EURO,3330.0,211736,377.0,8474
2021-01-24,BG,Bulgaria,EURO,2960.0,214696,337.0,8811
2021-01-31,BG,Bulgaria,EURO,3922.0,218618,217.0,9028
2021-02-07,BG,Bulgaria,EURO,4934.0,223552,283.0,9311
2021-02-14,BG,Bulgaria,EURO,5964.0,229516,297.0,9608
2021-02-21,BG,Bulgaria,EURO,6923.0,236439,231.0,9839
2021-02-28,BG,Bulgaria,EURO,10267.0,246706,328.0,10167
2021-03-07,BG,Bulgaria,EURO,13105.0,259811,426.0,10593
2021-03-14,BG,Bulgaria,EURO,18067.0,277878,641.0,11234
2021-03-21,BG,Bulgaria,EURO,24602.0,302480,732.0,11966
2021-03-28,BG,Bulgaria,EURO,25290.0,327770,684.0,12650
2021-04-04,BG,Bulgaria,EURO,24489.0,352259,857.0,13507
2021-04-11,BG,Bulgaria,EURO,19272.0,371531,844.0,14351
2021-04-18,BG,Bulgaria,EURO,14432.0,385963,787.0,15138
2021-04-25,BG,Bulgaria,EURO,11137.0,397100,721.0,15859
2021-05-02,BG,Bulgaria,EURO,7746.0,404846,585.0,16444
2021-05-09,BG,Bulgaria,EURO,5115.0,409961,458.0,16902
2021-05-16,BG,Bulgaria,EURO,4080.0,414041,348.0,17250
2021-05-23,BG,Bulgaria,EURO,2524.0,416565,237.0,17487
2021-05-30,BG,Bulgaria,EURO,1656.0,418221,170.0,17657
2021-06-06,BG,Bulgaria,EURO,1205.0,419426,156.0,17813
2021-06-13,BG,Bulgaria,EURO,868.0,420294,85.0,17898
2021-06-20,BG,Bulgaria,EURO,711.0,421005,91.0,17989
2021-06-27,BG,Bulgaria,EURO,510.0,421515,38.0,18027
2021-07-04,BG,Bulgaria,EURO,519.0,422034,57.0,18084
2021-07-11,BG,Bulgaria,EURO,412.0,422446,56.0,18140
2021-07-18,BG,Bulgaria,EURO,484.0,422930,29.0,18169
2021-07-25,BG,Bulgaria,EURO,699.0,423629,24.0,18193
2021-08-01,BG,Bulgaria,EURO,1425.0,425054,20.0,18213
2021-08-08,BG,Bulgaria,EURO,2819.0,427873,39.0,18252
2021-08-15,BG,Bulgaria,EURO,5089.0,432962,87.0,18339
2021-08-22,BG,Bulgaria,EURO,7949.0,440911,128.0,18467
2021-08-29,BG,Bulgaria,EURO,10237.0,451148,238.0,18705
2021-09-05,BG,Bulgaria,EURO,10397.0,461545,378.0,19083
2021-09-12,BG,Bulgaria,EURO,9290.0,470835,386.0,19469
2021-09-19,BG,Bulgaria,EURO,10893.0,481728,516.0,19985
2021-09-26,BG,Bulgaria,EURO,10637.0,492365,464.0,20449
2021-10-03,BG,Bulgaria,EURO,13116.0,505481,546.0,20995
2021-10-10,BG,Bulgaria,EURO,14760.0,520241,621.0,21616
2021-10-17,BG,Bulgaria,EURO,19378.0,539619,615.0,22231
2021-10-24,BG,Bulgaria,EURO,28454.0,568073,802.0,23033
2021-10-31,BG,Bulgaria,EURO,32962.0,601035,885.0,23918
2021-11-07,BG,Bulgaria,EURO,30471.0,631506,1087.0,25005
2021-11-14,BG,Bulgaria,EURO,23313.0,654819,1186.0,26191
2021-11-21,BG,Bulgaria,EURO,17736.0,672555,989.0,27180
2021-11-28,BG,Bulgaria,EURO,16073.0,688628,863.0,28043
2021-12-05,BG,Bulgaria,EURO,13826.0,702454,762.0,28805
2021-12-12,BG,Bulgaria,EURO,11702.0,714156,681.0,29486
2021-12-19,BG,Bulgaria,EURO,10181.0,724337,561.0,30047
2021-12-26,BG,Bulgaria,EURO,9545.0,733882,481.0,30528
2022-01-02,BG,Bulgaria,EURO,14302.0,748184,455.0,30983
2022-01-09,BG,Bulgaria,EURO,30517.0,778701,533.0,31516
2022-01-16,BG,Bulgaria,EURO,39528.0,818229,526.0,32042
2022-01-23,BG,Bulgaria,EURO,59152.0,877381,594.0,32636
2022-01-30,BG,Bulgaria,EURO,61831.0,939212,485.0,33121
2022-02-06,BG,Bulgaria,EURO,54043.0,993255,607.0,33728
2022-02-13,BG,Bulgaria,EURO,42030.0,1035285,631.0,34359
2022-02-20,BG,Bulgaria,EURO,31128.0,1066413,639.0,34998
2022-02-27,BG,Bulgaria,EURO,21383.0,1087796,460.0,35458
2022-03-06,BG,Bulgaria,EURO,13015.0,1100811,353.0,35811
2022-03-13,BG,Bulgaria,EURO,11365.0,1112176,273.0,36084
2022-03-20,BG,Bulgaria,EURO,11538.0,1123714,188.0,36272
2022-03-27,BG,Bulgaria,EURO,9388.0,1133102,157.0,36429
2022-04-03,BG,Bulgaria,EURO,7351.0,1140453,136.0,36565
2022-04-10,BG,Bulgaria,EURO,4690.0,1145143,127.0,36692
2022-04-17,BG,Bulgaria,EURO,4082.0,1149225,90.0,36782
2022-04-24,BG,Bulgaria,EURO,3667.0,1152892,67.0,36849
2022-05-01,BG,Bulgaria,EURO,3837.0,1156729,64.0,36913
2022-05-08,BG,Bulgaria,EURO,2421.0,1159150,53.0,36966
2022-05-15,BG,Bulgaria,EURO,2354.0,1161504,79.0,37045
2022-05-22,BG,Bulgaria,EURO,1813.0,1163317,45.0,37090
2022-05-29,BG,Bulgaria,EURO,1342.0,1164659,43.0,37133
2022-06-05,BG,Bulgaria,EURO,1148.0,1165807,30.0,37163
2022-06-12,BG,Bulgaria,EURO,1052.0,1166859,33.0,37196
2022-06-19,BG,Bulgaria,EURO,1179.0,1168038,28.0,37224
2022-06-26,BG,Bulgaria,EURO,1933.0,1169971,22.0,37246
2022-07-03,BG,Bulgaria,EURO,3123.0,1173094,11.0,37257
2022-07-10,BG,Bulgaria,EURO,4842.0,1177936,9.0,37266
2022-07-17,BG,Bulgaria,EURO,6496.0,1184432,25.0,37291
2022-07-24,BG,Bulgaria,EURO,10454.0,1194886,38.0,37329
2022-07-31,BG,Bulgaria,EURO,11805.0,1206691,48.0,37377
2022-08-07,BG,Bulgaria,EURO,6211.0,1212902,44.0,37421
2022-08-14,BG,Bulgaria,EURO,8910.0,1221812,55.0,37476
2022-08-21,BG,Bulgaria,EURO,7406.0,1229218,55.0,37531
2022-08-28,BG,Bulgaria,EURO,0.0,1229218,0.0,37531
2022-09-04,BG,Bulgaria,EURO,4874.0,1234092,26.0,37557
2022-09-11,BG,Bulgaria,EURO,3480.0,1237572,35.0,37592
2022-09-18,BG,Bulgaria,EURO,3494.0,1241066,30.0,37622
2022-09-25,BG,Bulgaria,EURO,3422.0,1244488,21.0,37643
2022-10-02,BG,Bulgaria,EURO,4818.0,1249306,21.0,37664
2022-10-09,BG,Bulgaria,EURO,4846.0,1254152,28.0,37692
2022-10-16,BG,Bulgaria,EURO,5177.0,1259329,38.0,37730
2022-10-23,BG,Bulgaria,EURO,4377.0,1263706,37.0,37767
2022-10-30,BG,Bulgaria,EURO,3946.0,1267652,39.0,37806
2022-11-06,BG,Bulgaria,EURO,2893.0,1270545,56.0,37862
2022-11-13,BG,Bulgaria,EURO,2340.0,1272885,37.0,37899
2022-11-20,BG,Bulgaria,EURO,1702.0,1274587,44.0,37943
2022-11-27,BG,Bulgaria,EURO,1341.0,1275928,30.0,37973
2022-12-04,BG,Bulgaria,EURO,1114.0,1277042,22.0,37995
2022-12-11,BG,Bulgaria,EURO,1201.0,1278243,12.0,38007
2022-12-18,BG,Bulgaria,EURO,1287.0,1279530,20.0,38027
2022-12-25,BG,Bulgaria,EURO,1087.0,1280617,9.0,38036
2023-01-01,BG,Bulgaria,EURO,877.0,1281494,18.0,38054
2023-01-08,BG,Bulgaria,EURO,1112.0,1282606,14.0,38068
2023-01-15,BG,Bulgaria,EURO,900.0,1283506,16.0,38084
2023-01-22,BG,Bulgaria,EURO,732.0,1284238,22.0,38106
2023-01-29,BG,Bulgaria,EURO,407.0,1284645,14.0,38120
2023-02-05,BG,Bulgaria,EURO,330.0,1284975,10.0,38130
2023-02-12,BG,Bulgaria,EURO,269.0,1285244,10.0,38140
2023-02-19,BG,Bulgaria,EURO,335.0,1285579,10.0,38150
2023-02-26,BG,Bulgaria,EURO,453.0,1286032,7.0,38157
2023-03-05,BG,Bulgaria,EURO,395.0,1286427,8.0,38165
2023-03-12,BG,Bulgaria,EURO,627.0,1287054,12.0,38177
2023-03-19,BG,Bulgaria,EURO,713.0,1287767,5.0,38182
2023-03-26,BG,Bulgaria,EURO,885.0,1288652,12.0,38194
2023-04-02,BG,Bulgaria,EURO,906.0,1289558,12.0,38206
2023-04-09,BG,Bulgaria,EURO,1015.0,1290573,16.0,38222
2023-04-16,BG,Bulgaria,EURO,963.0,1291536,12.0,38234
2023-04-23,BG,Bulgaria,EURO,1150.0,1292686,18.0,38252
2023-04-30,BG,Bulgaria,EURO,1024.0,1293710,21.0,38273
2023-05-07,BG,Bulgaria,EURO,884.0,1294594,14.0,38287
2023-05-14,BG,Bulgaria,EURO,718.0,1295312,12.0,38299
2023-05-21,BG,Bulgaria,EURO,740.0,1296052,15.0,38314
2023-05-28,BG,Bulgaria,EURO,589.0,1296641,10.0,38324
2023-06-04,BG,Bulgaria,EURO,542.0,1297183,13.0,38337
2023-06-11,BG,Bulgaria,EURO,422.0,1297605,12.0,38349
2023-06-18,BG,Bulgaria,EURO,389.0,1297994,5.0,38354
2023-06-25,BG,Bulgaria,EURO,276.0,1298270,12.0,38366
2023-07-02,BG,Bulgaria,EURO,205.0,1298475,5.0,38371
2023-07-09,BG,Bulgaria,EURO,172.0,1298647,17.0,38388
2023-07-16,BG,Bulgaria,EURO,139.0,1298786,5.0,38393
2023-07-23,BG,Bulgaria,EURO,123.0,1298909,3.0,38396
2023-07-30,BG,Bulgaria,EURO,115.0,1299024,1.0,38397
2023-08-06,BG,Bulgaria,EURO,177.0,1299201,0.0,38397
2023-08-13,BG,Bulgaria,EURO,203.0,1299404,1.0,38398
2023-08-20,BG,Bulgaria,EURO,221.0,1299625,2.0,38400
2023-08-27,BG,Bulgaria,EURO,305.0,1299930,3.0,38403
2023-09-03,BG,Bulgaria,EURO,356.0,1300286,3.0,38406
2023-09-10,BG,Bulgaria,EURO,434.0,1300720,4.0,38410
2023-09-17,BG,Bulgaria,EURO,620.0,1301340,3.0,38413
2023-09-24,BG,Bulgaria,EURO,848.0,1302188,1.0,38414
2023-10-01,BG,Bulgaria,EURO,1593.0,1303781,6.0,38420
2023-10-08,BG,Bulgaria,EURO,1698.0,1305479,12.0,38432
2023-10-15,BG,Bulgaria,EURO,2209.0,1307688,24.0,38456
2023-10-22,BG,Bulgaria,EURO,2137.0,1309825,16.0,38472
2023-10-29,BG,Bulgaria,EURO,2277.0,1312102,22.0,38494
2023-11-05,BG,Bulgaria,EURO,1864.0,1313966,22.0,38516
2023-11-12,BG,Bulgaria,EURO,1357.0,1315323,24.0,38540
2023-11-19,BG,Bulgaria,EURO,1148.0,1316471,19.0,38559
2023-11-26,BG,Bulgaria,EURO,1102.0,1317573,12.0,38571
2023-12-03,BG,Bulgaria,EURO,1089.0,1318662,17.0,38588
2023-12-10,BG,Bulgaria,EURO,1128.0,1319790,16.0,38604
2023-12-17,BG,Bulgaria,EURO,1330.0,1321120,9.0,38613
2023-12-24,BG,Bulgaria,EURO,1334.0,1322454,6.0,38619
2023-12-31,BG,Bulgaria,EURO,1124.0,1323578,11.0,38630
2024-01-07,BG,Bulgaria,EURO,1489.0,1325067,20.0,38650
2024-01-14,BG,Bulgaria,EURO,1077.0,1326144,10.0,38660
2024-01-21,BG,Bulgaria,EURO,856.0,1327000,11.0,38671
2024-01-28,BG,Bulgaria,EURO,689.0,1327689,10.0,38681
2024-02-04,BG,Bulgaria,EURO,447.0,1328136,5.0,38686
2024-02-11,BG,Bulgaria,EURO,325.0,1328461,2.0,38688
2024-02-18,BG,Bulgaria,EURO,199.0,1328660,2.0,38690
2024-02-25,BG,Bulgaria,EURO,104.0,1328764,1.0,38691
2024-03-03,BG,Bulgaria,EURO,121.0,1328885,0.0,38691
2024-03-10,BG,Bulgaria,EURO,81.0,1328966,1.0,38692
2024-03-17,BG,Bulgaria,EURO,75.0,1329041,4.0,38696
2024-03-24,BG,Bulgaria,EURO,63.0,1329104,4.0,38700
2024-03-31,BG,Bulgaria,EURO,67.0,1329171,0.0,38700
2024-04-07,BG,Bulgaria,EURO,0.0,1329171,0.0,38700
2024-04-14,BG,Bulgaria,EURO,33.0,1329204,0.0,38700
2024-04-21,BG,Bulgaria,EURO,21.0,1329225,0.0,38700
2024-04-28,BG,Bulgaria,EURO,25.0,1329250,0.0,38700
