Date_reported,Country_code,Country,WHO_region,New_cases,Cumulative_cases,New_deaths,Cumulative_deaths
2020-03-08,BL,Saint Barthélemy,,1.0,1,0.0,0
2020-03-15,BL,Saint Barthélemy,,0.0,1,0.0,0
2020-03-22,BL,Saint Barthélemy,,2.0,3,0.0,0
2020-03-29,BL,Saint Barthélemy,,2.0,5,0.0,0
2020-04-05,BL,Saint Barthélemy,,1.0,6,0.0,0
2020-04-12,BL,Saint Barthélemy,,0.0,6,0.0,0
2020-04-19,BL,Saint Barthélemy,,0.0,6,0.0,0
2020-04-26,BL,Saint Barthélemy,,0.0,6,0.0,0
2020-05-03,BL,Saint Barthélemy,,0.0,6,0.0,0
2020-05-10,BL,Saint Barthélemy,,0.0,6,0.0,0
2020-05-17,BL,Saint Barthélemy,,0.0,6,0.0,0
2020-05-24,BL,Saint Barthélemy,,0.0,6,0.0,0
2020-05-31,BL,Saint Barthélemy,,0.0,6,0.0,0
2020-06-07,BL,Saint Barthélemy,,0.0,6,0.0,0
2020-06-14,BL,Saint Barthélemy,,0.0,6,0.0,0
2020-06-21,BL,Saint Barthélemy,,0.0,6,0.0,0
2020-06-28,BL,Saint Barthélemy,,0.0,6,0.0,0
2020-07-05,BL,Saint Barthélemy,,0.0,6,0.0,0
2020-07-12,BL,Saint Barthélemy,,0.0,6,0.0,0
2020-07-19,BL,Saint Barthélemy,,0.0,6,0.0,0
2020-07-26,BL,Saint Barthélemy,,1.0,7,0.0,0
2020-08-02,BL,Saint Barthélemy,,1.0,8,0.0,0
2020-08-09,BL,Saint Barthélemy,,1.0,9,0.0,0
2020-08-16,BL,Saint Barthélemy,,4.0,13,0.0,0
2020-08-23,BL,Saint Barthélemy,,3.0,16,0.0,0
2020-08-30,BL,Saint Barthélemy,,2.0,18,0.0,0
2020-09-06,BL,Saint Barthélemy,,0.0,18,0.0,0
2020-09-13,BL,Saint Barthélemy,,3.0,21,0.0,0
2020-09-20,BL,Saint Barthélemy,,2.0,23,0.0,0
2020-09-27,BL,Saint Barthélemy,,25.0,48,0.0,0
2020-10-04,BL,Saint Barthélemy,,14.0,62,0.0,0
2020-10-11,BL,Saint Barthélemy,,3.0,65,0.0,0
2020-10-18,BL,Saint Barthélemy,,7.0,72,0.0,0
2020-10-25,BL,Saint Barthélemy,,11.0,83,0.0,0
2020-11-01,BL,Saint Barthélemy,,6.0,89,0.0,0
2020-11-08,BL,Saint Barthélemy,,1.0,90,0.0,0
2020-11-15,BL,Saint Barthélemy,,19.0,109,0.0,0
2020-11-22,BL,Saint Barthélemy,,18.0,127,0.0,0
2020-11-29,BL,Saint Barthélemy,,0.0,127,0.0,0
2020-12-06,BL,Saint Barthélemy,,25.0,152,0.0,0
2020-12-13,BL,Saint Barthélemy,,12.0,164,0.0,0
2020-12-20,BL,Saint Barthélemy,,18.0,182,0.0,0
2020-12-27,BL,Saint Barthélemy,,7.0,189,0.0,0
2021-01-03,BL,Saint Barthélemy,,1.0,190,0.0,0
2021-01-10,BL,Saint Barthélemy,,1.0,191,0.0,0
2021-01-17,BL,Saint Barthélemy,,33.0,224,0.0,0
2021-01-24,BL,Saint Barthélemy,,152.0,376,0.0,0
2021-01-31,BL,Saint Barthélemy,,3.0,379,0.0,0
2021-02-07,BL,Saint Barthélemy,,0.0,379,0.0,0
2021-02-14,BL,Saint Barthélemy,,96.0,475,0.0,0
2021-02-21,BL,Saint Barthélemy,,0.0,475,0.0,0
2021-02-28,BL,Saint Barthélemy,,137.0,612,0.0,0
2021-03-07,BL,Saint Barthélemy,,59.0,671,0.0,0
2021-03-14,BL,Saint Barthélemy,,54.0,725,1.0,1
2021-03-21,BL,Saint Barthélemy,,51.0,776,0.0,1
2021-03-28,BL,Saint Barthélemy,,81.0,857,0.0,1
2021-04-04,BL,Saint Barthélemy,,53.0,910,0.0,1
2021-04-11,BL,Saint Barthélemy,,18.0,928,0.0,1
2021-04-18,BL,Saint Barthélemy,,26.0,954,0.0,1
2021-04-25,BL,Saint Barthélemy,,22.0,976,0.0,1
2021-05-02,BL,Saint Barthélemy,,12.0,988,0.0,1
2021-05-09,BL,Saint Barthélemy,,6.0,994,0.0,1
2021-05-16,BL,Saint Barthélemy,,16.0,1010,0.0,1
2021-05-23,BL,Saint Barthélemy,,6.0,1016,0.0,1
2021-05-30,BL,Saint Barthélemy,,7.0,1023,0.0,1
2021-06-06,BL,Saint Barthélemy,,6.0,1029,0.0,1
2021-06-13,BL,Saint Barthélemy,,3.0,1032,0.0,1
2021-06-20,BL,Saint Barthélemy,,8.0,1040,0.0,1
2021-06-27,BL,Saint Barthélemy,,3.0,1043,0.0,1
2021-07-04,BL,Saint Barthélemy,,3.0,1046,0.0,1
2021-07-11,BL,Saint Barthélemy,,6.0,1052,0.0,1
2021-07-18,BL,Saint Barthélemy,,5.0,1057,0.0,1
2021-07-25,BL,Saint Barthélemy,,8.0,1065,0.0,1
2021-08-01,BL,Saint Barthélemy,,270.0,1335,0.0,1
2021-08-08,BL,Saint Barthélemy,,64.0,1399,0.0,1
2021-08-15,BL,Saint Barthélemy,,80.0,1479,0.0,1
2021-08-22,BL,Saint Barthélemy,,74.0,1553,0.0,1
2021-08-29,BL,Saint Barthélemy,,39.0,1592,0.0,1
2021-09-05,BL,Saint Barthélemy,,15.0,1607,1.0,2
2021-09-12,BL,Saint Barthélemy,,6.0,1613,0.0,2
2021-09-19,BL,Saint Barthélemy,,11.0,1624,0.0,2
2021-09-26,BL,Saint Barthélemy,,10.0,1634,0.0,2
2021-10-03,BL,Saint Barthélemy,,15.0,1649,2.0,4
2021-10-10,BL,Saint Barthélemy,,9.0,1658,0.0,4
2021-10-17,BL,Saint Barthélemy,,1.0,1659,0.0,4
2021-10-24,BL,Saint Barthélemy,,0.0,1659,0.0,4
2021-10-31,BL,Saint Barthélemy,,1.0,1660,0.0,4
2021-11-07,BL,Saint Barthélemy,,1.0,1661,0.0,4
2021-11-14,BL,Saint Barthélemy,,0.0,1661,0.0,4
2021-11-21,BL,Saint Barthélemy,,5.0,1666,0.0,4
2021-11-28,BL,Saint Barthélemy,,6.0,1672,0.0,4
2021-12-05,BL,Saint Barthélemy,,2.0,1674,0.0,4
2021-12-12,BL,Saint Barthélemy,,9.0,1683,0.0,4
2021-12-19,BL,Saint Barthélemy,,9.0,1692,0.0,4
2021-12-26,BL,Saint Barthélemy,,34.0,1726,0.0,4
2022-01-02,BL,Saint Barthélemy,,229.0,1955,0.0,4
2022-01-09,BL,Saint Barthélemy,,495.0,2450,0.0,4
2022-01-16,BL,Saint Barthélemy,,502.0,2952,0.0,4
2022-01-23,BL,Saint Barthélemy,,266.0,3218,0.0,4
2022-01-30,BL,Saint Barthélemy,,209.0,3427,0.0,4
2022-02-06,BL,Saint Barthélemy,,115.0,3542,0.0,4
2022-02-13,BL,Saint Barthélemy,,91.0,3633,0.0,4
2022-02-20,BL,Saint Barthélemy,,51.0,3684,0.0,4
2022-02-27,BL,Saint Barthélemy,,27.0,3711,0.0,4
2022-03-06,BL,Saint Barthélemy,,15.0,3726,0.0,4
2022-03-13,BL,Saint Barthélemy,,37.0,3763,0.0,4
2022-03-20,BL,Saint Barthélemy,,42.0,3805,0.0,4
2022-03-27,BL,Saint Barthélemy,,78.0,3883,0.0,4
2022-04-03,BL,Saint Barthélemy,,186.0,4069,0.0,4
2022-04-10,BL,Saint Barthélemy,,164.0,4233,0.0,4
2022-04-17,BL,Saint Barthélemy,,135.0,4368,0.0,4
2022-04-24,BL,Saint Barthélemy,,75.0,4443,0.0,4
2022-05-01,BL,Saint Barthélemy,,44.0,4487,0.0,4
2022-05-08,BL,Saint Barthélemy,,31.0,4518,0.0,4
2022-05-15,BL,Saint Barthélemy,,32.0,4550,0.0,4
2022-05-22,BL,Saint Barthélemy,,21.0,4571,0.0,4
2022-05-29,BL,Saint Barthélemy,,23.0,4594,0.0,4
2022-06-05,BL,Saint Barthélemy,,20.0,4614,0.0,4
2022-06-12,BL,Saint Barthélemy,,32.0,4646,0.0,4
2022-06-19,BL,Saint Barthélemy,,25.0,4671,0.0,4
2022-06-26,BL,Saint Barthélemy,,26.0,4697,0.0,4
2022-07-03,BL,Saint Barthélemy,,43.0,4740,1.0,5
2022-07-10,BL,Saint Barthélemy,,105.0,4845,0.0,5
2022-07-17,BL,Saint Barthélemy,,109.0,4954,0.0,5
2022-07-24,BL,Saint Barthélemy,,101.0,5055,0.0,5
2022-07-31,BL,Saint Barthélemy,,83.0,5138,0.0,5
2022-08-07,BL,Saint Barthélemy,,39.0,5177,0.0,5
2022-08-14,BL,Saint Barthélemy,,31.0,5208,0.0,5
2022-08-21,BL,Saint Barthélemy,,23.0,5231,0.0,5
2022-08-28,BL,Saint Barthélemy,,32.0,5263,0.0,5
2022-09-04,BL,Saint Barthélemy,,0.0,5263,0.0,5
2022-09-11,BL,Saint Barthélemy,,0.0,5263,0.0,5
2022-09-18,BL,Saint Barthélemy,,0.0,5263,0.0,5
2022-09-25,BL,Saint Barthélemy,,22.0,5285,0.0,5
2022-10-02,BL,Saint Barthélemy,,0.0,5285,0.0,5
2022-10-09,BL,Saint Barthélemy,,17.0,5302,0.0,5
2022-10-16,BL,Saint Barthélemy,,11.0,5313,0.0,5
2022-10-23,BL,Saint Barthélemy,,10.0,5323,0.0,5
2022-10-30,BL,Saint Barthélemy,,0.0,5323,0.0,5
2022-11-06,BL,Saint Barthélemy,,9.0,5332,0.0,5
2022-11-13,BL,Saint Barthélemy,,4.0,5336,0.0,5
2022-11-20,BL,Saint Barthélemy,,5.0,5341,0.0,5
2022-11-27,BL,Saint Barthélemy,,7.0,5348,0.0,5
2022-12-04,BL,Saint Barthélemy,,12.0,5360,0.0,5
2022-12-11,BL,Saint Barthélemy,,22.0,5382,0.0,5
2022-12-18,BL,Saint Barthélemy,,9.0,5391,0.0,5
2022-12-25,BL,Saint Barthélemy,,11.0,5402,0.0,5
2023-01-01,BL,Saint Barthélemy,,6.0,5408,0.0,5
2023-01-08,BL,Saint Barthélemy,,10.0,5418,0.0,5
2023-01-15,BL,Saint Barthélemy,,0.0,5418,0.0,5
2023-01-22,BL,Saint Barthélemy,,2.0,5420,0.0,5
2023-01-29,BL,Saint Barthélemy,,6.0,5426,0.0,5
2023-02-05,BL,Saint Barthélemy,,5.0,5431,0.0,5
2023-02-12,BL,Saint Barthélemy,,4.0,5435,0.0,5
2023-02-19,BL,Saint Barthélemy,,4.0,5439,0.0,5
2023-02-26,BL,Saint Barthélemy,,1.0,5440,0.0,5
2023-03-05,BL,Saint Barthélemy,,1.0,5441,0.0,5
2023-03-12,BL,Saint Barthélemy,,8.0,5449,0.0,5
2023-03-19,BL,Saint Barthélemy,,18.0,5467,0.0,5
2023-03-26,BL,Saint Barthélemy,,11.0,5478,0.0,5
2023-04-02,BL,Saint Barthélemy,,0.0,5478,0.0,5
2023-04-09,BL,Saint Barthélemy,,0.0,5478,0.0,5
2023-04-16,BL,Saint Barthélemy,,6.0,5484,0.0,5
2023-04-23,BL,Saint Barthélemy,,1.0,5485,0.0,5
2023-04-30,BL,Saint Barthélemy,,1.0,5486,0.0,5
2023-05-07,BL,Saint Barthélemy,,0.0,5486,0.0,5
2023-05-14,BL,Saint Barthélemy,,0.0,5486,0.0,5
2023-05-21,BL,Saint Barthélemy,,8.0,5494,0.0,5
2023-05-28,BL,Saint Barthélemy,,0.0,5494,0.0,5
2023-06-04,BL,Saint Barthélemy,,0.0,5494,0.0,5
2023-06-11,BL,Saint Barthélemy,,0.0,5494,0.0,5
2023-06-18,BL,Saint Barthélemy,,0.0,5494,0.0,5
2023-06-25,BL,Saint Barthélemy,,13.0,5507,0.0,5
2023-07-02,BL,Saint Barthélemy,,0.0,5507,0.0,5
2023-07-09,BL,Saint Barthélemy,,0.0,5507,0.0,5
2023-07-16,BL,Saint Barthélemy,,0.0,5507,0.0,5
2023-07-23,BL,Saint Barthélemy,,0.0,5507,0.0,5
2023-07-30,BL,Saint Barthélemy,,0.0,5507,0.0,5
2023-08-06,BL,Saint Barthélemy,,0.0,5507,0.0,5
2023-08-13,BL,Saint Barthélemy,,0.0,5507,0.0,5
2023-08-20,BL,Saint Barthélemy,,0.0,5507,0.0,5
2023-08-27,BL,Saint Barthélemy,,0.0,5507,0.0,5
2023-09-03,BL,Saint Barthélemy,,0.0,5507,0.0,5
2023-09-10,BL,Saint Barthélemy,,0.0,5507,0.0,5
2023-09-17,BL,Saint Barthélemy,,0.0,5507,0.0,5
2023-09-24,BL,Saint Barthélemy,,0.0,5507,0.0,5
2023-10-01,BL,Saint Barthélemy,,0.0,5507,0.0,5
2023-10-08,BL,Saint Barthélemy,,0.0,5507,0.0,5
2023-10-15,BL,Saint Barthélemy,,0.0,5507,0.0,5
2023-10-22,BL,Saint Barthélemy,,0.0,5507,0.0,5
2023-10-29,BL,Saint Barthélemy,,0.0,5507,0.0,5
2023-11-05,BL,Saint Barthélemy,,0.0,5507,0.0,5
2023-11-12,BL,Saint Barthélemy,,0.0,5507,0.0,5
2023-11-19,BL,Saint Barthélemy,,0.0,5507,0.0,5
2023-11-26,BL,Saint Barthélemy,,0.0,5507,0.0,5
2023-12-03,BL,Saint Barthélemy,,0.0,5507,0.0,5
2023-12-10,BL,Saint Barthélemy,,0.0,5507,0.0,5
2023-12-17,BL,Saint Barthélemy,,0.0,5507,0.0,5
2023-12-24,BL,Saint Barthélemy,,0.0,5507,0.0,5
2023-12-31,BL,Saint Barthélemy,,0.0,5507,0.0,5
2024-01-07,BL,Saint Barthélemy,,0.0,5507,0.0,5
2024-01-14,BL,Saint Barthélemy,,0.0,5507,0.0,5
2024-01-21,BL,Saint Barthélemy,,0.0,5507,0.0,5
2024-01-28,BL,Saint Barthélemy,,0.0,5507,0.0,5
2024-02-04,BL,Saint Barthélemy,,0.0,5507,0.0,5
2024-02-11,BL,Saint Barthélemy,,0.0,5507,0.0,5
2024-02-18,BL,Saint Barthélemy,,0.0,5507,0.0,5
2024-02-25,BL,Saint Barthélemy,,0.0,5507,0.0,5
2024-03-03,BL,Saint Barthélemy,,0.0,5507,0.0,5
2024-03-10,BL,Saint Barthélemy,,0.0,5507,0.0,5
2024-03-17,BL,Saint Barthélemy,,0.0,5507,0.0,5
2024-03-24,BL,Saint Barthélemy,,0.0,5507,0.0,5
2024-03-31,BL,Saint Barthélemy,,0.0,5507,0.0,5
2024-04-07,BL,Saint Barthélemy,,0.0,5507,0.0,5
2024-04-14,BL,Saint Barthélemy,,0.0,5507,0.0,5
2024-04-21,BL,Saint Barthélemy,,0.0,5507,0.0,5
2024-04-28,BL,Saint Barthélemy,,0.0,5507,0.0,5
