Date_reported,Country_code,Country,WHO_region,New_cases,Cumulative_cases,New_deaths,Cumulative_deaths
2020-03-15,BN,Brunei Darussalam,WPRO,40.0,40,0.0,0
2020-03-22,BN,Brunei Darussalam,WPRO,43.0,83,0.0,0
2020-03-29,BN,Brunei Darussalam,WPRO,37.0,120,1.0,1
2020-04-05,BN,Brunei Darussalam,WPRO,15.0,135,0.0,1
2020-04-12,BN,Brunei Darussalam,WPRO,1.0,136,0.0,1
2020-04-19,BN,Brunei Darussalam,WPRO,1.0,137,0.0,1
2020-04-26,BN,Brunei Darussalam,WPRO,1.0,138,0.0,1
2020-05-03,BN,Brunei Darussalam,WPRO,0.0,138,0.0,1
2020-05-10,BN,Brunei Darussalam,WPRO,3.0,141,0.0,1
2020-05-17,BN,Brunei Darussalam,WPRO,0.0,141,0.0,1
2020-05-24,BN,Brunei Darussalam,WPRO,0.0,141,0.0,1
2020-05-31,BN,Brunei Darussalam,WPRO,0.0,141,1.0,2
2020-06-07,BN,Brunei Darussalam,WPRO,0.0,141,0.0,2
2020-06-14,BN,Brunei Darussalam,WPRO,0.0,141,0.0,2
2020-06-21,BN,Brunei Darussalam,WPRO,0.0,141,1.0,3
2020-06-28,BN,Brunei Darussalam,WPRO,0.0,141,0.0,3
2020-07-05,BN,Brunei Darussalam,WPRO,0.0,141,0.0,3
2020-07-12,BN,Brunei Darussalam,WPRO,0.0,141,0.0,3
2020-07-19,BN,Brunei Darussalam,WPRO,0.0,141,0.0,3
2020-07-26,BN,Brunei Darussalam,WPRO,0.0,141,0.0,3
2020-08-02,BN,Brunei Darussalam,WPRO,0.0,141,0.0,3
2020-08-09,BN,Brunei Darussalam,WPRO,1.0,142,0.0,3
2020-08-16,BN,Brunei Darussalam,WPRO,0.0,142,0.0,3
2020-08-23,BN,Brunei Darussalam,WPRO,1.0,143,0.0,3
2020-08-30,BN,Brunei Darussalam,WPRO,1.0,144,0.0,3
2020-09-06,BN,Brunei Darussalam,WPRO,1.0,145,0.0,3
2020-09-13,BN,Brunei Darussalam,WPRO,0.0,145,0.0,3
2020-09-20,BN,Brunei Darussalam,WPRO,0.0,145,0.0,3
2020-09-27,BN,Brunei Darussalam,WPRO,1.0,146,0.0,3
2020-10-04,BN,Brunei Darussalam,WPRO,0.0,146,0.0,3
2020-10-11,BN,Brunei Darussalam,WPRO,0.0,146,0.0,3
2020-10-18,BN,Brunei Darussalam,WPRO,1.0,147,0.0,3
2020-10-25,BN,Brunei Darussalam,WPRO,1.0,148,0.0,3
2020-11-01,BN,Brunei Darussalam,WPRO,0.0,148,0.0,3
2020-11-08,BN,Brunei Darussalam,WPRO,0.0,148,0.0,3
2020-11-15,BN,Brunei Darussalam,WPRO,0.0,148,0.0,3
2020-11-22,BN,Brunei Darussalam,WPRO,0.0,148,0.0,3
2020-11-29,BN,Brunei Darussalam,WPRO,2.0,150,0.0,3
2020-12-06,BN,Brunei Darussalam,WPRO,1.0,151,0.0,3
2020-12-13,BN,Brunei Darussalam,WPRO,1.0,152,0.0,3
2020-12-20,BN,Brunei Darussalam,WPRO,0.0,152,0.0,3
2020-12-27,BN,Brunei Darussalam,WPRO,0.0,152,0.0,3
2021-01-03,BN,Brunei Darussalam,WPRO,20.0,172,0.0,3
2021-01-10,BN,Brunei Darussalam,WPRO,1.0,173,0.0,3
2021-01-17,BN,Brunei Darussalam,WPRO,1.0,174,0.0,3
2021-01-24,BN,Brunei Darussalam,WPRO,1.0,175,0.0,3
2021-01-31,BN,Brunei Darussalam,WPRO,5.0,180,0.0,3
2021-02-07,BN,Brunei Darussalam,WPRO,1.0,181,0.0,3
2021-02-14,BN,Brunei Darussalam,WPRO,3.0,184,0.0,3
2021-02-21,BN,Brunei Darussalam,WPRO,1.0,185,0.0,3
2021-02-28,BN,Brunei Darussalam,WPRO,1.0,186,0.0,3
2021-03-07,BN,Brunei Darussalam,WPRO,4.0,190,0.0,3
2021-03-14,BN,Brunei Darussalam,WPRO,9.0,199,0.0,3
2021-03-21,BN,Brunei Darussalam,WPRO,7.0,206,0.0,3
2021-03-28,BN,Brunei Darussalam,WPRO,1.0,207,0.0,3
2021-04-04,BN,Brunei Darussalam,WPRO,7.0,214,0.0,3
2021-04-11,BN,Brunei Darussalam,WPRO,5.0,219,0.0,3
2021-04-18,BN,Brunei Darussalam,WPRO,2.0,221,0.0,3
2021-04-25,BN,Brunei Darussalam,WPRO,2.0,223,0.0,3
2021-05-02,BN,Brunei Darussalam,WPRO,4.0,227,0.0,3
2021-05-09,BN,Brunei Darussalam,WPRO,3.0,230,0.0,3
2021-05-16,BN,Brunei Darussalam,WPRO,2.0,232,0.0,3
2021-05-23,BN,Brunei Darussalam,WPRO,4.0,236,0.0,3
2021-05-30,BN,Brunei Darussalam,WPRO,6.0,242,0.0,3
2021-06-06,BN,Brunei Darussalam,WPRO,2.0,244,0.0,3
2021-06-13,BN,Brunei Darussalam,WPRO,6.0,250,0.0,3
2021-06-20,BN,Brunei Darussalam,WPRO,5.0,255,0.0,3
2021-06-27,BN,Brunei Darussalam,WPRO,4.0,259,0.0,3
2021-07-04,BN,Brunei Darussalam,WPRO,3.0,262,0.0,3
2021-07-11,BN,Brunei Darussalam,WPRO,13.0,275,0.0,3
2021-07-18,BN,Brunei Darussalam,WPRO,16.0,291,0.0,3
2021-07-25,BN,Brunei Darussalam,WPRO,30.0,321,0.0,3
2021-08-01,BN,Brunei Darussalam,WPRO,17.0,338,0.0,3
2021-08-08,BN,Brunei Darussalam,WPRO,26.0,364,0.0,3
2021-08-15,BN,Brunei Darussalam,WPRO,359.0,723,1.0,4
2021-08-22,BN,Brunei Darussalam,WPRO,1046.0,1769,7.0,11
2021-08-29,BN,Brunei Darussalam,WPRO,796.0,2565,5.0,16
2021-09-05,BN,Brunei Darussalam,WPRO,764.0,3329,4.0,20
2021-09-12,BN,Brunei Darussalam,WPRO,834.0,4163,5.0,25
2021-09-19,BN,Brunei Darussalam,WPRO,884.0,5047,7.0,32
2021-09-26,BN,Brunei Darussalam,WPRO,1493.0,6540,6.0,38
2021-10-03,BN,Brunei Darussalam,WPRO,1176.0,7716,6.0,44
2021-10-10,BN,Brunei Darussalam,WPRO,1264.0,8980,5.0,49
2021-10-17,BN,Brunei Darussalam,WPRO,1880.0,10860,7.0,56
2021-10-24,BN,Brunei Darussalam,WPRO,1253.0,12113,1.0,57
2021-10-31,BN,Brunei Darussalam,WPRO,1017.0,13130,1.0,58
2021-11-07,BN,Brunei Darussalam,WPRO,652.0,13782,3.0,61
2021-11-14,BN,Brunei Darussalam,WPRO,433.0,14215,0.0,61
2021-11-21,BN,Brunei Darussalam,WPRO,376.0,14591,0.0,61
2021-11-28,BN,Brunei Darussalam,WPRO,445.0,15036,0.0,61
2021-12-05,BN,Brunei Darussalam,WPRO,150.0,15186,0.0,61
2021-12-12,BN,Brunei Darussalam,WPRO,162.0,15348,0.0,61
2021-12-19,BN,Brunei Darussalam,WPRO,54.0,15402,0.0,61
2021-12-26,BN,Brunei Darussalam,WPRO,45.0,15447,0.0,61
2022-01-02,BN,Brunei Darussalam,WPRO,52.0,15499,1.0,62
2022-01-09,BN,Brunei Darussalam,WPRO,135.0,15634,0.0,62
2022-01-16,BN,Brunei Darussalam,WPRO,247.0,15881,0.0,62
2022-01-23,BN,Brunei Darussalam,WPRO,251.0,16132,0.0,62
2022-01-30,BN,Brunei Darussalam,WPRO,281.0,16413,0.0,62
2022-02-06,BN,Brunei Darussalam,WPRO,1371.0,17784,0.0,62
2022-02-13,BN,Brunei Darussalam,WPRO,4731.0,22515,2.0,64
2022-02-20,BN,Brunei Darussalam,WPRO,12464.0,34979,3.0,67
2022-02-27,BN,Brunei Darussalam,WPRO,24468.0,59447,6.0,73
2022-03-06,BN,Brunei Darussalam,WPRO,29402.0,88849,11.0,84
2022-03-13,BN,Brunei Darussalam,WPRO,23244.0,112093,8.0,92
2022-03-20,BN,Brunei Darussalam,WPRO,12623.0,124716,2.0,94
2022-03-27,BN,Brunei Darussalam,WPRO,6687.0,131403,6.0,100
2022-04-03,BN,Brunei Darussalam,WPRO,4571.0,135974,0.0,100
2022-04-10,BN,Brunei Darussalam,WPRO,2556.0,138530,1.0,101
2022-04-17,BN,Brunei Darussalam,WPRO,1493.0,140023,0.0,101
2022-04-24,BN,Brunei Darussalam,WPRO,1096.0,141119,0.0,101
2022-05-01,BN,Brunei Darussalam,WPRO,792.0,141911,0.0,101
2022-05-08,BN,Brunei Darussalam,WPRO,947.0,142858,0.0,101
2022-05-15,BN,Brunei Darussalam,WPRO,1801.0,144659,0.0,101
2022-05-22,BN,Brunei Darussalam,WPRO,1827.0,146486,0.0,101
2022-05-29,BN,Brunei Darussalam,WPRO,1603.0,148089,0.0,101
2022-06-05,BN,Brunei Darussalam,WPRO,2313.0,150402,0.0,101
2022-06-12,BN,Brunei Darussalam,WPRO,2691.0,153093,0.0,101
2022-06-19,BN,Brunei Darussalam,WPRO,3930.0,157023,0.0,101
2022-06-26,BN,Brunei Darussalam,WPRO,0.0,157023,1.0,102
2022-07-03,BN,Brunei Darussalam,WPRO,6504.0,163527,5.0,107
2022-07-10,BN,Brunei Darussalam,WPRO,9610.0,173137,10.0,117
2022-07-17,BN,Brunei Darussalam,WPRO,11858.0,184995,4.0,121
2022-07-24,BN,Brunei Darussalam,WPRO,12420.0,197415,1.0,122
2022-07-31,BN,Brunei Darussalam,WPRO,8745.0,206160,0.0,122
2022-08-07,BN,Brunei Darussalam,WPRO,9123.0,215283,6.0,128
2022-08-14,BN,Brunei Darussalam,WPRO,2976.0,218259,0.0,128
2022-08-21,BN,Brunei Darussalam,WPRO,1986.0,220245,0.0,128
2022-08-28,BN,Brunei Darussalam,WPRO,1454.0,221699,1.0,129
2022-09-04,BN,Brunei Darussalam,WPRO,1360.0,223059,1.0,130
2022-09-11,BN,Brunei Darussalam,WPRO,1551.0,224610,1.0,131
2022-09-18,BN,Brunei Darussalam,WPRO,1627.0,226237,0.0,131
2022-09-25,BN,Brunei Darussalam,WPRO,1519.0,227756,0.0,131
2022-10-02,BN,Brunei Darussalam,WPRO,1909.0,229665,2.0,133
2022-10-09,BN,Brunei Darussalam,WPRO,2168.0,231833,1.0,134
2022-10-16,BN,Brunei Darussalam,WPRO,2749.0,234582,1.0,135
2022-10-23,BN,Brunei Darussalam,WPRO,3074.0,237656,1.0,136
2022-10-30,BN,Brunei Darussalam,WPRO,3388.0,241044,0.0,136
2022-11-06,BN,Brunei Darussalam,WPRO,3555.0,244599,1.0,137
2022-11-13,BN,Brunei Darussalam,WPRO,4262.0,248861,0.0,137
2022-11-20,BN,Brunei Darussalam,WPRO,4545.0,253406,6.0,143
2022-11-27,BN,Brunei Darussalam,WPRO,4515.0,257921,1.0,144
2022-12-04,BN,Brunei Darussalam,WPRO,3519.0,261440,1.0,145
2022-12-11,BN,Brunei Darussalam,WPRO,3050.0,264490,1.0,146
2022-12-18,BN,Brunei Darussalam,WPRO,2329.0,266819,1.0,147
2022-12-25,BN,Brunei Darussalam,WPRO,1796.0,268615,1.0,148
2023-01-01,BN,Brunei Darussalam,WPRO,1584.0,270199,0.0,148
2023-01-08,BN,Brunei Darussalam,WPRO,2447.0,272646,0.0,148
2023-01-15,BN,Brunei Darussalam,WPRO,0.0,272646,0.0,148
2023-01-22,BN,Brunei Darussalam,WPRO,1571.0,274217,0.0,148
2023-01-29,BN,Brunei Darussalam,WPRO,1003.0,275220,0.0,148
2023-02-05,BN,Brunei Darussalam,WPRO,847.0,276067,0.0,148
2023-02-12,BN,Brunei Darussalam,WPRO,758.0,276825,1.0,149
2023-02-19,BN,Brunei Darussalam,WPRO,616.0,277441,1.0,150
2023-02-26,BN,Brunei Darussalam,WPRO,551.0,277992,0.0,150
2023-03-05,BN,Brunei Darussalam,WPRO,706.0,278698,0.0,150
2023-03-12,BN,Brunei Darussalam,WPRO,963.0,279661,0.0,150
2023-03-19,BN,Brunei Darussalam,WPRO,1129.0,280790,1.0,151
2023-03-26,BN,Brunei Darussalam,WPRO,1166.0,281956,2.0,153
2023-04-02,BN,Brunei Darussalam,WPRO,1389.0,283345,0.0,153
2023-04-09,BN,Brunei Darussalam,WPRO,1287.0,284632,0.0,153
2023-04-16,BN,Brunei Darussalam,WPRO,1108.0,285740,2.0,155
2023-04-23,BN,Brunei Darussalam,WPRO,1070.0,286810,0.0,155
2023-04-30,BN,Brunei Darussalam,WPRO,1241.0,288051,2.0,157
2023-05-07,BN,Brunei Darussalam,WPRO,4593.0,292644,3.0,160
2023-05-14,BN,Brunei Darussalam,WPRO,6861.0,299505,0.0,160
2023-05-21,BN,Brunei Darussalam,WPRO,4214.0,303719,1.0,161
2023-05-28,BN,Brunei Darussalam,WPRO,2614.0,306333,0.0,161
2023-06-04,BN,Brunei Darussalam,WPRO,1353.0,307686,0.0,161
2023-06-11,BN,Brunei Darussalam,WPRO,1091.0,308777,0.0,161
2023-06-18,BN,Brunei Darussalam,WPRO,338.0,309115,0.0,161
2023-06-25,BN,Brunei Darussalam,WPRO,275.0,309390,0.0,161
2023-07-02,BN,Brunei Darussalam,WPRO,171.0,309561,0.0,161
2023-07-09,BN,Brunei Darussalam,WPRO,252.0,309813,1.0,162
2023-07-16,BN,Brunei Darussalam,WPRO,117.0,309930,0.0,162
2023-07-23,BN,Brunei Darussalam,WPRO,89.0,310019,0.0,162
2023-07-30,BN,Brunei Darussalam,WPRO,87.0,310106,1.0,163
2023-08-06,BN,Brunei Darussalam,WPRO,119.0,310225,0.0,163
2023-08-13,BN,Brunei Darussalam,WPRO,154.0,310379,0.0,163
2023-08-20,BN,Brunei Darussalam,WPRO,0.0,310379,0.0,163
2023-08-27,BN,Brunei Darussalam,WPRO,173.0,310552,0.0,163
2023-09-03,BN,Brunei Darussalam,WPRO,78.0,310630,0.0,163
2023-09-10,BN,Brunei Darussalam,WPRO,146.0,310776,0.0,163
2023-09-17,BN,Brunei Darussalam,WPRO,244.0,311020,0.0,163
2023-09-24,BN,Brunei Darussalam,WPRO,216.0,311236,0.0,163
2023-10-01,BN,Brunei Darussalam,WPRO,213.0,311449,0.0,163
2023-10-08,BN,Brunei Darussalam,WPRO,165.0,311614,0.0,163
2023-10-15,BN,Brunei Darussalam,WPRO,291.0,311905,0.0,163
2023-10-22,BN,Brunei Darussalam,WPRO,289.0,312194,0.0,163
2023-10-29,BN,Brunei Darussalam,WPRO,330.0,312524,0.0,163
2023-11-05,BN,Brunei Darussalam,WPRO,368.0,312892,0.0,163
2023-11-12,BN,Brunei Darussalam,WPRO,488.0,313380,0.0,163
2023-11-19,BN,Brunei Darussalam,WPRO,539.0,313919,0.0,163
2023-11-26,BN,Brunei Darussalam,WPRO,691.0,314610,0.0,163
2023-12-03,BN,Brunei Darussalam,WPRO,1123.0,315733,1.0,164
2023-12-10,BN,Brunei Darussalam,WPRO,1854.0,317587,2.0,166
2023-12-17,BN,Brunei Darussalam,WPRO,3648.0,321235,2.0,168
2023-12-24,BN,Brunei Darussalam,WPRO,5040.0,326275,2.0,170
2023-12-31,BN,Brunei Darussalam,WPRO,4501.0,330776,1.0,171
2024-01-07,BN,Brunei Darussalam,WPRO,3459.0,334235,5.0,176
2024-01-14,BN,Brunei Darussalam,WPRO,4334.0,338569,1.0,177
2024-01-21,BN,Brunei Darussalam,WPRO,2373.0,340942,1.0,178
2024-01-28,BN,Brunei Darussalam,WPRO,1318.0,342260,0.0,178
2024-02-04,BN,Brunei Darussalam,WPRO,542.0,342802,0.0,178
2024-02-11,BN,Brunei Darussalam,WPRO,273.0,343075,0.0,178
2024-02-18,BN,Brunei Darussalam,WPRO,124.0,343199,0.0,178
2024-02-25,BN,Brunei Darussalam,WPRO,168.0,343367,0.0,178
2024-03-03,BN,Brunei Darussalam,WPRO,102.0,343469,0.0,178
2024-03-10,BN,Brunei Darussalam,WPRO,108.0,343577,0.0,178
2024-03-17,BN,Brunei Darussalam,WPRO,76.0,343653,0.0,178
2024-03-24,BN,Brunei Darussalam,WPRO,66.0,343719,0.0,178
2024-03-31,BN,Brunei Darussalam,WPRO,51.0,343770,0.0,178
2024-04-07,BN,Brunei Darussalam,WPRO,20.0,343790,0.0,178
2024-04-14,BN,Brunei Darussalam,WPRO,36.0,343826,0.0,178
2024-04-21,BN,Brunei Darussalam,WPRO,25.0,343851,0.0,178
2024-04-28,BN,Brunei Darussalam,WPRO,85.0,343936,0.0,178
