Date_reported,Country_code,Country,WHO_region,New_cases,Cumulative_cases,New_deaths,Cumulative_deaths
2020-03-15,BO,Bolivia (Plurinational State of),AMRO,10.0,10,0.0,0
2020-03-22,BO,Bolivia (Plurinational State of),AMRO,9.0,19,0.0,0
2020-03-29,BO,Bolivia (Plurinational State of),AMRO,71.0,90,0.0,0
2020-04-05,BO,Bolivia (Plurinational State of),AMRO,49.0,139,10.0,10
2020-04-12,BO,Bolivia (Plurinational State of),AMRO,136.0,275,10.0,20
2020-04-19,BO,Bolivia (Plurinational State of),AMRO,218.0,493,11.0,31
2020-04-26,BO,Bolivia (Plurinational State of),AMRO,314.0,807,13.0,44
2020-05-03,BO,Bolivia (Plurinational State of),AMRO,422.0,1229,22.0,66
2020-05-10,BO,Bolivia (Plurinational State of),AMRO,1037.0,2266,40.0,106
2020-05-17,BO,Bolivia (Plurinational State of),AMRO,1311.0,3577,58.0,164
2020-05-24,BO,Bolivia (Plurinational State of),AMRO,2002.0,5579,66.0,230
2020-05-31,BO,Bolivia (Plurinational State of),AMRO,3152.0,8731,70.0,300
2020-06-07,BO,Bolivia (Plurinational State of),AMRO,3997.0,12728,127.0,427
2020-06-14,BO,Bolivia (Plurinational State of),AMRO,4201.0,16929,132.0,559
2020-06-21,BO,Bolivia (Plurinational State of),AMRO,5547.0,22476,156.0,715
2020-06-28,BO,Bolivia (Plurinational State of),AMRO,6947.0,29423,219.0,934
2020-07-05,BO,Bolivia (Plurinational State of),AMRO,7395.0,36818,386.0,1320
2020-07-12,BO,Bolivia (Plurinational State of),AMRO,8747.0,45565,382.0,1702
2020-07-19,BO,Bolivia (Plurinational State of),AMRO,10537.0,56102,347.0,2049
2020-07-26,BO,Bolivia (Plurinational State of),AMRO,10354.0,66456,424.0,2473
2020-08-02,BO,Bolivia (Plurinational State of),AMRO,10333.0,76789,504.0,2977
2020-08-09,BO,Bolivia (Plurinational State of),AMRO,11102.0,87891,547.0,3524
2020-08-16,BO,Bolivia (Plurinational State of),AMRO,10059.0,97950,415.0,3939
2020-08-23,BO,Bolivia (Plurinational State of),AMRO,9485.0,107435,427.0,4366
2020-08-30,BO,Bolivia (Plurinational State of),AMRO,6974.0,114409,480.0,4846
2020-09-06,BO,Bolivia (Plurinational State of),AMRO,5171.0,119580,497.0,5343
2020-09-13,BO,Bolivia (Plurinational State of),AMRO,5592.0,125172,1907.0,7250
2020-09-20,BO,Bolivia (Plurinational State of),AMRO,4879.0,130051,300.0,7550
2020-09-27,BO,Bolivia (Plurinational State of),AMRO,3171.0,133222,250.0,7800
2020-10-04,BO,Bolivia (Plurinational State of),AMRO,2997.0,136219,245.0,8045
2020-10-11,BO,Bolivia (Plurinational State of),AMRO,2007.0,138226,217.0,8262
2020-10-18,BO,Bolivia (Plurinational State of),AMRO,1336.0,139562,177.0,8439
2020-10-25,BO,Bolivia (Plurinational State of),AMRO,1050.0,140612,169.0,8608
2020-11-01,BO,Bolivia (Plurinational State of),AMRO,1019.0,141631,107.0,8715
2020-11-08,BO,Bolivia (Plurinational State of),AMRO,712.0,142343,66.0,8781
2020-11-15,BO,Bolivia (Plurinational State of),AMRO,726.0,143069,54.0,8835
2020-11-22,BO,Bolivia (Plurinational State of),AMRO,785.0,143854,65.0,8900
2020-11-29,BO,Bolivia (Plurinational State of),AMRO,640.0,144494,43.0,8943
2020-12-06,BO,Bolivia (Plurinational State of),AMRO,831.0,145325,44.0,8987
2020-12-13,BO,Bolivia (Plurinational State of),AMRO,1372.0,146697,26.0,9013
2020-12-20,BO,Bolivia (Plurinational State of),AMRO,2452.0,149149,20.0,9033
2020-12-27,BO,Bolivia (Plurinational State of),AMRO,4441.0,153590,50.0,9083
2021-01-03,BO,Bolivia (Plurinational State of),AMRO,7395.0,160985,92.0,9175
2021-01-10,BO,Bolivia (Plurinational State of),AMRO,10169.0,171154,153.0,9328
2021-01-17,BO,Bolivia (Plurinational State of),AMRO,12435.0,183589,243.0,9571
2021-01-24,BO,Bolivia (Plurinational State of),AMRO,14668.0,198257,300.0,9871
2021-01-31,BO,Bolivia (Plurinational State of),AMRO,15135.0,213392,355.0,10226
2021-02-07,BO,Bolivia (Plurinational State of),AMRO,12518.0,225910,461.0,10687
2021-02-14,BO,Bolivia (Plurinational State of),AMRO,9188.0,235098,420.0,11107
2021-02-21,BO,Bolivia (Plurinational State of),AMRO,5578.0,240676,283.0,11390
2021-02-28,BO,Bolivia (Plurinational State of),AMRO,7215.0,247891,219.0,11609
2021-03-07,BO,Bolivia (Plurinational State of),AMRO,5406.0,253297,180.0,11789
2021-03-14,BO,Bolivia (Plurinational State of),AMRO,5027.0,258324,114.0,11903
2021-03-21,BO,Bolivia (Plurinational State of),AMRO,5484.0,263808,138.0,12041
2021-03-28,BO,Bolivia (Plurinational State of),AMRO,4903.0,268711,102.0,12143
2021-04-04,BO,Bolivia (Plurinational State of),AMRO,5236.0,273947,162.0,12305
2021-04-11,BO,Bolivia (Plurinational State of),AMRO,6702.0,280649,123.0,12428
2021-04-18,BO,Bolivia (Plurinational State of),AMRO,6711.0,287360,197.0,12625
2021-04-25,BO,Bolivia (Plurinational State of),AMRO,8532.0,295892,158.0,12783
2021-05-02,BO,Bolivia (Plurinational State of),AMRO,9702.0,305594,192.0,12975
2021-05-09,BO,Bolivia (Plurinational State of),AMRO,10559.0,316153,207.0,13182
2021-05-16,BO,Bolivia (Plurinational State of),AMRO,13580.0,329733,269.0,13451
2021-05-23,BO,Bolivia (Plurinational State of),AMRO,16337.0,346070,406.0,13857
2021-05-30,BO,Bolivia (Plurinational State of),AMRO,18500.0,364570,520.0,14377
2021-06-06,BO,Bolivia (Plurinational State of),AMRO,18887.0,383457,523.0,14900
2021-06-13,BO,Bolivia (Plurinational State of),AMRO,19834.0,403291,517.0,15417
2021-06-20,BO,Bolivia (Plurinational State of),AMRO,16022.0,419313,592.0,16009
2021-06-27,BO,Bolivia (Plurinational State of),AMRO,12047.0,431360,487.0,16496
2021-07-04,BO,Bolivia (Plurinational State of),AMRO,11524.0,442884,383.0,16879
2021-07-11,BO,Bolivia (Plurinational State of),AMRO,9792.0,452676,294.0,17173
2021-07-18,BO,Bolivia (Plurinational State of),AMRO,8142.0,460818,233.0,17406
2021-07-25,BO,Bolivia (Plurinational State of),AMRO,6525.0,467343,207.0,17613
2021-08-01,BO,Bolivia (Plurinational State of),AMRO,5470.0,472813,193.0,17806
2021-08-08,BO,Bolivia (Plurinational State of),AMRO,4449.0,477262,153.0,17959
2021-08-15,BO,Bolivia (Plurinational State of),AMRO,4369.0,481631,193.0,18152
2021-08-22,BO,Bolivia (Plurinational State of),AMRO,4295.0,485926,117.0,18269
2021-08-29,BO,Bolivia (Plurinational State of),AMRO,3007.0,488933,102.0,18371
2021-09-05,BO,Bolivia (Plurinational State of),AMRO,3287.0,492220,126.0,18497
2021-09-12,BO,Bolivia (Plurinational State of),AMRO,2444.0,494664,71.0,18568
2021-09-19,BO,Bolivia (Plurinational State of),AMRO,2036.0,496700,80.0,18648
2021-09-26,BO,Bolivia (Plurinational State of),AMRO,1895.0,498595,48.0,18696
2021-10-03,BO,Bolivia (Plurinational State of),AMRO,2228.0,500823,54.0,18750
2021-10-10,BO,Bolivia (Plurinational State of),AMRO,2609.0,503432,39.0,18789
2021-10-17,BO,Bolivia (Plurinational State of),AMRO,2718.0,506150,35.0,18824
2021-10-24,BO,Bolivia (Plurinational State of),AMRO,3126.0,509276,72.0,18896
2021-10-31,BO,Bolivia (Plurinational State of),AMRO,3836.0,513112,28.0,18924
2021-11-07,BO,Bolivia (Plurinational State of),AMRO,4117.0,517229,36.0,18960
2021-11-14,BO,Bolivia (Plurinational State of),AMRO,5301.0,522530,44.0,19004
2021-11-21,BO,Bolivia (Plurinational State of),AMRO,5877.0,528407,47.0,19051
2021-11-28,BO,Bolivia (Plurinational State of),AMRO,6708.0,535115,86.0,19137
2021-12-05,BO,Bolivia (Plurinational State of),AMRO,5754.0,540869,68.0,19205
2021-12-12,BO,Bolivia (Plurinational State of),AMRO,10647.0,551516,100.0,19305
2021-12-19,BO,Bolivia (Plurinational State of),AMRO,11122.0,562638,103.0,19408
2021-12-26,BO,Bolivia (Plurinational State of),AMRO,12609.0,575247,122.0,19530
2022-01-02,BO,Bolivia (Plurinational State of),AMRO,24506.0,599753,150.0,19680
2022-01-09,BO,Bolivia (Plurinational State of),AMRO,53066.0,652819,208.0,19888
2022-01-16,BO,Bolivia (Plurinational State of),AMRO,72640.0,725459,261.0,20149
2022-01-23,BO,Bolivia (Plurinational State of),AMRO,79218.0,804677,421.0,20570
2022-01-30,BO,Bolivia (Plurinational State of),AMRO,37080.0,841757,254.0,20824
2022-02-06,BO,Bolivia (Plurinational State of),AMRO,28135.0,869892,278.0,21102
2022-02-13,BO,Bolivia (Plurinational State of),AMRO,13490.0,883382,182.0,21284
2022-02-20,BO,Bolivia (Plurinational State of),AMRO,6129.0,889511,88.0,21372
2022-02-27,BO,Bolivia (Plurinational State of),AMRO,2340.0,891851,34.0,21406
2022-03-06,BO,Bolivia (Plurinational State of),AMRO,2700.0,894551,49.0,21455
2022-03-13,BO,Bolivia (Plurinational State of),AMRO,2834.0,897385,18.0,21473
2022-03-20,BO,Bolivia (Plurinational State of),AMRO,2312.0,899697,9.0,21482
2022-03-27,BO,Bolivia (Plurinational State of),AMRO,1595.0,901292,5.0,21487
2022-04-03,BO,Bolivia (Plurinational State of),AMRO,1156.0,902448,409.0,21896
2022-04-10,BO,Bolivia (Plurinational State of),AMRO,858.0,903306,3.0,21899
2022-04-17,BO,Bolivia (Plurinational State of),AMRO,582.0,903888,4.0,21903
2022-04-24,BO,Bolivia (Plurinational State of),AMRO,324.0,904212,3.0,21906
2022-05-01,BO,Bolivia (Plurinational State of),AMRO,671.0,904883,4.0,21910
2022-05-08,BO,Bolivia (Plurinational State of),AMRO,472.0,905355,15.0,21925
2022-05-15,BO,Bolivia (Plurinational State of),AMRO,465.0,905820,1.0,21926
2022-05-22,BO,Bolivia (Plurinational State of),AMRO,1193.0,907013,17.0,21943
2022-05-29,BO,Bolivia (Plurinational State of),AMRO,1370.0,908383,4.0,21947
2022-06-05,BO,Bolivia (Plurinational State of),AMRO,1250.0,909633,1.0,21948
2022-06-12,BO,Bolivia (Plurinational State of),AMRO,2002.0,911635,2.0,21950
2022-06-19,BO,Bolivia (Plurinational State of),AMRO,2617.0,914252,1.0,21951
2022-06-26,BO,Bolivia (Plurinational State of),AMRO,5485.0,919737,1.0,21952
2022-07-03,BO,Bolivia (Plurinational State of),AMRO,8713.0,928450,3.0,21955
2022-07-10,BO,Bolivia (Plurinational State of),AMRO,13857.0,942307,9.0,21964
2022-07-17,BO,Bolivia (Plurinational State of),AMRO,14322.0,956629,13.0,21977
2022-07-24,BO,Bolivia (Plurinational State of),AMRO,40986.0,997615,36.0,22013
2022-07-31,BO,Bolivia (Plurinational State of),AMRO,34408.0,1032023,40.0,22053
2022-08-07,BO,Bolivia (Plurinational State of),AMRO,28461.0,1060484,36.0,22089
2022-08-14,BO,Bolivia (Plurinational State of),AMRO,16331.0,1076815,31.0,22120
2022-08-21,BO,Bolivia (Plurinational State of),AMRO,14653.0,1091468,47.0,22167
2022-08-28,BO,Bolivia (Plurinational State of),AMRO,7566.0,1099034,24.0,22191
2022-09-04,BO,Bolivia (Plurinational State of),AMRO,4522.0,1103556,14.0,22205
2022-09-11,BO,Bolivia (Plurinational State of),AMRO,2256.0,1105812,11.0,22216
2022-09-18,BO,Bolivia (Plurinational State of),AMRO,1237.0,1107049,11.0,22227
2022-09-25,BO,Bolivia (Plurinational State of),AMRO,733.0,1107782,5.0,22232
2022-10-02,BO,Bolivia (Plurinational State of),AMRO,480.0,1108262,5.0,22237
2022-10-09,BO,Bolivia (Plurinational State of),AMRO,386.0,1108648,0.0,22237
2022-10-16,BO,Bolivia (Plurinational State of),AMRO,300.0,1108948,0.0,22237
2022-10-23,BO,Bolivia (Plurinational State of),AMRO,264.0,1109212,2.0,22239
2022-10-30,BO,Bolivia (Plurinational State of),AMRO,205.0,1109417,0.0,22239
2022-11-06,BO,Bolivia (Plurinational State of),AMRO,164.0,1109581,1.0,22240
2022-11-13,BO,Bolivia (Plurinational State of),AMRO,182.0,1109763,3.0,22243
2022-11-20,BO,Bolivia (Plurinational State of),AMRO,407.0,1110170,1.0,22244
2022-11-27,BO,Bolivia (Plurinational State of),AMRO,438.0,1110608,1.0,22245
2022-12-04,BO,Bolivia (Plurinational State of),AMRO,1038.0,1111646,3.0,22248
2022-12-11,BO,Bolivia (Plurinational State of),AMRO,5786.0,1117432,5.0,22253
2022-12-18,BO,Bolivia (Plurinational State of),AMRO,10152.0,1127584,9.0,22262
2022-12-25,BO,Bolivia (Plurinational State of),AMRO,19157.0,1146741,18.0,22280
2023-01-01,BO,Bolivia (Plurinational State of),AMRO,14277.0,1161018,19.0,22299
2023-01-08,BO,Bolivia (Plurinational State of),AMRO,9349.0,1170367,19.0,22318
2023-01-15,BO,Bolivia (Plurinational State of),AMRO,8133.0,1178500,11.0,22329
2023-01-22,BO,Bolivia (Plurinational State of),AMRO,5205.0,1183705,13.0,22342
2023-01-29,BO,Bolivia (Plurinational State of),AMRO,3387.0,1187092,3.0,22345
2023-02-05,BO,Bolivia (Plurinational State of),AMRO,2365.0,1189457,7.0,22352
2023-02-12,BO,Bolivia (Plurinational State of),AMRO,1461.0,1190918,2.0,22354
2023-02-19,BO,Bolivia (Plurinational State of),AMRO,974.0,1191892,5.0,22359
2023-02-26,BO,Bolivia (Plurinational State of),AMRO,804.0,1192696,5.0,22364
2023-03-05,BO,Bolivia (Plurinational State of),AMRO,1119.0,1193815,1.0,22365
2023-03-12,BO,Bolivia (Plurinational State of),AMRO,572.0,1194387,1.0,22366
2023-03-19,BO,Bolivia (Plurinational State of),AMRO,677.0,1195064,2.0,22368
2023-03-26,BO,Bolivia (Plurinational State of),AMRO,457.0,1195521,4.0,22372
2023-04-02,BO,Bolivia (Plurinational State of),AMRO,359.0,1195880,2.0,22374
2023-04-09,BO,Bolivia (Plurinational State of),AMRO,0.0,1195880,0.0,22374
2023-04-16,BO,Bolivia (Plurinational State of),AMRO,536.0,1196416,1.0,22375
2023-04-23,BO,Bolivia (Plurinational State of),AMRO,403.0,1196819,1.0,22376
2023-04-30,BO,Bolivia (Plurinational State of),AMRO,420.0,1197239,1.0,22377
2023-05-07,BO,Bolivia (Plurinational State of),AMRO,411.0,1197650,3.0,22380
2023-05-14,BO,Bolivia (Plurinational State of),AMRO,333.0,1197983,2.0,22382
2023-05-21,BO,Bolivia (Plurinational State of),AMRO,380.0,1198363,0.0,22382
2023-05-28,BO,Bolivia (Plurinational State of),AMRO,436.0,1198799,1.0,22383
2023-06-04,BO,Bolivia (Plurinational State of),AMRO,557.0,1199356,0.0,22383
2023-06-11,BO,Bolivia (Plurinational State of),AMRO,691.0,1200047,0.0,22383
2023-06-18,BO,Bolivia (Plurinational State of),AMRO,779.0,1200826,0.0,22383
2023-06-25,BO,Bolivia (Plurinational State of),AMRO,1158.0,1201984,0.0,22383
2023-07-02,BO,Bolivia (Plurinational State of),AMRO,1105.0,1203089,0.0,22383
2023-07-09,BO,Bolivia (Plurinational State of),AMRO,1019.0,1204108,0.0,22383
2023-07-16,BO,Bolivia (Plurinational State of),AMRO,903.0,1205011,0.0,22383
2023-07-23,BO,Bolivia (Plurinational State of),AMRO,742.0,1205753,0.0,22383
2023-07-30,BO,Bolivia (Plurinational State of),AMRO,551.0,1206304,0.0,22383
2023-08-06,BO,Bolivia (Plurinational State of),AMRO,459.0,1206763,0.0,22383
2023-08-13,BO,Bolivia (Plurinational State of),AMRO,364.0,1207127,0.0,22383
2023-08-20,BO,Bolivia (Plurinational State of),AMRO,296.0,1207423,0.0,22383
2023-08-27,BO,Bolivia (Plurinational State of),AMRO,284.0,1207707,0.0,22383
2023-09-03,BO,Bolivia (Plurinational State of),AMRO,286.0,1207993,0.0,22383
2023-09-10,BO,Bolivia (Plurinational State of),AMRO,266.0,1208259,0.0,22383
2023-09-17,BO,Bolivia (Plurinational State of),AMRO,191.0,1208450,0.0,22383
2023-09-24,BO,Bolivia (Plurinational State of),AMRO,161.0,1208611,0.0,22383
2023-10-01,BO,Bolivia (Plurinational State of),AMRO,200.0,1208811,0.0,22383
2023-10-08,BO,Bolivia (Plurinational State of),AMRO,163.0,1208974,0.0,22383
2023-10-15,BO,Bolivia (Plurinational State of),AMRO,174.0,1209148,1.0,22384
2023-10-22,BO,Bolivia (Plurinational State of),AMRO,175.0,1209323,0.0,22384
2023-10-29,BO,Bolivia (Plurinational State of),AMRO,193.0,1209516,1.0,22385
2023-11-05,BO,Bolivia (Plurinational State of),AMRO,179.0,1209695,0.0,22385
2023-11-12,BO,Bolivia (Plurinational State of),AMRO,168.0,1209863,0.0,22385
2023-11-19,BO,Bolivia (Plurinational State of),AMRO,150.0,1210013,0.0,22385
2023-11-26,BO,Bolivia (Plurinational State of),AMRO,162.0,1210175,0.0,22385
2023-12-03,BO,Bolivia (Plurinational State of),AMRO,163.0,1210338,0.0,22385
2023-12-10,BO,Bolivia (Plurinational State of),AMRO,195.0,1210533,0.0,22385
2023-12-17,BO,Bolivia (Plurinational State of),AMRO,280.0,1210813,0.0,22385
2023-12-24,BO,Bolivia (Plurinational State of),AMRO,459.0,1211272,0.0,22385
2023-12-31,BO,Bolivia (Plurinational State of),AMRO,824.0,1212096,0.0,22385
2024-01-07,BO,Bolivia (Plurinational State of),AMRO,12.0,1212108,1.0,22386
2024-01-14,BO,Bolivia (Plurinational State of),AMRO,8.0,1212116,0.0,22386
2024-01-21,BO,Bolivia (Plurinational State of),AMRO,4.0,1212120,0.0,22386
2024-01-28,BO,Bolivia (Plurinational State of),AMRO,2.0,1212122,0.0,22386
2024-02-04,BO,Bolivia (Plurinational State of),AMRO,5.0,1212127,0.0,22386
2024-02-11,BO,Bolivia (Plurinational State of),AMRO,3.0,1212130,1.0,22387
2024-02-18,BO,Bolivia (Plurinational State of),AMRO,0.0,1212130,0.0,22387
2024-02-25,BO,Bolivia (Plurinational State of),AMRO,1.0,1212131,0.0,22387
2024-03-03,BO,Bolivia (Plurinational State of),AMRO,0.0,1212131,0.0,22387
2024-03-10,BO,Bolivia (Plurinational State of),AMRO,0.0,1212131,0.0,22387
2024-03-17,BO,Bolivia (Plurinational State of),AMRO,0.0,1212131,0.0,22387
2024-03-24,BO,Bolivia (Plurinational State of),AMRO,0.0,1212131,0.0,22387
2024-03-31,BO,Bolivia (Plurinational State of),AMRO,0.0,1212131,0.0,22387
2024-04-07,BO,Bolivia (Plurinational State of),AMRO,0.0,1212131,0.0,22387
2024-04-14,BO,Bolivia (Plurinational State of),AMRO,0.0,1212131,0.0,22387
2024-04-21,BO,Bolivia (Plurinational State of),AMRO,0.0,1212131,0.0,22387
2024-04-28,BO,Bolivia (Plurinational State of),AMRO,0.0,1212131,0.0,22387
