Date_reported,Country_code,Country,WHO_region,New_cases,Cumulative_cases,New_deaths,Cumulative_deaths
2020-03-08,BT,Bhutan,SEARO,1.0,1,0.0,0
2020-03-15,BT,Bhutan,SEARO,0.0,1,0.0,0
2020-03-22,BT,Bhutan,SEARO,1.0,2,0.0,0
2020-03-29,BT,Bhutan,SEARO,1.0,3,0.0,0
2020-04-05,BT,Bhutan,SEARO,2.0,5,0.0,0
2020-04-12,BT,Bhutan,SEARO,0.0,5,0.0,0
2020-04-19,BT,Bhutan,SEARO,0.0,5,0.0,0
2020-04-26,BT,Bhutan,SEARO,2.0,7,0.0,0
2020-05-03,BT,Bhutan,SEARO,0.0,7,0.0,0
2020-05-10,BT,Bhutan,SEARO,0.0,7,0.0,0
2020-05-17,BT,Bhutan,SEARO,14.0,21,0.0,0
2020-05-24,BT,Bhutan,SEARO,6.0,27,0.0,0
2020-05-31,BT,Bhutan,SEARO,16.0,43,0.0,0
2020-06-07,BT,Bhutan,SEARO,16.0,59,0.0,0
2020-06-14,BT,Bhutan,SEARO,7.0,66,0.0,0
2020-06-21,BT,Bhutan,SEARO,2.0,68,0.0,0
2020-06-28,BT,Bhutan,SEARO,8.0,76,0.0,0
2020-07-05,BT,Bhutan,SEARO,4.0,80,0.0,0
2020-07-12,BT,Bhutan,SEARO,4.0,84,0.0,0
2020-07-19,BT,Bhutan,SEARO,5.0,89,0.0,0
2020-07-26,BT,Bhutan,SEARO,6.0,95,0.0,0
2020-08-02,BT,Bhutan,SEARO,8.0,103,0.0,0
2020-08-09,BT,Bhutan,SEARO,7.0,110,0.0,0
2020-08-16,BT,Bhutan,SEARO,28.0,138,0.0,0
2020-08-23,BT,Bhutan,SEARO,17.0,155,0.0,0
2020-08-30,BT,Bhutan,SEARO,69.0,224,0.0,0
2020-09-06,BT,Bhutan,SEARO,6.0,230,0.0,0
2020-09-13,BT,Bhutan,SEARO,15.0,245,0.0,0
2020-09-20,BT,Bhutan,SEARO,16.0,261,0.0,0
2020-09-27,BT,Bhutan,SEARO,12.0,273,0.0,0
2020-10-04,BT,Bhutan,SEARO,25.0,298,0.0,0
2020-10-11,BT,Bhutan,SEARO,11.0,309,0.0,0
2020-10-18,BT,Bhutan,SEARO,16.0,325,0.0,0
2020-10-25,BT,Bhutan,SEARO,15.0,340,0.0,0
2020-11-01,BT,Bhutan,SEARO,9.0,349,0.0,0
2020-11-08,BT,Bhutan,SEARO,10.0,359,0.0,0
2020-11-15,BT,Bhutan,SEARO,16.0,375,0.0,0
2020-11-22,BT,Bhutan,SEARO,4.0,379,0.0,0
2020-11-29,BT,Bhutan,SEARO,17.0,396,0.0,0
2020-12-06,BT,Bhutan,SEARO,30.0,426,0.0,0
2020-12-13,BT,Bhutan,SEARO,11.0,437,0.0,0
2020-12-20,BT,Bhutan,SEARO,9.0,446,0.0,0
2020-12-27,BT,Bhutan,SEARO,151.0,597,0.0,0
2021-01-03,BT,Bhutan,SEARO,119.0,716,0.0,0
2021-01-10,BT,Bhutan,SEARO,97.0,813,1.0,1
2021-01-17,BT,Bhutan,SEARO,29.0,842,0.0,1
2021-01-24,BT,Bhutan,SEARO,13.0,855,0.0,1
2021-01-31,BT,Bhutan,SEARO,4.0,859,0.0,1
2021-02-07,BT,Bhutan,SEARO,2.0,861,0.0,1
2021-02-14,BT,Bhutan,SEARO,3.0,864,0.0,1
2021-02-21,BT,Bhutan,SEARO,2.0,866,0.0,1
2021-02-28,BT,Bhutan,SEARO,1.0,867,0.0,1
2021-03-07,BT,Bhutan,SEARO,1.0,868,0.0,1
2021-03-14,BT,Bhutan,SEARO,0.0,868,0.0,1
2021-03-21,BT,Bhutan,SEARO,1.0,869,0.0,1
2021-03-28,BT,Bhutan,SEARO,3.0,872,0.0,1
2021-04-04,BT,Bhutan,SEARO,19.0,891,0.0,1
2021-04-11,BT,Bhutan,SEARO,27.0,918,0.0,1
2021-04-18,BT,Bhutan,SEARO,39.0,957,0.0,1
2021-04-25,BT,Bhutan,SEARO,65.0,1022,0.0,1
2021-05-02,BT,Bhutan,SEARO,89.0,1111,0.0,1
2021-05-09,BT,Bhutan,SEARO,110.0,1221,0.0,1
2021-05-16,BT,Bhutan,SEARO,65.0,1286,0.0,1
2021-05-23,BT,Bhutan,SEARO,108.0,1394,0.0,1
2021-05-30,BT,Bhutan,SEARO,218.0,1612,0.0,1
2021-06-06,BT,Bhutan,SEARO,75.0,1687,0.0,1
2021-06-13,BT,Bhutan,SEARO,126.0,1813,0.0,1
2021-06-20,BT,Bhutan,SEARO,111.0,1924,0.0,1
2021-06-27,BT,Bhutan,SEARO,128.0,2052,0.0,1
2021-07-04,BT,Bhutan,SEARO,107.0,2159,0.0,1
2021-07-11,BT,Bhutan,SEARO,116.0,2275,0.0,1
2021-07-18,BT,Bhutan,SEARO,146.0,2421,1.0,2
2021-07-25,BT,Bhutan,SEARO,65.0,2486,0.0,2
2021-08-01,BT,Bhutan,SEARO,32.0,2518,0.0,2
2021-08-08,BT,Bhutan,SEARO,26.0,2544,0.0,2
2021-08-15,BT,Bhutan,SEARO,27.0,2571,1.0,3
2021-08-22,BT,Bhutan,SEARO,14.0,2585,0.0,3
2021-08-29,BT,Bhutan,SEARO,9.0,2594,0.0,3
2021-09-05,BT,Bhutan,SEARO,2.0,2596,0.0,3
2021-09-12,BT,Bhutan,SEARO,0.0,2596,0.0,3
2021-09-19,BT,Bhutan,SEARO,1.0,2597,0.0,3
2021-09-26,BT,Bhutan,SEARO,2.0,2599,0.0,3
2021-10-03,BT,Bhutan,SEARO,9.0,2608,0.0,3
2021-10-10,BT,Bhutan,SEARO,5.0,2613,0.0,3
2021-10-17,BT,Bhutan,SEARO,4.0,2617,0.0,3
2021-10-24,BT,Bhutan,SEARO,0.0,2617,0.0,3
2021-10-31,BT,Bhutan,SEARO,4.0,2621,0.0,3
2021-11-07,BT,Bhutan,SEARO,2.0,2623,0.0,3
2021-11-14,BT,Bhutan,SEARO,2.0,2625,0.0,3
2021-11-21,BT,Bhutan,SEARO,7.0,2632,0.0,3
2021-11-28,BT,Bhutan,SEARO,8.0,2640,0.0,3
2021-12-05,BT,Bhutan,SEARO,1.0,2641,0.0,3
2021-12-12,BT,Bhutan,SEARO,8.0,2649,0.0,3
2021-12-19,BT,Bhutan,SEARO,8.0,2657,0.0,3
2021-12-26,BT,Bhutan,SEARO,3.0,2660,0.0,3
2022-01-02,BT,Bhutan,SEARO,0.0,2660,0.0,3
2022-01-09,BT,Bhutan,SEARO,121.0,2781,0.0,3
2022-01-16,BT,Bhutan,SEARO,147.0,2928,0.0,3
2022-01-23,BT,Bhutan,SEARO,721.0,3649,0.0,3
2022-01-30,BT,Bhutan,SEARO,1036.0,4685,1.0,4
2022-02-06,BT,Bhutan,SEARO,1407.0,6092,0.0,4
2022-02-13,BT,Bhutan,SEARO,1337.0,7429,1.0,5
2022-02-20,BT,Bhutan,SEARO,2649.0,10078,1.0,6
2022-02-27,BT,Bhutan,SEARO,2116.0,12194,0.0,6
2022-03-06,BT,Bhutan,SEARO,2604.0,14798,1.0,7
2022-03-13,BT,Bhutan,SEARO,2822.0,17620,0.0,7
2022-03-20,BT,Bhutan,SEARO,4384.0,22004,2.0,9
2022-03-27,BT,Bhutan,SEARO,3076.0,25080,0.0,9
2022-04-03,BT,Bhutan,SEARO,6357.0,31437,3.0,12
2022-04-10,BT,Bhutan,SEARO,10785.0,42222,2.0,14
2022-04-17,BT,Bhutan,SEARO,10574.0,52796,4.0,18
2022-04-24,BT,Bhutan,SEARO,4975.0,57771,2.0,20
2022-05-01,BT,Bhutan,SEARO,1448.0,59219,1.0,21
2022-05-08,BT,Bhutan,SEARO,278.0,59497,0.0,21
2022-05-15,BT,Bhutan,SEARO,73.0,59570,0.0,21
2022-05-22,BT,Bhutan,SEARO,42.0,59612,0.0,21
2022-05-29,BT,Bhutan,SEARO,13.0,59625,0.0,21
2022-06-05,BT,Bhutan,SEARO,11.0,59636,0.0,21
2022-06-12,BT,Bhutan,SEARO,7.0,59643,0.0,21
2022-06-19,BT,Bhutan,SEARO,18.0,59661,0.0,21
2022-06-26,BT,Bhutan,SEARO,48.0,59709,0.0,21
2022-07-03,BT,Bhutan,SEARO,103.0,59812,0.0,21
2022-07-10,BT,Bhutan,SEARO,128.0,59940,0.0,21
2022-07-17,BT,Bhutan,SEARO,167.0,60107,0.0,21
2022-07-24,BT,Bhutan,SEARO,261.0,60368,0.0,21
2022-07-31,BT,Bhutan,SEARO,162.0,60530,0.0,21
2022-08-07,BT,Bhutan,SEARO,133.0,60663,0.0,21
2022-08-14,BT,Bhutan,SEARO,116.0,60779,0.0,21
2022-08-21,BT,Bhutan,SEARO,119.0,60898,0.0,21
2022-08-28,BT,Bhutan,SEARO,178.0,61076,0.0,21
2022-09-04,BT,Bhutan,SEARO,157.0,61233,0.0,21
2022-09-11,BT,Bhutan,SEARO,186.0,61419,0.0,21
2022-09-18,BT,Bhutan,SEARO,311.0,61730,0.0,21
2022-09-25,BT,Bhutan,SEARO,239.0,61969,0.0,21
2022-10-02,BT,Bhutan,SEARO,126.0,62095,0.0,21
2022-10-09,BT,Bhutan,SEARO,105.0,62200,0.0,21
2022-10-16,BT,Bhutan,SEARO,48.0,62248,0.0,21
2022-10-23,BT,Bhutan,SEARO,83.0,62331,0.0,21
2022-10-30,BT,Bhutan,SEARO,49.0,62380,0.0,21
2022-11-06,BT,Bhutan,SEARO,50.0,62430,0.0,21
2022-11-13,BT,Bhutan,SEARO,30.0,62460,0.0,21
2022-11-20,BT,Bhutan,SEARO,28.0,62488,0.0,21
2022-11-27,BT,Bhutan,SEARO,15.0,62503,0.0,21
2022-12-04,BT,Bhutan,SEARO,9.0,62512,0.0,21
2022-12-11,BT,Bhutan,SEARO,9.0,62521,0.0,21
2022-12-18,BT,Bhutan,SEARO,3.0,62524,0.0,21
2022-12-25,BT,Bhutan,SEARO,7.0,62531,0.0,21
2023-01-01,BT,Bhutan,SEARO,7.0,62538,0.0,21
2023-01-08,BT,Bhutan,SEARO,13.0,62551,0.0,21
2023-01-15,BT,Bhutan,SEARO,26.0,62577,0.0,21
2023-01-22,BT,Bhutan,SEARO,21.0,62598,0.0,21
2023-01-29,BT,Bhutan,SEARO,7.0,62605,0.0,21
2023-02-05,BT,Bhutan,SEARO,3.0,62608,0.0,21
2023-02-12,BT,Bhutan,SEARO,3.0,62611,0.0,21
2023-02-19,BT,Bhutan,SEARO,4.0,62615,0.0,21
2023-02-26,BT,Bhutan,SEARO,5.0,62620,0.0,21
2023-03-05,BT,Bhutan,SEARO,7.0,62627,0.0,21
2023-03-12,BT,Bhutan,SEARO,10.0,62637,0.0,21
2023-03-19,BT,Bhutan,SEARO,10.0,62647,0.0,21
2023-03-26,BT,Bhutan,SEARO,1.0,62648,0.0,21
2023-04-02,BT,Bhutan,SEARO,1.0,62649,0.0,21
2023-04-09,BT,Bhutan,SEARO,1.0,62650,0.0,21
2023-04-16,BT,Bhutan,SEARO,4.0,62654,0.0,21
2023-04-23,BT,Bhutan,SEARO,9.0,62663,0.0,21
2023-04-30,BT,Bhutan,SEARO,3.0,62666,0.0,21
2023-05-07,BT,Bhutan,SEARO,2.0,62668,0.0,21
2023-05-14,BT,Bhutan,SEARO,0.0,62668,0.0,21
2023-05-21,BT,Bhutan,SEARO,2.0,62670,0.0,21
2023-05-28,BT,Bhutan,SEARO,1.0,62671,0.0,21
2023-06-04,BT,Bhutan,SEARO,1.0,62672,0.0,21
2023-06-11,BT,Bhutan,SEARO,0.0,62672,0.0,21
2023-06-18,BT,Bhutan,SEARO,0.0,62672,0.0,21
2023-06-25,BT,Bhutan,SEARO,1.0,62673,0.0,21
2023-07-02,BT,Bhutan,SEARO,0.0,62673,0.0,21
2023-07-09,BT,Bhutan,SEARO,10.0,62683,0.0,21
2023-07-16,BT,Bhutan,SEARO,7.0,62690,0.0,21
2023-07-23,BT,Bhutan,SEARO,0.0,62690,0.0,21
2023-07-30,BT,Bhutan,SEARO,1.0,62691,0.0,21
2023-08-06,BT,Bhutan,SEARO,0.0,62691,0.0,21
2023-08-13,BT,Bhutan,SEARO,3.0,62694,0.0,21
2023-08-20,BT,Bhutan,SEARO,0.0,62694,0.0,21
2023-08-27,BT,Bhutan,SEARO,3.0,62697,0.0,21
2023-09-03,BT,Bhutan,SEARO,0.0,62697,0.0,21
2023-09-10,BT,Bhutan,SEARO,0.0,62697,0.0,21
2023-09-17,BT,Bhutan,SEARO,0.0,62697,0.0,21
2023-09-24,BT,Bhutan,SEARO,0.0,62697,0.0,21
2023-10-01,BT,Bhutan,SEARO,0.0,62697,0.0,21
2023-10-08,BT,Bhutan,SEARO,0.0,62697,0.0,21
2023-10-15,BT,Bhutan,SEARO,0.0,62697,0.0,21
2023-10-22,BT,Bhutan,SEARO,0.0,62697,0.0,21
2023-10-29,BT,Bhutan,SEARO,0.0,62697,0.0,21
2023-11-05,BT,Bhutan,SEARO,0.0,62697,0.0,21
2023-11-12,BT,Bhutan,SEARO,0.0,62697,0.0,21
2023-11-19,BT,Bhutan,SEARO,0.0,62697,0.0,21
2023-11-26,BT,Bhutan,SEARO,0.0,62697,0.0,21
2023-12-03,BT,Bhutan,SEARO,0.0,62697,0.0,21
2023-12-10,BT,Bhutan,SEARO,0.0,62697,0.0,21
2023-12-17,BT,Bhutan,SEARO,0.0,62697,0.0,21
2023-12-24,BT,Bhutan,SEARO,0.0,62697,0.0,21
2023-12-31,BT,Bhutan,SEARO,0.0,62697,0.0,21
2024-01-07,BT,Bhutan,SEARO,0.0,62697,0.0,21
2024-01-14,BT,Bhutan,SEARO,0.0,62697,0.0,21
2024-01-21,BT,Bhutan,SEARO,0.0,62697,0.0,21
2024-01-28,BT,Bhutan,SEARO,0.0,62697,0.0,21
2024-02-04,BT,Bhutan,SEARO,0.0,62697,0.0,21
2024-02-11,BT,Bhutan,SEARO,0.0,62697,0.0,21
2024-02-18,BT,Bhutan,SEARO,0.0,62697,0.0,21
2024-02-25,BT,Bhutan,SEARO,0.0,62697,0.0,21
2024-03-03,BT,Bhutan,SEARO,0.0,62697,0.0,21
2024-03-10,BT,Bhutan,SEARO,0.0,62697,0.0,21
2024-03-17,BT,Bhutan,SEARO,0.0,62697,0.0,21
2024-03-24,BT,Bhutan,SEARO,0.0,62697,0.0,21
2024-03-31,BT,Bhutan,SEARO,0.0,62697,0.0,21
2024-04-07,BT,Bhutan,SEARO,0.0,62697,0.0,21
2024-04-14,BT,Bhutan,SEARO,0.0,62697,0.0,21
2024-04-21,BT,Bhutan,SEARO,0.0,62697,0.0,21
2024-04-28,BT,Bhutan,SEARO,0.0,62697,0.0,21
