Date_reported,Country_code,Country,WHO_region,New_cases,Cumulative_cases,New_deaths,Cumulative_deaths
2020-03-15,CF,Central African Republic,AFRO,3.0,3,0.0,0
2020-03-22,CF,Central African Republic,AFRO,4.0,7,0.0,0
2020-03-29,CF,Central African Republic,AFRO,6.0,13,0.0,0
2020-04-05,CF,Central African Republic,AFRO,5.0,18,0.0,0
2020-04-12,CF,Central African Republic,AFRO,2.0,20,0.0,0
2020-04-19,CF,Central African Republic,AFRO,1.0,21,0.0,0
2020-04-26,CF,Central African Republic,AFRO,9.0,30,0.0,0
2020-05-03,CF,Central African Republic,AFRO,58.0,88,0.0,0
2020-05-10,CF,Central African Republic,AFRO,82.0,170,0.0,0
2020-05-17,CF,Central African Republic,AFRO,197.0,367,0.0,0
2020-05-24,CF,Central African Republic,AFRO,237.0,604,1.0,1
2020-05-31,CF,Central African Republic,AFRO,448.0,1052,1.0,2
2020-06-07,CF,Central African Republic,AFRO,690.0,1742,3.0,5
2020-06-14,CF,Central African Republic,AFRO,715.0,2457,2.0,7
2020-06-21,CF,Central African Republic,AFRO,707.0,3164,16.0,23
2020-06-28,CF,Central African Republic,AFRO,872.0,4036,22.0,45
2020-07-05,CF,Central African Republic,AFRO,609.0,4645,6.0,51
2020-07-12,CF,Central African Republic,AFRO,346.0,4991,2.0,53
2020-07-19,CF,Central African Republic,AFRO,229.0,5220,2.0,55
2020-07-26,CF,Central African Republic,AFRO,141.0,5361,4.0,59
2020-08-02,CF,Central African Republic,AFRO,24.0,5385,0.0,59
2020-08-09,CF,Central African Republic,AFRO,50.0,5435,2.0,61
2020-08-16,CF,Central African Republic,AFRO,38.0,5473,0.0,61
2020-08-23,CF,Central African Republic,AFRO,26.0,5499,0.0,61
2020-08-30,CF,Central African Republic,AFRO,17.0,5516,0.0,61
2020-09-06,CF,Central African Republic,AFRO,35.0,5551,1.0,62
2020-09-13,CF,Central African Republic,AFRO,54.0,5605,0.0,62
2020-09-20,CF,Central African Republic,AFRO,32.0,5637,0.0,62
2020-09-27,CF,Central African Republic,AFRO,8.0,5645,0.0,62
2020-10-04,CF,Central African Republic,AFRO,44.0,5689,0.0,62
2020-10-11,CF,Central African Republic,AFRO,3.0,5692,0.0,62
2020-10-18,CF,Central African Republic,AFRO,5.0,5697,0.0,62
2020-10-25,CF,Central African Republic,AFRO,6.0,5703,0.0,62
2020-11-01,CF,Central African Republic,AFRO,11.0,5714,0.0,62
2020-11-08,CF,Central African Republic,AFRO,10.0,5724,0.0,62
2020-11-15,CF,Central African Republic,AFRO,19.0,5743,1.0,63
2020-11-22,CF,Central African Republic,AFRO,8.0,5751,0.0,63
2020-11-29,CF,Central African Republic,AFRO,8.0,5759,0.0,63
2020-12-06,CF,Central African Republic,AFRO,15.0,5774,0.0,63
2020-12-13,CF,Central African Republic,AFRO,10.0,5784,0.0,63
2020-12-20,CF,Central African Republic,AFRO,12.0,5796,0.0,63
2020-12-27,CF,Central African Republic,AFRO,18.0,5814,0.0,63
2021-01-03,CF,Central African Republic,AFRO,30.0,5844,0.0,63
2021-01-10,CF,Central African Republic,AFRO,0.0,5844,0.0,63
2021-01-17,CF,Central African Republic,AFRO,2.0,5846,0.0,63
2021-01-24,CF,Central African Republic,AFRO,15.0,5861,0.0,63
2021-01-31,CF,Central African Republic,AFRO,3.0,5864,0.0,63
2021-02-07,CF,Central African Republic,AFRO,13.0,5877,0.0,63
2021-02-14,CF,Central African Republic,AFRO,1.0,5878,0.0,63
2021-02-21,CF,Central African Republic,AFRO,12.0,5890,0.0,63
2021-02-28,CF,Central African Republic,AFRO,8.0,5898,0.0,63
2021-03-07,CF,Central African Republic,AFRO,35.0,5933,0.0,63
2021-03-14,CF,Central African Republic,AFRO,65.0,5998,1.0,64
2021-03-21,CF,Central African Republic,AFRO,107.0,6105,2.0,66
2021-03-28,CF,Central African Republic,AFRO,180.0,6285,6.0,72
2021-04-04,CF,Central African Republic,AFRO,295.0,6580,1.0,73
2021-04-11,CF,Central African Republic,AFRO,487.0,7067,2.0,75
2021-04-18,CF,Central African Republic,AFRO,1227.0,8294,4.0,79
2021-04-25,CF,Central African Republic,AFRO,874.0,9168,8.0,87
2021-05-02,CF,Central African Republic,AFRO,702.0,9870,4.0,91
2021-05-09,CF,Central African Republic,AFRO,511.0,10381,4.0,95
2021-05-16,CF,Central African Republic,AFRO,335.0,10716,1.0,96
2021-05-23,CF,Central African Republic,AFRO,164.0,10880,1.0,97
2021-05-30,CF,Central African Republic,AFRO,46.0,10926,1.0,98
2021-06-06,CF,Central African Republic,AFRO,58.0,10984,0.0,98
2021-06-13,CF,Central African Republic,AFRO,44.0,11028,0.0,98
2021-06-20,CF,Central African Republic,AFRO,14.0,11042,0.0,98
2021-06-27,CF,Central African Republic,AFRO,16.0,11058,0.0,98
2021-07-04,CF,Central African Republic,AFRO,7.0,11065,0.0,98
2021-07-11,CF,Central African Republic,AFRO,10.0,11075,0.0,98
2021-07-18,CF,Central African Republic,AFRO,27.0,11102,0.0,98
2021-07-25,CF,Central African Republic,AFRO,43.0,11145,0.0,98
2021-08-01,CF,Central African Republic,AFRO,28.0,11173,0.0,98
2021-08-08,CF,Central African Republic,AFRO,53.0,11226,1.0,99
2021-08-15,CF,Central African Republic,AFRO,36.0,11262,0.0,99
2021-08-22,CF,Central African Republic,AFRO,9.0,11271,0.0,99
2021-08-29,CF,Central African Republic,AFRO,35.0,11306,1.0,100
2021-09-05,CF,Central African Republic,AFRO,3.0,11309,0.0,100
2021-09-12,CF,Central African Republic,AFRO,22.0,11331,0.0,100
2021-09-19,CF,Central African Republic,AFRO,28.0,11359,0.0,100
2021-09-26,CF,Central African Republic,AFRO,16.0,11375,0.0,100
2021-10-03,CF,Central African Republic,AFRO,26.0,11401,0.0,100
2021-10-10,CF,Central African Republic,AFRO,67.0,11468,0.0,100
2021-10-17,CF,Central African Republic,AFRO,20.0,11488,0.0,100
2021-10-24,CF,Central African Republic,AFRO,49.0,11537,0.0,100
2021-10-31,CF,Central African Republic,AFRO,55.0,11592,0.0,100
2021-11-07,CF,Central African Republic,AFRO,31.0,11623,0.0,100
2021-11-14,CF,Central African Republic,AFRO,43.0,11666,1.0,101
2021-11-21,CF,Central African Republic,AFRO,42.0,11708,0.0,101
2021-11-28,CF,Central African Republic,AFRO,34.0,11742,0.0,101
2021-12-05,CF,Central African Republic,AFRO,129.0,11871,0.0,101
2021-12-12,CF,Central African Republic,AFRO,90.0,11961,0.0,101
2021-12-19,CF,Central African Republic,AFRO,202.0,12163,0.0,101
2021-12-26,CF,Central African Republic,AFRO,105.0,12268,0.0,101
2022-01-02,CF,Central African Republic,AFRO,248.0,12516,5.0,106
2022-01-09,CF,Central African Republic,AFRO,803.0,13319,2.0,108
2022-01-16,CF,Central African Republic,AFRO,435.0,13754,1.0,109
2022-01-23,CF,Central African Republic,AFRO,144.0,13898,1.0,110
2022-01-30,CF,Central African Republic,AFRO,125.0,14023,0.0,110
2022-02-06,CF,Central African Republic,AFRO,131.0,14154,1.0,111
2022-02-13,CF,Central African Republic,AFRO,53.0,14207,2.0,113
2022-02-20,CF,Central African Republic,AFRO,18.0,14225,0.0,113
2022-02-27,CF,Central African Republic,AFRO,95.0,14320,0.0,113
2022-03-06,CF,Central African Republic,AFRO,6.0,14326,0.0,113
2022-03-13,CF,Central African Republic,AFRO,8.0,14334,0.0,113
2022-03-20,CF,Central African Republic,AFRO,5.0,14339,0.0,113
2022-03-27,CF,Central African Republic,AFRO,12.0,14351,0.0,113
2022-04-03,CF,Central African Republic,AFRO,1.0,14352,0.0,113
2022-04-10,CF,Central African Republic,AFRO,2.0,14354,0.0,113
2022-04-17,CF,Central African Republic,AFRO,0.0,14354,0.0,113
2022-04-24,CF,Central African Republic,AFRO,0.0,14354,0.0,113
2022-05-01,CF,Central African Republic,AFRO,4.0,14358,0.0,113
2022-05-08,CF,Central African Republic,AFRO,0.0,14358,0.0,113
2022-05-15,CF,Central African Republic,AFRO,11.0,14369,0.0,113
2022-05-22,CF,Central African Republic,AFRO,2.0,14371,0.0,113
2022-05-29,CF,Central African Republic,AFRO,0.0,14371,0.0,113
2022-06-05,CF,Central African Republic,AFRO,0.0,14371,0.0,113
2022-06-12,CF,Central African Republic,AFRO,0.0,14371,0.0,113
2022-06-19,CF,Central African Republic,AFRO,215.0,14586,0.0,113
2022-06-26,CF,Central African Republic,AFRO,76.0,14662,0.0,113
2022-07-03,CF,Central African Republic,AFRO,38.0,14700,0.0,113
2022-07-10,CF,Central African Republic,AFRO,33.0,14733,0.0,113
2022-07-17,CF,Central African Republic,AFRO,16.0,14749,0.0,113
2022-07-24,CF,Central African Republic,AFRO,21.0,14770,0.0,113
2022-07-31,CF,Central African Republic,AFRO,11.0,14781,0.0,113
2022-08-07,CF,Central African Republic,AFRO,21.0,14802,0.0,113
2022-08-14,CF,Central African Republic,AFRO,33.0,14835,0.0,113
2022-08-21,CF,Central African Republic,AFRO,35.0,14870,0.0,113
2022-08-28,CF,Central African Republic,AFRO,12.0,14882,0.0,113
2022-09-04,CF,Central African Republic,AFRO,6.0,14888,0.0,113
2022-09-11,CF,Central African Republic,AFRO,21.0,14909,0.0,113
2022-09-18,CF,Central African Republic,AFRO,3.0,14912,0.0,113
2022-09-25,CF,Central African Republic,AFRO,23.0,14935,0.0,113
2022-10-02,CF,Central African Republic,AFRO,21.0,14956,0.0,113
2022-10-09,CF,Central African Republic,AFRO,124.0,15080,0.0,113
2022-10-16,CF,Central African Republic,AFRO,96.0,15176,0.0,113
2022-10-23,CF,Central African Republic,AFRO,83.0,15259,0.0,113
2022-10-30,CF,Central African Republic,AFRO,32.0,15291,0.0,113
2022-11-06,CF,Central African Republic,AFRO,5.0,15296,0.0,113
2022-11-13,CF,Central African Republic,AFRO,22.0,15318,0.0,113
2022-11-20,CF,Central African Republic,AFRO,6.0,15324,0.0,113
2022-11-27,CF,Central African Republic,AFRO,4.0,15328,0.0,113
2022-12-04,CF,Central African Republic,AFRO,2.0,15330,0.0,113
2022-12-11,CF,Central African Republic,AFRO,15.0,15345,0.0,113
2022-12-18,CF,Central African Republic,AFRO,11.0,15356,0.0,113
2022-12-25,CF,Central African Republic,AFRO,4.0,15360,0.0,113
2023-01-01,CF,Central African Republic,AFRO,0.0,15360,0.0,113
2023-01-08,CF,Central African Republic,AFRO,4.0,15364,0.0,113
2023-01-15,CF,Central African Republic,AFRO,2.0,15366,0.0,113
2023-01-22,CF,Central African Republic,AFRO,1.0,15367,0.0,113
2023-01-29,CF,Central African Republic,AFRO,0.0,15367,0.0,113
2023-02-05,CF,Central African Republic,AFRO,0.0,15367,0.0,113
2023-02-12,CF,Central African Republic,AFRO,0.0,15367,0.0,113
2023-02-19,CF,Central African Republic,AFRO,0.0,15367,0.0,113
2023-02-26,CF,Central African Republic,AFRO,0.0,15367,0.0,113
2023-03-05,CF,Central African Republic,AFRO,0.0,15367,0.0,113
2023-03-12,CF,Central African Republic,AFRO,0.0,15367,0.0,113
2023-03-19,CF,Central African Republic,AFRO,0.0,15367,0.0,113
2023-03-26,CF,Central African Republic,AFRO,0.0,15367,0.0,113
2023-04-02,CF,Central African Republic,AFRO,0.0,15367,0.0,113
2023-04-09,CF,Central African Republic,AFRO,0.0,15367,0.0,113
2023-04-16,CF,Central African Republic,AFRO,0.0,15367,0.0,113
2023-04-23,CF,Central African Republic,AFRO,0.0,15367,0.0,113
2023-04-30,CF,Central African Republic,AFRO,0.0,15367,0.0,113
2023-05-07,CF,Central African Republic,AFRO,0.0,15367,0.0,113
2023-05-14,CF,Central African Republic,AFRO,0.0,15367,0.0,113
2023-05-21,CF,Central African Republic,AFRO,0.0,15367,0.0,113
2023-05-28,CF,Central African Republic,AFRO,0.0,15367,0.0,113
2023-06-04,CF,Central African Republic,AFRO,0.0,15367,0.0,113
2023-06-11,CF,Central African Republic,AFRO,0.0,15367,0.0,113
2023-06-18,CF,Central African Republic,AFRO,0.0,15367,0.0,113
2023-06-25,CF,Central African Republic,AFRO,0.0,15367,0.0,113
2023-07-02,CF,Central African Republic,AFRO,0.0,15367,0.0,113
2023-07-09,CF,Central African Republic,AFRO,0.0,15367,0.0,113
2023-07-16,CF,Central African Republic,AFRO,0.0,15367,0.0,113
2023-07-23,CF,Central African Republic,AFRO,0.0,15367,0.0,113
2023-07-30,CF,Central African Republic,AFRO,0.0,15367,0.0,113
2023-08-06,CF,Central African Republic,AFRO,0.0,15367,0.0,113
2023-08-13,CF,Central African Republic,AFRO,0.0,15367,0.0,113
2023-08-20,CF,Central African Republic,AFRO,0.0,15367,0.0,113
2023-08-27,CF,Central African Republic,AFRO,0.0,15367,0.0,113
2023-09-03,CF,Central African Republic,AFRO,0.0,15367,0.0,113
2023-09-10,CF,Central African Republic,AFRO,0.0,15367,0.0,113
2023-09-17,CF,Central African Republic,AFRO,0.0,15367,0.0,113
2023-09-24,CF,Central African Republic,AFRO,0.0,15367,0.0,113
2023-10-01,CF,Central African Republic,AFRO,0.0,15367,0.0,113
2023-10-08,CF,Central African Republic,AFRO,0.0,15367,0.0,113
2023-10-15,CF,Central African Republic,AFRO,0.0,15367,0.0,113
2023-10-22,CF,Central African Republic,AFRO,0.0,15367,0.0,113
2023-10-29,CF,Central African Republic,AFRO,0.0,15367,0.0,113
2023-11-05,CF,Central African Republic,AFRO,0.0,15367,0.0,113
2023-11-12,CF,Central African Republic,AFRO,0.0,15367,0.0,113
2023-11-19,CF,Central African Republic,AFRO,0.0,15367,0.0,113
2023-11-26,CF,Central African Republic,AFRO,43.0,15410,0.0,113
2023-12-03,CF,Central African Republic,AFRO,30.0,15440,0.0,113
2023-12-10,CF,Central African Republic,AFRO,0.0,15440,0.0,113
2023-12-17,CF,Central African Republic,AFRO,0.0,15440,0.0,113
2023-12-24,CF,Central African Republic,AFRO,0.0,15440,0.0,113
2023-12-31,CF,Central African Republic,AFRO,0.0,15440,0.0,113
2024-01-07,CF,Central African Republic,AFRO,0.0,15440,0.0,113
2024-01-14,CF,Central African Republic,AFRO,0.0,15440,0.0,113
2024-01-21,CF,Central African Republic,AFRO,0.0,15440,0.0,113
2024-01-28,CF,Central African Republic,AFRO,0.0,15440,0.0,113
2024-02-04,CF,Central African Republic,AFRO,0.0,15440,0.0,113
2024-02-11,CF,Central African Republic,AFRO,0.0,15440,0.0,113
2024-02-18,CF,Central African Republic,AFRO,0.0,15440,0.0,113
2024-02-25,CF,Central African Republic,AFRO,0.0,15440,0.0,113
2024-03-03,CF,Central African Republic,AFRO,0.0,15440,0.0,113
2024-03-10,CF,Central African Republic,AFRO,0.0,15440,0.0,113
2024-03-17,CF,Central African Republic,AFRO,0.0,15440,0.0,113
2024-03-24,CF,Central African Republic,AFRO,0.0,15440,0.0,113
2024-03-31,CF,Central African Republic,AFRO,0.0,15440,0.0,113
2024-04-07,CF,Central African Republic,AFRO,0.0,15440,0.0,113
2024-04-14,CF,Central African Republic,AFRO,0.0,15440,0.0,113
2024-04-21,CF,Central African Republic,AFRO,6.0,15446,0.0,113
2024-04-28,CF,Central African Republic,AFRO,14.0,15460,0.0,113
