Date_reported,Country_code,Country,WHO_region,New_cases,Cumulative_cases,New_deaths,Cumulative_deaths
2020-01-05,CN,China,WPRO,1.0,1,0.0,0
2020-01-12,CN,China,WPRO,44.0,45,1.0,1
2020-01-19,CN,China,WPRO,80.0,125,2.0,3
2020-01-26,CN,China,WPRO,1860.0,1985,53.0,56
2020-02-02,CN,China,WPRO,12426.0,14411,305.0,361
2020-02-09,CN,China,WPRO,22840.0,37251,544.0,905
2020-02-16,CN,China,WPRO,31333.0,68584,862.0,1767
2020-02-23,CN,China,WPRO,8458.0,77042,679.0,2446
2020-03-01,CN,China,WPRO,2926.0,79968,427.0,2873
2020-03-08,CN,China,WPRO,891.0,80859,228.0,3101
2020-03-15,CN,China,WPRO,189.0,81048,103.0,3204
2020-03-22,CN,China,WPRO,450.0,81498,63.0,3267
2020-03-29,CN,China,WPRO,843.0,82341,39.0,3306
2020-04-05,CN,China,WPRO,589.0,82930,32.0,3338
2020-04-12,CN,China,WPRO,552.0,83482,11.0,3349
2020-04-19,CN,China,WPRO,719.0,84201,1293.0,4642
2020-04-26,CN,China,WPRO,137.0,84338,0.0,4642
2020-05-03,CN,China,WPRO,55.0,84393,1.0,4643
2020-05-10,CN,China,WPRO,37.0,84430,0.0,4643
2020-05-17,CN,China,WPRO,54.0,84484,2.0,4645
2020-05-24,CN,China,WPRO,41.0,84525,0.0,4645
2020-05-31,CN,China,WPRO,45.0,84570,0.0,4645
2020-06-07,CN,China,WPRO,59.0,84629,0.0,4645
2020-06-14,CN,China,WPRO,100.0,84729,0.0,4645
2020-06-21,CN,China,WPRO,268.0,84997,1.0,4646
2020-06-28,CN,China,WPRO,193.0,85190,2.0,4648
2020-07-05,CN,China,WPRO,116.0,85306,0.0,4648
2020-07-12,CN,China,WPRO,216.0,85522,0.0,4648
2020-07-19,CN,China,WPRO,415.0,85937,5.0,4653
2020-07-26,CN,China,WPRO,902.0,86839,6.0,4659
2020-08-02,CN,China,WPRO,1463.0,88302,15.0,4674
2020-08-09,CN,China,WPRO,847.0,89149,14.0,4688
2020-08-16,CN,China,WPRO,612.0,89761,22.0,4710
2020-08-23,CN,China,WPRO,380.0,90141,7.0,4717
2020-08-30,CN,China,WPRO,210.0,90351,11.0,4728
2020-09-06,CN,China,WPRO,166.0,90517,7.0,4735
2020-09-13,CN,China,WPRO,149.0,90666,6.0,4741
2020-09-20,CN,China,WPRO,174.0,90840,3.0,4744
2020-09-27,CN,China,WPRO,126.0,90966,2.0,4746
2020-10-04,CN,China,WPRO,155.0,91121,0.0,4746
2020-10-11,CN,China,WPRO,184.0,91305,0.0,4746
2020-10-18,CN,China,WPRO,184.0,91489,0.0,4746
2020-10-25,CN,China,WPRO,185.0,91674,0.0,4746
2020-11-01,CN,China,WPRO,247.0,91921,0.0,4746
2020-11-08,CN,China,WPRO,274.0,92195,2.0,4748
2020-11-15,CN,China,WPRO,233.0,92428,1.0,4749
2020-11-22,CN,China,WPRO,220.0,92648,0.0,4749
2020-11-29,CN,China,WPRO,681.0,93329,1.0,4750
2020-12-06,CN,China,WPRO,831.0,94160,3.0,4753
2020-12-13,CN,China,WPRO,790.0,94950,3.0,4756
2020-12-20,CN,China,WPRO,766.0,95716,14.0,4770
2020-12-27,CN,China,WPRO,608.0,96324,7.0,4777
2021-01-03,CN,China,WPRO,648.0,96972,14.0,4791
2021-01-10,CN,China,WPRO,680.0,97652,7.0,4798
2021-01-17,CN,China,WPRO,1142.0,98794,6.0,4804
2021-01-24,CN,China,WPRO,1342.0,100136,6.0,4810
2021-01-31,CN,China,WPRO,838.0,100974,13.0,4823
2021-02-07,CN,China,WPRO,342.0,101316,8.0,4831
2021-02-14,CN,China,WPRO,220.0,101536,7.0,4838
2021-02-21,CN,China,WPRO,164.0,101700,4.0,4842
2021-02-28,CN,China,WPRO,220.0,101920,1.0,4843
2021-03-07,CN,China,WPRO,181.0,102101,5.0,4848
2021-03-14,CN,China,WPRO,262.0,102363,1.0,4849
2021-03-21,CN,China,WPRO,176.0,102539,0.0,4849
2021-03-28,CN,China,WPRO,159.0,102698,2.0,4851
2021-04-04,CN,China,WPRO,210.0,102908,0.0,4851
2021-04-11,CN,China,WPRO,205.0,103113,2.0,4853
2021-04-18,CN,China,WPRO,202.0,103315,3.0,4856
2021-04-25,CN,China,WPRO,169.0,103484,0.0,4856
2021-05-02,CN,China,WPRO,183.0,103667,2.0,4858
2021-05-09,CN,China,WPRO,141.0,103808,0.0,4858
2021-05-16,CN,China,WPRO,617.0,104425,0.0,4858
2021-05-23,CN,China,WPRO,2762.0,107187,11.0,4869
2021-05-30,CN,China,WPRO,3959.0,111146,86.0,4955
2021-06-06,CN,China,WPRO,3521.0,114667,151.0,5106
2021-06-13,CN,China,WPRO,1634.0,116301,177.0,5283
2021-06-20,CN,China,WPRO,1247.0,117548,112.0,5395
2021-06-27,CN,China,WPRO,810.0,118358,83.0,5478
2021-07-04,CN,China,WPRO,538.0,118896,57.0,5535
2021-07-11,CN,China,WPRO,425.0,119321,53.0,5588
2021-07-18,CN,China,WPRO,377.0,119698,28.0,5616
2021-07-25,CN,China,WPRO,515.0,120213,18.0,5634
2021-08-01,CN,China,WPRO,624.0,120837,3.0,5637
2021-08-08,CN,China,WPRO,847.0,121684,20.0,5657
2021-08-15,CN,China,WPRO,694.0,122378,12.0,5669
2021-08-22,CN,China,WPRO,320.0,122698,7.0,5676
2021-08-29,CN,China,WPRO,297.0,122995,6.0,5682
2021-09-05,CN,China,WPRO,236.0,123231,3.0,5685
2021-09-12,CN,China,WPRO,313.0,123544,2.0,5687
2021-09-19,CN,China,WPRO,558.0,124102,2.0,5689
2021-09-26,CN,China,WPRO,393.0,124495,1.0,5690
2021-10-03,CN,China,WPRO,310.0,124805,2.0,5692
2021-10-10,CN,China,WPRO,250.0,125055,3.0,5695
2021-10-17,CN,China,WPRO,199.0,125254,0.0,5695
2021-10-24,CN,China,WPRO,311.0,125565,0.0,5695
2021-10-31,CN,China,WPRO,513.0,126078,1.0,5696
2021-11-07,CN,China,WPRO,632.0,126710,0.0,5696
2021-11-14,CN,China,WPRO,550.0,127260,1.0,5697
2021-11-21,CN,China,WPRO,252.0,127512,0.0,5697
2021-11-28,CN,China,WPRO,252.0,127764,0.0,5697
2021-12-05,CN,China,WPRO,629.0,128393,0.0,5697
2021-12-12,CN,China,WPRO,689.0,129082,0.0,5697
2021-12-19,CN,China,WPRO,712.0,129794,2.0,5699
2021-12-26,CN,China,WPRO,1064.0,130858,0.0,5699
2022-01-02,CN,China,WPRO,1650.0,132508,0.0,5699
2022-01-09,CN,China,WPRO,1643.0,134151,0.0,5699
2022-01-16,CN,China,WPRO,1876.0,136027,1.0,5700
2022-01-23,CN,China,WPRO,1323.0,137350,0.0,5700
2022-01-30,CN,China,WPRO,1642.0,138992,0.0,5700
2022-02-06,CN,China,WPRO,2057.0,141049,0.0,5700
2022-02-13,CN,China,WPRO,8591.0,149640,6.0,5706
2022-02-20,CN,China,WPRO,31127.0,180767,70.0,5776
2022-02-27,CN,China,WPRO,120387.0,301154,372.0,6148
2022-03-06,CN,China,WPRO,302580.0,603734,1348.0,7496
2022-03-13,CN,China,WPRO,158173.0,761907,1986.0,9482
2022-03-20,CN,China,WPRO,84389.0,846296,1905.0,11387
2022-03-27,CN,China,WPRO,43971.0,890267,1356.0,12743
2022-04-03,CN,China,WPRO,32276.0,922543,920.0,13663
2022-04-10,CN,China,WPRO,21648.0,944191,599.0,14262
2022-04-17,CN,China,WPRO,30667.0,974858,372.0,14634
2022-04-24,CN,China,WPRO,42303.0,1017161,247.0,14881
2022-05-01,CN,China,WPRO,91983.0,1109144,392.0,15273
2022-05-08,CN,China,WPRO,227721.0,1336865,177.0,15450
2022-05-15,CN,China,WPRO,414077.0,1750942,192.0,15642
2022-05-22,CN,China,WPRO,554051.0,2304993,347.0,15989
2022-05-29,CN,China,WPRO,573340.0,2878333,669.0,16658
2022-06-05,CN,China,WPRO,513969.0,3392302,1044.0,17702
2022-06-12,CN,China,WPRO,489982.0,3882284,1194.0,18896
2022-06-19,CN,China,WPRO,406469.0,4288753,1091.0,19987
2022-06-26,CN,China,WPRO,323183.0,4611936,982.0,20969
2022-07-03,CN,China,WPRO,230021.0,4841957,689.0,21658
2022-07-10,CN,China,WPRO,223915.0,5065872,709.0,22367
2022-07-17,CN,China,WPRO,197555.0,5263427,528.0,22895
2022-07-24,CN,China,WPRO,180690.0,5444117,458.0,23353
2022-07-31,CN,China,WPRO,172003.0,5616120,351.0,23704
2022-08-07,CN,China,WPRO,163340.0,5779460,330.0,24034
2022-08-14,CN,China,WPRO,166696.0,5946156,224.0,24258
2022-08-21,CN,China,WPRO,172424.0,6118580,241.0,24499
2022-08-28,CN,China,WPRO,194464.0,6313044,267.0,24766
2022-09-04,CN,China,WPRO,238044.0,6551088,292.0,25058
2022-09-11,CN,China,WPRO,263288.0,6814376,296.0,25354
2022-09-18,CN,China,WPRO,297693.0,7112069,358.0,25712
2022-09-25,CN,China,WPRO,292476.0,7404545,532.0,26244
2022-10-02,CN,China,WPRO,303092.0,7707637,365.0,26609
2022-10-09,CN,China,WPRO,333830.0,8041467,435.0,27044
2022-10-16,CN,China,WPRO,328910.0,8370377,427.0,27471
2022-10-23,CN,China,WPRO,285348.0,8655725,479.0,27950
2022-10-30,CN,China,WPRO,257994.0,8913719,510.0,28460
2022-11-06,CN,China,WPRO,219102.0,9132821,479.0,28939
2022-11-13,CN,China,WPRO,171745.0,9304566,431.0,29370
2022-11-20,CN,China,WPRO,158813.0,9463379,468.0,29838
2022-11-27,CN,China,WPRO,144205.0,9607584,354.0,30192
2022-12-04,CN,China,WPRO,146141.0,9753725,375.0,30567
2022-12-11,CN,China,WPRO,1117898.0,10871623,871.0,31438
2022-12-18,CN,China,WPRO,11098550.0,21970173,1708.0,33146
2022-12-25,CN,China,WPRO,40475477.0,62445650,5849.0,38995
2023-01-01,CN,China,WPRO,24644876.0,87090526,17893.0,56888
2023-01-08,CN,China,WPRO,8061762.0,95152288,12991.0,69879
2023-01-15,CN,China,WPRO,2361571.0,97513859,0.0,69879
2023-01-22,CN,China,WPRO,755183.0,98269042,0.0,69879
2023-01-29,CN,China,WPRO,175542.0,98444584,0.0,69879
2023-02-05,CN,China,WPRO,192969.0,98637553,47687.0,117566
2023-02-12,CN,China,WPRO,148174.0,98785727,1360.0,118926
2023-02-19,CN,China,WPRO,118748.0,98904475,537.0,119463
2023-02-26,CN,China,WPRO,77670.0,98982145,358.0,119821
2023-03-05,CN,China,WPRO,84790.0,99066935,360.0,120181
2023-03-12,CN,China,WPRO,92268.0,99159203,329.0,120510
2023-03-19,CN,China,WPRO,65301.0,99224504,265.0,120775
2023-03-26,CN,China,WPRO,13602.0,99238106,119.0,120894
2023-04-02,CN,China,WPRO,1060.0,99239166,3.0,120897
2023-04-09,CN,China,WPRO,1228.0,99240394,8.0,120905
2023-04-16,CN,China,WPRO,1699.0,99242093,7.0,120912
2023-04-23,CN,China,WPRO,2206.0,99244299,11.0,120923
2023-04-30,CN,China,WPRO,3082.0,99247381,38.0,120961
2023-05-07,CN,China,WPRO,3736.0,99251117,54.0,121015
2023-05-14,CN,China,WPRO,4440.0,99255557,58.0,121073
2023-05-21,CN,China,WPRO,4437.0,99259994,71.0,121144
2023-05-28,CN,China,WPRO,6466.0,99266460,91.0,121235
2023-06-04,CN,China,WPRO,5030.0,99271490,1.0,121236
2023-06-11,CN,China,WPRO,6956.0,99278446,154.0,121390
2023-06-18,CN,China,WPRO,4555.0,99283001,0.0,121390
2023-06-25,CN,China,WPRO,2437.0,99285438,75.0,121465
2023-07-02,CN,China,WPRO,3878.0,99289316,25.0,121490
2023-07-09,CN,China,WPRO,2733.0,99292049,25.0,121515
2023-07-16,CN,China,WPRO,2666.0,99294715,21.0,121536
2023-07-23,CN,China,WPRO,2445.0,99297160,0.0,121536
2023-07-30,CN,China,WPRO,2541.0,99299701,0.0,121536
2023-08-06,CN,China,WPRO,1954.0,99301655,111.0,121647
2023-08-13,CN,China,WPRO,964.0,99302619,24.0,121671
2023-08-20,CN,China,WPRO,1463.0,99304082,0.0,121671
2023-08-27,CN,China,WPRO,1587.0,99305669,8.0,121679
2023-09-03,CN,China,WPRO,1647.0,99307316,0.0,121679
2023-09-10,CN,China,WPRO,1527.0,99308843,23.0,121702
2023-09-17,CN,China,WPRO,1025.0,99309868,12.0,121714
2023-09-24,CN,China,WPRO,1152.0,99311020,8.0,121722
2023-10-01,CN,China,WPRO,2551.0,99313571,0.0,121722
2023-10-08,CN,China,WPRO,1555.0,99315126,75.0,121797
2023-10-15,CN,China,WPRO,1372.0,99316498,12.0,121809
2023-10-22,CN,China,WPRO,1070.0,99317568,14.0,121823
2023-10-29,CN,China,WPRO,805.0,99318373,12.0,121835
2023-11-05,CN,China,WPRO,636.0,99319009,32.0,121867
2023-11-12,CN,China,WPRO,559.0,99319568,6.0,121873
2023-11-19,CN,China,WPRO,467.0,99320035,1.0,121874
2023-11-26,CN,China,WPRO,390.0,99320425,3.0,121877
2023-12-03,CN,China,WPRO,420.0,99320845,9.0,121886
2023-12-10,CN,China,WPRO,397.0,99321242,2.0,121888
2023-12-17,CN,China,WPRO,395.0,99321637,0.0,121888
2023-12-24,CN,China,WPRO,505.0,99322142,1.0,121889
2023-12-31,CN,China,WPRO,585.0,99322727,4.0,121893
2024-01-07,CN,China,WPRO,1029.0,99323756,45.0,121938
2024-01-14,CN,China,WPRO,1352.0,99325108,-22.0,121916
2024-01-21,CN,China,WPRO,1315.0,99326423,5.0,121921
2024-01-28,CN,China,WPRO,1331.0,99327754,12.0,121933
2024-02-04,CN,China,WPRO,1495.0,99329249,13.0,121946
2024-02-11,CN,China,WPRO,1267.0,99330516,10.0,121956
2024-02-18,CN,China,WPRO,1208.0,99331724,20.0,121976
2024-02-25,CN,China,WPRO,3028.0,99334752,17.0,121993
2024-03-03,CN,China,WPRO,1999.0,99336751,41.0,122034
2024-03-10,CN,China,WPRO,3018.0,99339769,16.0,122050
2024-03-17,CN,China,WPRO,3426.0,99343195,0.0,122050
2024-03-24,CN,China,WPRO,2485.0,99345680,56.0,122106
2024-03-31,CN,China,WPRO,1768.0,99347448,19.0,122125
2024-04-07,CN,China,WPRO,1368.0,99348816,18.0,122143
2024-04-14,CN,China,WPRO,1511.0,99350327,10.0,122153
2024-04-21,CN,China,WPRO,1431.0,99351758,17.0,122170
2024-04-28,CN,China,WPRO,1403.0,99353161,6.0,122176
