Date_reported,Country_code,Country,WHO_region,New_cases,Cumulative_cases,New_deaths,Cumulative_deaths
2020-03-08,CR,Costa Rica,AMRO,2.0,2,0.0,0
2020-03-15,CR,Costa Rica,AMRO,24.0,26,0.0,0
2020-03-22,CR,Costa Rica,AMRO,87.0,113,2.0,2
2020-03-29,CR,Costa Rica,AMRO,150.0,263,0.0,2
2020-04-05,CR,Costa Rica,AMRO,153.0,416,0.0,2
2020-04-12,CR,Costa Rica,AMRO,142.0,558,1.0,3
2020-04-19,CR,Costa Rica,AMRO,91.0,649,1.0,4
2020-04-26,CR,Costa Rica,AMRO,38.0,687,2.0,6
2020-05-03,CR,Costa Rica,AMRO,38.0,725,0.0,6
2020-05-10,CR,Costa Rica,AMRO,48.0,773,0.0,6
2020-05-17,CR,Costa Rica,AMRO,70.0,843,2.0,8
2020-05-24,CR,Costa Rica,AMRO,68.0,911,2.0,10
2020-05-31,CR,Costa Rica,AMRO,111.0,1022,0.0,10
2020-06-07,CR,Costa Rica,AMRO,206.0,1228,0.0,10
2020-06-14,CR,Costa Rica,AMRO,384.0,1612,2.0,12
2020-06-21,CR,Costa Rica,AMRO,446.0,2058,0.0,12
2020-06-28,CR,Costa Rica,AMRO,778.0,2836,0.0,12
2020-07-05,CR,Costa Rica,AMRO,1475.0,4311,6.0,18
2020-07-12,CR,Costa Rica,AMRO,2534.0,6845,8.0,26
2020-07-19,CR,Costa Rica,AMRO,3124.0,9969,21.0,47
2020-07-26,CR,Costa Rica,AMRO,3700.0,13669,40.0,87
2020-08-02,CR,Costa Rica,AMRO,4151.0,17820,63.0,150
2020-08-09,CR,Costa Rica,AMRO,4261.0,22081,68.0,218
2020-08-16,CR,Costa Rica,AMRO,4850.0,26931,63.0,281
2020-08-23,CR,Costa Rica,AMRO,5203.0,32134,59.0,340
2020-08-30,CR,Costa Rica,AMRO,6351.0,38485,67.0,407
2020-09-06,CR,Costa Rica,AMRO,7195.0,45680,62.0,469
2020-09-13,CR,Costa Rica,AMRO,8289.0,53969,114.0,583
2020-09-20,CR,Costa Rica,AMRO,8405.0,62374,103.0,686
2020-09-27,CR,Costa Rica,AMRO,8442.0,70816,126.0,812
2020-10-04,CR,Costa Rica,AMRO,7013.0,77829,118.0,930
2020-10-11,CR,Costa Rica,AMRO,8224.0,86053,125.0,1055
2020-10-18,CR,Costa Rica,AMRO,8295.0,94348,113.0,1168
2020-10-25,CR,Costa Rica,AMRO,7478.0,101826,97.0,1265
2020-11-01,CR,Costa Rica,AMRO,7040.0,108866,106.0,1371
2020-11-08,CR,Costa Rica,AMRO,6551.0,115417,82.0,1453
2020-11-15,CR,Costa Rica,AMRO,6706.0,122123,84.0,1537
2020-11-22,CR,Costa Rica,AMRO,7295.0,129418,71.0,1608
2020-11-29,CR,Costa Rica,AMRO,7675.0,137093,82.0,1690
2020-12-06,CR,Costa Rica,AMRO,6592.0,143685,83.0,1773
2020-12-13,CR,Costa Rica,AMRO,7262.0,150947,122.0,1895
2020-12-20,CR,Costa Rica,AMRO,6525.0,157472,101.0,1996
2020-12-27,CR,Costa Rica,AMRO,6590.0,164062,107.0,2103
2021-01-03,CR,Costa Rica,AMRO,6529.0,170591,90.0,2193
2021-01-10,CR,Costa Rica,AMRO,7023.0,177614,112.0,2305
2021-01-17,CR,Costa Rica,AMRO,6573.0,184187,111.0,2416
2021-01-24,CR,Costa Rica,AMRO,5121.0,189308,102.0,2518
2021-01-31,CR,Costa Rica,AMRO,3968.0,193276,86.0,2604
2021-02-07,CR,Costa Rica,AMRO,3162.0,196438,68.0,2672
2021-02-14,CR,Costa Rica,AMRO,2749.0,199187,42.0,2714
2021-02-21,CR,Costa Rica,AMRO,2491.0,201678,49.0,2763
2021-02-28,CR,Costa Rica,AMRO,2663.0,204341,37.0,2800
2021-03-07,CR,Costa Rica,AMRO,2299.0,206640,33.0,2833
2021-03-14,CR,Costa Rica,AMRO,2453.0,209093,29.0,2862
2021-03-21,CR,Costa Rica,AMRO,2810.0,211903,34.0,2896
2021-03-28,CR,Costa Rica,AMRO,3275.0,215178,35.0,2931
2021-04-04,CR,Costa Rica,AMRO,2978.0,218156,43.0,2974
2021-04-11,CR,Costa Rica,AMRO,4388.0,222544,44.0,3018
2021-04-18,CR,Costa Rica,AMRO,6033.0,228577,53.0,3071
2021-04-25,CR,Costa Rica,AMRO,8353.0,236930,65.0,3136
2021-05-02,CR,Costa Rica,AMRO,14061.0,250991,95.0,3231
2021-05-09,CR,Costa Rica,AMRO,14495.0,265486,134.0,3365
2021-05-16,CR,Costa Rica,AMRO,17255.0,282741,182.0,3547
2021-05-23,CR,Costa Rica,AMRO,16478.0,299219,218.0,3765
2021-05-30,CR,Costa Rica,AMRO,14883.0,314102,197.0,3962
2021-06-06,CR,Costa Rica,AMRO,13877.0,327979,191.0,4153
2021-06-13,CR,Costa Rica,AMRO,11921.0,339900,169.0,4322
2021-06-20,CR,Costa Rica,AMRO,10730.0,350630,151.0,4473
2021-06-27,CR,Costa Rica,AMRO,10375.0,361005,129.0,4602
2021-07-04,CR,Costa Rica,AMRO,10201.0,371206,84.0,4686
2021-07-11,CR,Costa Rica,AMRO,9276.0,380482,87.0,4773
2021-07-18,CR,Costa Rica,AMRO,9316.0,389798,101.0,4874
2021-07-25,CR,Costa Rica,AMRO,8810.0,398608,67.0,4941
2021-08-01,CR,Costa Rica,AMRO,8206.0,406814,89.0,5030
2021-08-08,CR,Costa Rica,AMRO,9863.0,416677,94.0,5124
2021-08-15,CR,Costa Rica,AMRO,11618.0,428295,87.0,5211
2021-08-22,CR,Costa Rica,AMRO,12352.0,440647,101.0,5312
2021-08-29,CR,Costa Rica,AMRO,15137.0,455784,119.0,5431
2021-09-05,CR,Costa Rica,AMRO,16531.0,472315,137.0,5568
2021-09-12,CR,Costa Rica,AMRO,17469.0,489784,186.0,5754
2021-09-19,CR,Costa Rica,AMRO,15379.0,505163,195.0,5949
2021-09-26,CR,Costa Rica,AMRO,16019.0,521182,240.0,6189
2021-10-03,CR,Costa Rica,AMRO,12691.0,533873,224.0,6413
2021-10-10,CR,Costa Rica,AMRO,10148.0,544021,199.0,6612
2021-10-17,CR,Costa Rica,AMRO,7123.0,551144,185.0,6797
2021-10-24,CR,Costa Rica,AMRO,4826.0,555970,149.0,6946
2021-10-31,CR,Costa Rica,AMRO,3728.0,559698,83.0,7029
2021-11-07,CR,Costa Rica,AMRO,2618.0,562316,105.0,7134
2021-11-14,CR,Costa Rica,AMRO,1843.0,564159,63.0,7197
2021-11-21,CR,Costa Rica,AMRO,1389.0,565548,54.0,7251
2021-11-28,CR,Costa Rica,AMRO,1012.0,566560,36.0,7287
2021-12-05,CR,Costa Rica,AMRO,823.0,567383,25.0,7312
2021-12-12,CR,Costa Rica,AMRO,612.0,567995,20.0,7332
2021-12-19,CR,Costa Rica,AMRO,543.0,568538,8.0,7340
2021-12-26,CR,Costa Rica,AMRO,985.0,569523,9.0,7349
2022-01-02,CR,Costa Rica,AMRO,3025.0,572548,8.0,7357
2022-01-09,CR,Costa Rica,AMRO,11999.0,584547,15.0,7372
2022-01-16,CR,Costa Rica,AMRO,25335.0,609882,34.0,7406
2022-01-23,CR,Costa Rica,AMRO,33614.0,643496,45.0,7451
2022-01-30,CR,Costa Rica,AMRO,38984.0,682480,82.0,7533
2022-02-06,CR,Costa Rica,AMRO,39491.0,721971,108.0,7641
2022-02-13,CR,Costa Rica,AMRO,35122.0,757093,131.0,7772
2022-02-20,CR,Costa Rica,AMRO,26344.0,783437,122.0,7894
2022-02-27,CR,Costa Rica,AMRO,19035.0,802472,105.0,7999
2022-03-06,CR,Costa Rica,AMRO,12111.0,814583,83.0,8082
2022-03-13,CR,Costa Rica,AMRO,8352.0,822935,78.0,8160
2022-03-20,CR,Costa Rica,AMRO,6465.0,829400,66.0,8226
2022-03-27,CR,Costa Rica,AMRO,5326.0,834726,40.0,8266
2022-04-03,CR,Costa Rica,AMRO,4642.0,839368,42.0,8308
2022-04-10,CR,Costa Rica,AMRO,4116.0,843484,35.0,8343
2022-04-17,CR,Costa Rica,AMRO,2658.0,846142,22.0,8365
2022-04-24,CR,Costa Rica,AMRO,1642.0,847784,18.0,8383
2022-05-01,CR,Costa Rica,AMRO,4290.0,852074,22.0,8405
2022-05-08,CR,Costa Rica,AMRO,5216.0,857290,16.0,8421
2022-05-15,CR,Costa Rica,AMRO,8874.0,866164,23.0,8444
2022-05-22,CR,Costa Rica,AMRO,11369.0,877533,28.0,8472
2022-05-29,CR,Costa Rica,AMRO,13505.0,891038,23.0,8495
2022-06-05,CR,Costa Rica,AMRO,13896.0,904934,30.0,8525
2022-06-12,CR,Costa Rica,AMRO,14938.0,919872,8.0,8533
2022-06-19,CR,Costa Rica,AMRO,16554.0,936426,0.0,8533
2022-06-26,CR,Costa Rica,AMRO,17324.0,953750,26.0,8559
2022-07-03,CR,Costa Rica,AMRO,18010.0,971760,38.0,8597
2022-07-10,CR,Costa Rica,AMRO,20357.0,992117,27.0,8624
2022-07-17,CR,Costa Rica,AMRO,17220.0,1009337,29.0,8653
2022-07-24,CR,Costa Rica,AMRO,19038.0,1028375,37.0,8690
2022-07-31,CR,Costa Rica,AMRO,16010.0,1044385,50.0,8740
2022-08-07,CR,Costa Rica,AMRO,13310.0,1057695,34.0,8774
2022-08-14,CR,Costa Rica,AMRO,11467.0,1069162,26.0,8800
2022-08-21,CR,Costa Rica,AMRO,10663.0,1079825,28.0,8828
2022-08-28,CR,Costa Rica,AMRO,8891.0,1088716,28.0,8856
2022-09-04,CR,Costa Rica,AMRO,8913.0,1097629,31.0,8887
2022-09-11,CR,Costa Rica,AMRO,8163.0,1105792,26.0,8913
2022-09-18,CR,Costa Rica,AMRO,6177.0,1111969,20.0,8933
2022-09-25,CR,Costa Rica,AMRO,6020.0,1117989,20.0,8953
2022-10-02,CR,Costa Rica,AMRO,5012.0,1123001,13.0,8966
2022-10-09,CR,Costa Rica,AMRO,4601.0,1127602,8.0,8974
2022-10-16,CR,Costa Rica,AMRO,2966.0,1130568,8.0,8982
2022-10-23,CR,Costa Rica,AMRO,2528.0,1133096,8.0,8990
2022-10-30,CR,Costa Rica,AMRO,2617.0,1135713,9.0,8999
2022-11-06,CR,Costa Rica,AMRO,2703.0,1138416,10.0,9009
2022-11-13,CR,Costa Rica,AMRO,2448.0,1140864,10.0,9019
2022-11-20,CR,Costa Rica,AMRO,2733.0,1143597,12.0,9031
2022-11-27,CR,Costa Rica,AMRO,2538.0,1146135,7.0,9038
2022-12-04,CR,Costa Rica,AMRO,2779.0,1148914,8.0,9046
2022-12-11,CR,Costa Rica,AMRO,3552.0,1152466,5.0,9051
2022-12-18,CR,Costa Rica,AMRO,4031.0,1156497,8.0,9059
2022-12-25,CR,Costa Rica,AMRO,5190.0,1161687,13.0,9072
2023-01-01,CR,Costa Rica,AMRO,5155.0,1166842,13.0,9085
2023-01-08,CR,Costa Rica,AMRO,4960.0,1171802,19.0,9104
2023-01-15,CR,Costa Rica,AMRO,5712.0,1177514,19.0,9123
2023-01-22,CR,Costa Rica,AMRO,4857.0,1182371,19.0,9142
2023-01-29,CR,Costa Rica,AMRO,3805.0,1186176,16.0,9158
2023-02-05,CR,Costa Rica,AMRO,4201.0,1190377,23.0,9181
2023-02-12,CR,Costa Rica,AMRO,4207.0,1194584,14.0,9195
2023-02-19,CR,Costa Rica,AMRO,4471.0,1199055,19.0,9214
2023-02-26,CR,Costa Rica,AMRO,5109.0,1204164,16.0,9230
2023-03-05,CR,Costa Rica,AMRO,5561.0,1209725,15.0,9245
2023-03-12,CR,Costa Rica,AMRO,4926.0,1214651,21.0,9266
2023-03-19,CR,Costa Rica,AMRO,4423.0,1219074,25.0,9291
2023-03-26,CR,Costa Rica,AMRO,3587.0,1222661,18.0,9309
2023-04-02,CR,Costa Rica,AMRO,3654.0,1226315,17.0,9326
2023-04-09,CR,Costa Rica,AMRO,0.0,1226315,0.0,9326
2023-04-16,CR,Costa Rica,AMRO,0.0,1226315,0.0,9326
2023-04-23,CR,Costa Rica,AMRO,1231.0,1227546,13.0,9339
2023-04-30,CR,Costa Rica,AMRO,1113.0,1228659,12.0,9351
2023-05-07,CR,Costa Rica,AMRO,928.0,1229587,11.0,9362
2023-05-14,CR,Costa Rica,AMRO,965.0,1230552,4.0,9366
2023-05-21,CR,Costa Rica,AMRO,0.0,1230552,0.0,9366
2023-05-28,CR,Costa Rica,AMRO,7.0,1230559,0.0,9366
2023-06-04,CR,Costa Rica,AMRO,8.0,1230567,0.0,9366
2023-06-11,CR,Costa Rica,AMRO,10.0,1230577,0.0,9366
2023-06-18,CR,Costa Rica,AMRO,16.0,1230593,1.0,9367
2023-06-25,CR,Costa Rica,AMRO,24.0,1230617,0.0,9367
2023-07-02,CR,Costa Rica,AMRO,12.0,1230629,0.0,9367
2023-07-09,CR,Costa Rica,AMRO,3.0,1230632,0.0,9367
2023-07-16,CR,Costa Rica,AMRO,14.0,1230646,0.0,9367
2023-07-23,CR,Costa Rica,AMRO,2.0,1230648,1.0,9368
2023-07-30,CR,Costa Rica,AMRO,4.0,1230652,0.0,9368
2023-08-06,CR,Costa Rica,AMRO,1.0,1230653,0.0,9368
2023-08-13,CR,Costa Rica,AMRO,0.0,1230653,0.0,9368
2023-08-20,CR,Costa Rica,AMRO,0.0,1230653,0.0,9368
2023-08-27,CR,Costa Rica,AMRO,0.0,1230653,0.0,9368
2023-09-03,CR,Costa Rica,AMRO,0.0,1230653,0.0,9368
2023-09-10,CR,Costa Rica,AMRO,0.0,1230653,0.0,9368
2023-09-17,CR,Costa Rica,AMRO,0.0,1230653,0.0,9368
2023-09-24,CR,Costa Rica,AMRO,0.0,1230653,0.0,9368
2023-10-01,CR,Costa Rica,AMRO,0.0,1230653,0.0,9368
2023-10-08,CR,Costa Rica,AMRO,0.0,1230653,0.0,9368
2023-10-15,CR,Costa Rica,AMRO,0.0,1230653,0.0,9368
2023-10-22,CR,Costa Rica,AMRO,0.0,1230653,0.0,9368
2023-10-29,CR,Costa Rica,AMRO,0.0,1230653,0.0,9368
2023-11-05,CR,Costa Rica,AMRO,0.0,1230653,0.0,9368
2023-11-12,CR,Costa Rica,AMRO,0.0,1230653,0.0,9368
2023-11-19,CR,Costa Rica,AMRO,0.0,1230653,0.0,9368
2023-11-26,CR,Costa Rica,AMRO,0.0,1230653,0.0,9368
2023-12-03,CR,Costa Rica,AMRO,0.0,1230653,0.0,9368
2023-12-10,CR,Costa Rica,AMRO,0.0,1230653,0.0,9368
2023-12-17,CR,Costa Rica,AMRO,0.0,1230653,0.0,9368
2023-12-24,CR,Costa Rica,AMRO,0.0,1230653,0.0,9368
2023-12-31,CR,Costa Rica,AMRO,0.0,1230653,0.0,9368
2024-01-07,CR,Costa Rica,AMRO,0.0,1230653,0.0,9368
2024-01-14,CR,Costa Rica,AMRO,0.0,1230653,0.0,9368
2024-01-21,CR,Costa Rica,AMRO,0.0,1230653,0.0,9368
2024-01-28,CR,Costa Rica,AMRO,0.0,1230653,0.0,9368
2024-02-04,CR,Costa Rica,AMRO,0.0,1230653,0.0,9368
2024-02-11,CR,Costa Rica,AMRO,0.0,1230653,0.0,9368
2024-02-18,CR,Costa Rica,AMRO,0.0,1230653,0.0,9368
2024-02-25,CR,Costa Rica,AMRO,0.0,1230653,0.0,9368
2024-03-03,CR,Costa Rica,AMRO,0.0,1230653,0.0,9368
2024-03-10,CR,Costa Rica,AMRO,0.0,1230653,0.0,9368
2024-03-17,CR,Costa Rica,AMRO,0.0,1230653,0.0,9368
2024-03-24,CR,Costa Rica,AMRO,0.0,1230653,0.0,9368
2024-03-31,CR,Costa Rica,AMRO,0.0,1230653,0.0,9368
2024-04-07,CR,Costa Rica,AMRO,0.0,1230653,0.0,9368
2024-04-14,CR,Costa Rica,AMRO,0.0,1230653,0.0,9368
2024-04-21,CR,Costa Rica,AMRO,0.0,1230653,0.0,9368
2024-04-28,CR,Costa Rica,AMRO,0.0,1230653,0.0,9368
