Date_reported,Country_code,Country,WHO_region,New_cases,Cumulative_cases,New_deaths,Cumulative_deaths
2020-03-22,CV,Cabo Verde,AFRO,3.0,3,0.0,0
2020-03-29,CV,Cabo Verde,AFRO,2.0,5,0.0,0
2020-04-05,CV,Cabo Verde,AFRO,0.0,5,0.0,0
2020-04-12,CV,Cabo Verde,AFRO,2.0,7,0.0,0
2020-04-19,CV,Cabo Verde,AFRO,48.0,55,0.0,0
2020-04-26,CV,Cabo Verde,AFRO,35.0,90,0.0,0
2020-05-03,CV,Cabo Verde,AFRO,62.0,152,2.0,2
2020-05-10,CV,Cabo Verde,AFRO,84.0,236,0.0,2
2020-05-17,CV,Cabo Verde,AFRO,92.0,328,1.0,3
2020-05-24,CV,Cabo Verde,AFRO,43.0,371,0.0,3
2020-05-31,CV,Cabo Verde,AFRO,50.0,421,1.0,4
2020-06-07,CV,Cabo Verde,AFRO,121.0,542,1.0,5
2020-06-14,CV,Cabo Verde,AFRO,184.0,726,1.0,6
2020-06-21,CV,Cabo Verde,AFRO,137.0,863,2.0,8
2020-06-28,CV,Cabo Verde,AFRO,228.0,1091,4.0,12
2020-07-05,CV,Cabo Verde,AFRO,329.0,1420,4.0,16
2020-07-12,CV,Cabo Verde,AFRO,203.0,1623,3.0,19
2020-07-19,CV,Cabo Verde,AFRO,391.0,2014,2.0,21
2020-07-26,CV,Cabo Verde,AFRO,244.0,2258,1.0,22
2020-08-02,CV,Cabo Verde,AFRO,222.0,2480,2.0,24
2020-08-09,CV,Cabo Verde,AFRO,355.0,2835,8.0,32
2020-08-16,CV,Cabo Verde,AFRO,328.0,3163,2.0,34
2020-08-23,CV,Cabo Verde,AFRO,292.0,3455,3.0,37
2020-08-30,CV,Cabo Verde,AFRO,323.0,3778,2.0,39
2020-09-06,CV,Cabo Verde,AFRO,497.0,4275,3.0,42
2020-09-13,CV,Cabo Verde,AFRO,436.0,4711,2.0,44
2020-09-20,CV,Cabo Verde,AFRO,475.0,5186,6.0,50
2020-09-27,CV,Cabo Verde,AFRO,515.0,5701,6.0,56
2020-10-04,CV,Cabo Verde,AFRO,595.0,6296,6.0,62
2020-10-11,CV,Cabo Verde,AFRO,617.0,6913,12.0,74
2020-10-18,CV,Cabo Verde,AFRO,725.0,7638,11.0,85
2020-10-25,CV,Cabo Verde,AFRO,684.0,8322,9.0,94
2020-11-01,CV,Cabo Verde,AFRO,471.0,8793,1.0,95
2020-11-08,CV,Cabo Verde,AFRO,498.0,9291,5.0,100
2020-11-15,CV,Cabo Verde,AFRO,489.0,9780,2.0,102
2020-11-22,CV,Cabo Verde,AFRO,454.0,10234,2.0,104
2020-11-29,CV,Cabo Verde,AFRO,466.0,10700,0.0,104
2020-12-06,CV,Cabo Verde,AFRO,336.0,11036,1.0,105
2020-12-13,CV,Cabo Verde,AFRO,266.0,11302,5.0,110
2020-12-20,CV,Cabo Verde,AFRO,265.0,11567,1.0,111
2020-12-27,CV,Cabo Verde,AFRO,131.0,11698,1.0,112
2021-01-03,CV,Cabo Verde,AFRO,185.0,11883,1.0,113
2021-01-10,CV,Cabo Verde,AFRO,433.0,12316,1.0,114
2021-01-17,CV,Cabo Verde,AFRO,585.0,12901,5.0,119
2021-01-24,CV,Cabo Verde,AFRO,513.0,13414,5.0,124
2021-01-31,CV,Cabo Verde,AFRO,567.0,13981,9.0,133
2021-02-07,CV,Cabo Verde,AFRO,399.0,14380,2.0,135
2021-02-14,CV,Cabo Verde,AFRO,320.0,14700,4.0,139
2021-02-21,CV,Cabo Verde,AFRO,299.0,14999,4.0,143
2021-02-28,CV,Cabo Verde,AFRO,325.0,15324,4.0,147
2021-03-07,CV,Cabo Verde,AFRO,400.0,15724,5.0,152
2021-03-14,CV,Cabo Verde,AFRO,311.0,16035,4.0,156
2021-03-21,CV,Cabo Verde,AFRO,405.0,16440,3.0,159
2021-03-28,CV,Cabo Verde,AFRO,578.0,17018,6.0,165
2021-04-04,CV,Cabo Verde,AFRO,803.0,17821,6.0,171
2021-04-11,CV,Cabo Verde,AFRO,1015.0,18836,10.0,181
2021-04-18,CV,Cabo Verde,AFRO,1418.0,20254,9.0,190
2021-04-25,CV,Cabo Verde,AFRO,1840.0,22094,11.0,201
2021-05-02,CV,Cabo Verde,AFRO,2033.0,24127,19.0,220
2021-05-09,CV,Cabo Verde,AFRO,1984.0,26111,12.0,232
2021-05-16,CV,Cabo Verde,AFRO,1840.0,27951,14.0,246
2021-05-23,CV,Cabo Verde,AFRO,1247.0,29198,10.0,256
2021-05-30,CV,Cabo Verde,AFRO,1075.0,30273,7.0,263
2021-06-06,CV,Cabo Verde,AFRO,730.0,31003,4.0,267
2021-06-13,CV,Cabo Verde,AFRO,568.0,31571,6.0,273
2021-06-20,CV,Cabo Verde,AFRO,393.0,31964,8.0,281
2021-06-27,CV,Cabo Verde,AFRO,380.0,32344,5.0,286
2021-07-04,CV,Cabo Verde,AFRO,361.0,32705,1.0,287
2021-07-11,CV,Cabo Verde,AFRO,264.0,32969,2.0,289
2021-07-18,CV,Cabo Verde,AFRO,301.0,33270,6.0,295
2021-07-25,CV,Cabo Verde,AFRO,271.0,33541,2.0,297
2021-08-01,CV,Cabo Verde,AFRO,250.0,33791,1.0,298
2021-08-08,CV,Cabo Verde,AFRO,219.0,34010,0.0,298
2021-08-15,CV,Cabo Verde,AFRO,334.0,34344,1.0,299
2021-08-22,CV,Cabo Verde,AFRO,342.0,34686,3.0,302
2021-08-29,CV,Cabo Verde,AFRO,461.0,35147,6.0,308
2021-09-05,CV,Cabo Verde,AFRO,709.0,35856,7.0,315
2021-09-12,CV,Cabo Verde,AFRO,663.0,36519,5.0,320
2021-09-19,CV,Cabo Verde,AFRO,533.0,37052,9.0,329
2021-09-26,CV,Cabo Verde,AFRO,348.0,37400,5.0,334
2021-10-03,CV,Cabo Verde,AFRO,235.0,37635,6.0,340
2021-10-10,CV,Cabo Verde,AFRO,235.0,37870,6.0,346
2021-10-17,CV,Cabo Verde,AFRO,165.0,38035,1.0,347
2021-10-24,CV,Cabo Verde,AFRO,95.0,38130,2.0,349
2021-10-31,CV,Cabo Verde,AFRO,77.0,38207,0.0,349
2021-11-07,CV,Cabo Verde,AFRO,46.0,38253,0.0,349
2021-11-14,CV,Cabo Verde,AFRO,40.0,38293,0.0,349
2021-11-21,CV,Cabo Verde,AFRO,31.0,38324,0.0,349
2021-11-28,CV,Cabo Verde,AFRO,34.0,38358,0.0,349
2021-12-05,CV,Cabo Verde,AFRO,81.0,38439,2.0,351
2021-12-12,CV,Cabo Verde,AFRO,57.0,38496,0.0,351
2021-12-19,CV,Cabo Verde,AFRO,77.0,38573,1.0,352
2021-12-26,CV,Cabo Verde,AFRO,440.0,39013,0.0,352
2022-01-02,CV,Cabo Verde,AFRO,3450.0,42463,1.0,353
2022-01-09,CV,Cabo Verde,AFRO,7387.0,49850,10.0,363
2022-01-16,CV,Cabo Verde,AFRO,4137.0,53987,13.0,376
2022-01-23,CV,Cabo Verde,AFRO,1269.0,55256,11.0,387
2022-01-30,CV,Cabo Verde,AFRO,402.0,55658,8.0,395
2022-02-06,CV,Cabo Verde,AFRO,114.0,55772,1.0,396
2022-02-13,CV,Cabo Verde,AFRO,70.0,55842,4.0,400
2022-02-20,CV,Cabo Verde,AFRO,18.0,55860,0.0,400
2022-02-27,CV,Cabo Verde,AFRO,22.0,55882,1.0,401
2022-03-06,CV,Cabo Verde,AFRO,13.0,55895,0.0,401
2022-03-13,CV,Cabo Verde,AFRO,11.0,55906,0.0,401
2022-03-20,CV,Cabo Verde,AFRO,19.0,55925,0.0,401
2022-03-27,CV,Cabo Verde,AFRO,23.0,55948,0.0,401
2022-04-03,CV,Cabo Verde,AFRO,12.0,55960,0.0,401
2022-04-10,CV,Cabo Verde,AFRO,12.0,55972,0.0,401
2022-04-17,CV,Cabo Verde,AFRO,18.0,55990,0.0,401
2022-04-24,CV,Cabo Verde,AFRO,14.0,56004,0.0,401
2022-05-01,CV,Cabo Verde,AFRO,21.0,56025,0.0,401
2022-05-08,CV,Cabo Verde,AFRO,40.0,56065,0.0,401
2022-05-15,CV,Cabo Verde,AFRO,50.0,56115,0.0,401
2022-05-22,CV,Cabo Verde,AFRO,57.0,56172,0.0,401
2022-05-29,CV,Cabo Verde,AFRO,118.0,56290,0.0,401
2022-06-05,CV,Cabo Verde,AFRO,266.0,56556,1.0,402
2022-06-12,CV,Cabo Verde,AFRO,540.0,57096,0.0,402
2022-06-19,CV,Cabo Verde,AFRO,1080.0,58176,0.0,402
2022-06-26,CV,Cabo Verde,AFRO,1357.0,59533,1.0,403
2022-07-03,CV,Cabo Verde,AFRO,1469.0,61002,2.0,405
2022-07-10,CV,Cabo Verde,AFRO,621.0,61623,4.0,409
2022-07-17,CV,Cabo Verde,AFRO,299.0,61922,0.0,409
2022-07-24,CV,Cabo Verde,AFRO,150.0,62072,0.0,409
2022-07-31,CV,Cabo Verde,AFRO,87.0,62159,1.0,410
2022-08-07,CV,Cabo Verde,AFRO,48.0,62207,0.0,410
2022-08-14,CV,Cabo Verde,AFRO,46.0,62253,0.0,410
2022-08-21,CV,Cabo Verde,AFRO,35.0,62288,0.0,410
2022-08-28,CV,Cabo Verde,AFRO,22.0,62310,0.0,410
2022-09-04,CV,Cabo Verde,AFRO,18.0,62328,0.0,410
2022-09-11,CV,Cabo Verde,AFRO,13.0,62341,0.0,410
2022-09-18,CV,Cabo Verde,AFRO,11.0,62352,0.0,410
2022-09-25,CV,Cabo Verde,AFRO,7.0,62359,0.0,410
2022-10-02,CV,Cabo Verde,AFRO,17.0,62376,0.0,410
2022-10-09,CV,Cabo Verde,AFRO,13.0,62389,0.0,410
2022-10-16,CV,Cabo Verde,AFRO,8.0,62397,0.0,410
2022-10-23,CV,Cabo Verde,AFRO,0.0,62397,0.0,410
2022-10-30,CV,Cabo Verde,AFRO,0.0,62397,0.0,410
2022-11-06,CV,Cabo Verde,AFRO,164.0,62561,0.0,410
2022-11-13,CV,Cabo Verde,AFRO,119.0,62680,0.0,410
2022-11-20,CV,Cabo Verde,AFRO,139.0,62819,1.0,411
2022-11-27,CV,Cabo Verde,AFRO,150.0,62969,1.0,412
2022-12-04,CV,Cabo Verde,AFRO,111.0,63080,0.0,412
2022-12-11,CV,Cabo Verde,AFRO,49.0,63129,0.0,412
2022-12-18,CV,Cabo Verde,AFRO,35.0,63164,0.0,412
2022-12-25,CV,Cabo Verde,AFRO,26.0,63190,0.0,412
2023-01-01,CV,Cabo Verde,AFRO,10.0,63200,0.0,412
2023-01-08,CV,Cabo Verde,AFRO,7.0,63207,0.0,412
2023-01-15,CV,Cabo Verde,AFRO,14.0,63221,0.0,412
2023-01-22,CV,Cabo Verde,AFRO,3.0,63224,0.0,412
2023-01-29,CV,Cabo Verde,AFRO,3.0,63227,1.0,413
2023-02-05,CV,Cabo Verde,AFRO,2.0,63229,0.0,413
2023-02-12,CV,Cabo Verde,AFRO,6.0,63235,0.0,413
2023-02-19,CV,Cabo Verde,AFRO,4.0,63239,0.0,413
2023-02-26,CV,Cabo Verde,AFRO,2.0,63241,0.0,413
2023-03-05,CV,Cabo Verde,AFRO,4.0,63245,0.0,413
2023-03-12,CV,Cabo Verde,AFRO,0.0,63245,0.0,413
2023-03-19,CV,Cabo Verde,AFRO,7.0,63252,0.0,413
2023-03-26,CV,Cabo Verde,AFRO,5.0,63257,0.0,413
2023-04-02,CV,Cabo Verde,AFRO,3.0,63260,0.0,413
2023-04-09,CV,Cabo Verde,AFRO,18.0,63278,0.0,413
2023-04-16,CV,Cabo Verde,AFRO,3.0,63281,0.0,413
2023-04-23,CV,Cabo Verde,AFRO,72.0,63353,0.0,413
2023-04-30,CV,Cabo Verde,AFRO,114.0,63467,0.0,413
2023-05-07,CV,Cabo Verde,AFRO,146.0,63613,0.0,413
2023-05-14,CV,Cabo Verde,AFRO,128.0,63741,1.0,414
2023-05-21,CV,Cabo Verde,AFRO,106.0,63847,0.0,414
2023-05-28,CV,Cabo Verde,AFRO,64.0,63911,0.0,414
2023-06-04,CV,Cabo Verde,AFRO,43.0,63954,0.0,414
2023-06-11,CV,Cabo Verde,AFRO,24.0,63978,0.0,414
2023-06-18,CV,Cabo Verde,AFRO,7.0,63985,0.0,414
2023-06-25,CV,Cabo Verde,AFRO,45.0,64030,0.0,414
2023-07-02,CV,Cabo Verde,AFRO,50.0,64080,0.0,414
2023-07-09,CV,Cabo Verde,AFRO,45.0,64125,0.0,414
2023-07-16,CV,Cabo Verde,AFRO,36.0,64161,0.0,414
2023-07-23,CV,Cabo Verde,AFRO,11.0,64172,0.0,414
2023-07-30,CV,Cabo Verde,AFRO,10.0,64182,0.0,414
2023-08-06,CV,Cabo Verde,AFRO,7.0,64189,0.0,414
2023-08-13,CV,Cabo Verde,AFRO,37.0,64226,0.0,414
2023-08-20,CV,Cabo Verde,AFRO,12.0,64238,1.0,415
2023-08-27,CV,Cabo Verde,AFRO,34.0,64272,0.0,415
2023-09-03,CV,Cabo Verde,AFRO,34.0,64306,0.0,415
2023-09-10,CV,Cabo Verde,AFRO,49.0,64355,0.0,415
2023-09-17,CV,Cabo Verde,AFRO,49.0,64404,0.0,415
2023-09-24,CV,Cabo Verde,AFRO,26.0,64430,0.0,415
2023-10-01,CV,Cabo Verde,AFRO,21.0,64451,2.0,417
2023-10-08,CV,Cabo Verde,AFRO,5.0,64456,0.0,417
2023-10-15,CV,Cabo Verde,AFRO,14.0,64470,0.0,417
2023-10-22,CV,Cabo Verde,AFRO,1.0,64471,0.0,417
2023-10-29,CV,Cabo Verde,AFRO,3.0,64474,0.0,417
2023-11-05,CV,Cabo Verde,AFRO,0.0,64474,0.0,417
2023-11-12,CV,Cabo Verde,AFRO,0.0,64474,0.0,417
2023-11-19,CV,Cabo Verde,AFRO,0.0,64474,0.0,417
2023-11-26,CV,Cabo Verde,AFRO,0.0,64474,0.0,417
2023-12-03,CV,Cabo Verde,AFRO,0.0,64474,0.0,417
2023-12-10,CV,Cabo Verde,AFRO,0.0,64474,0.0,417
2023-12-17,CV,Cabo Verde,AFRO,0.0,64474,0.0,417
2023-12-24,CV,Cabo Verde,AFRO,0.0,64474,0.0,417
2023-12-31,CV,Cabo Verde,AFRO,0.0,64474,0.0,417
2024-01-07,CV,Cabo Verde,AFRO,0.0,64474,0.0,417
2024-01-14,CV,Cabo Verde,AFRO,0.0,64474,0.0,417
2024-01-21,CV,Cabo Verde,AFRO,0.0,64474,0.0,417
2024-01-28,CV,Cabo Verde,AFRO,0.0,64474,0.0,417
2024-02-04,CV,Cabo Verde,AFRO,0.0,64474,0.0,417
2024-02-11,CV,Cabo Verde,AFRO,0.0,64474,0.0,417
2024-02-18,CV,Cabo Verde,AFRO,0.0,64474,0.0,417
2024-02-25,CV,Cabo Verde,AFRO,0.0,64474,0.0,417
2024-03-03,CV,Cabo Verde,AFRO,0.0,64474,0.0,417
2024-03-10,CV,Cabo Verde,AFRO,0.0,64474,0.0,417
2024-03-17,CV,Cabo Verde,AFRO,0.0,64474,0.0,417
2024-03-24,CV,Cabo Verde,AFRO,0.0,64474,0.0,417
2024-03-31,CV,Cabo Verde,AFRO,0.0,64474,0.0,417
2024-04-07,CV,Cabo Verde,AFRO,0.0,64474,0.0,417
2024-04-14,CV,Cabo Verde,AFRO,0.0,64474,0.0,417
2024-04-21,CV,Cabo Verde,AFRO,0.0,64474,0.0,417
2024-04-28,CV,Cabo Verde,AFRO,0.0,64474,0.0,417
