Date_reported,Country_code,Country,WHO_region,New_cases,Cumulative_cases,New_deaths,Cumulative_deaths
2020-03-08,CZ,Czechia,EURO,27.0,27,0.0,0
2020-03-15,CZ,Czechia,EURO,163.0,190,0.0,0
2020-03-22,CZ,Czechia,EURO,869.0,1059,0.0,0
2020-03-29,CZ,Czechia,EURO,1624.0,2683,17.0,17
2020-04-05,CZ,Czechia,EURO,1821.0,4504,49.0,66
2020-04-12,CZ,Czechia,EURO,1438.0,5942,70.0,136
2020-04-19,CZ,Czechia,EURO,754.0,6696,44.0,180
2020-04-26,CZ,Czechia,EURO,701.0,7397,42.0,222
2020-05-03,CZ,Czechia,EURO,412.0,7809,29.0,251
2020-05-10,CZ,Czechia,EURO,344.0,8153,26.0,277
2020-05-17,CZ,Czechia,EURO,372.0,8525,18.0,295
2020-05-24,CZ,Czechia,EURO,448.0,8973,18.0,313
2020-05-31,CZ,Czechia,EURO,346.0,9319,5.0,318
2020-06-07,CZ,Czechia,EURO,351.0,9670,7.0,325
2020-06-14,CZ,Czechia,EURO,429.0,10099,5.0,330
2020-06-21,CZ,Czechia,EURO,460.0,10559,8.0,338
2020-06-28,CZ,Czechia,EURO,853.0,11412,8.0,346
2020-07-05,CZ,Czechia,EURO,1142.0,12554,4.0,350
2020-07-12,CZ,Czechia,EURO,678.0,13232,4.0,354
2020-07-19,CZ,Czechia,EURO,748.0,13980,6.0,360
2020-07-26,CZ,Czechia,EURO,1353.0,15333,11.0,371
2020-08-02,CZ,Czechia,EURO,1476.0,16809,13.0,384
2020-08-09,CZ,Czechia,EURO,1549.0,18358,8.0,392
2020-08-16,CZ,Czechia,EURO,1664.0,20022,8.0,400
2020-08-23,CZ,Czechia,EURO,1895.0,21917,15.0,415
2020-08-30,CZ,Czechia,EURO,2315.0,24232,10.0,425
2020-09-06,CZ,Czechia,EURO,3658.0,27890,15.0,440
2020-09-13,CZ,Czechia,EURO,7660.0,35550,27.0,467
2020-09-20,CZ,Czechia,EURO,12920.0,48470,55.0,522
2020-09-27,CZ,Czechia,EURO,15008.0,63478,89.0,611
2020-10-04,CZ,Czechia,EURO,17352.0,80830,127.0,738
2020-10-11,CZ,Czechia,EURO,33458.0,114288,293.0,1031
2020-10-18,CZ,Czechia,EURO,54911.0,169199,457.0,1488
2020-10-25,CZ,Czechia,EURO,82219.0,251418,826.0,2314
2020-11-01,CZ,Czechia,EURO,84751.0,336169,1290.0,3604
2020-11-08,CZ,Czechia,EURO,76531.0,412700,1552.0,5156
2020-11-15,CZ,Czechia,EURO,47391.0,460091,1331.0,6487
2020-11-22,CZ,Czechia,EURO,32810.0,492901,1001.0,7488
2020-11-29,CZ,Czechia,EURO,28065.0,520966,899.0,8387
2020-12-06,CZ,Czechia,EURO,27269.0,548235,760.0,9147
2020-12-13,CZ,Czechia,EURO,33579.0,581814,680.0,9827
2020-12-20,CZ,Czechia,EURO,45475.0,627289,779.0,10606
2020-12-27,CZ,Czechia,EURO,47773.0,675062,761.0,11367
2021-01-03,CZ,Czechia,EURO,70541.0,745603,954.0,12321
2021-01-10,CZ,Czechia,EURO,92118.0,837721,1187.0,13508
2021-01-17,CZ,Czechia,EURO,58893.0,896614,1190.0,14698
2021-01-24,CZ,Czechia,EURO,49125.0,945739,1054.0,15752
2021-01-31,CZ,Czechia,EURO,47939.0,993678,1002.0,16754
2021-02-07,CZ,Czechia,EURO,50871.0,1044549,910.0,17664
2021-02-14,CZ,Czechia,EURO,53838.0,1098387,930.0,18594
2021-02-21,CZ,Czechia,EURO,65983.0,1164370,1092.0,19686
2021-02-28,CZ,Czechia,EURO,83422.0,1247792,1173.0,20859
2021-03-07,CZ,Czechia,EURO,87158.0,1334950,1398.0,22257
2021-03-14,CZ,Czechia,EURO,79038.0,1413988,1523.0,23780
2021-03-21,CZ,Czechia,EURO,67088.0,1481076,1459.0,25239
2021-03-28,CZ,Czechia,EURO,51053.0,1532129,1280.0,26519
2021-04-04,CZ,Czechia,EURO,37537.0,1569666,1007.0,27526
2021-04-11,CZ,Czechia,EURO,28894.0,1598560,847.0,28373
2021-04-18,CZ,Czechia,EURO,22178.0,1620738,587.0,28960
2021-04-25,CZ,Czechia,EURO,17828.0,1638566,445.0,29405
2021-05-02,CZ,Czechia,EURO,15073.0,1653639,358.0,29763
2021-05-09,CZ,Czechia,EURO,11224.0,1664863,263.0,30026
2021-05-16,CZ,Czechia,EURO,7982.0,1672845,190.0,30216
2021-05-23,CZ,Czechia,EURO,5241.0,1678086,108.0,30324
2021-05-30,CZ,Czechia,EURO,3400.0,1681486,67.0,30391
2021-06-06,CZ,Czechia,EURO,2461.0,1683947,39.0,30430
2021-06-13,CZ,Czechia,EURO,1542.0,1685489,28.0,30458
2021-06-20,CZ,Czechia,EURO,978.0,1686467,16.0,30474
2021-06-27,CZ,Czechia,EURO,732.0,1687199,12.0,30486
2021-07-04,CZ,Czechia,EURO,1020.0,1688219,5.0,30491
2021-07-11,CZ,Czechia,EURO,1393.0,1689612,3.0,30494
2021-07-18,CZ,Czechia,EURO,1700.0,1691312,4.0,30498
2021-07-25,CZ,Czechia,EURO,1459.0,1692771,4.0,30502
2021-08-01,CZ,Czechia,EURO,1252.0,1694023,2.0,30504
2021-08-08,CZ,Czechia,EURO,1216.0,1695239,6.0,30510
2021-08-15,CZ,Czechia,EURO,1356.0,1696595,2.0,30512
2021-08-22,CZ,Czechia,EURO,1322.0,1697917,13.0,30525
2021-08-29,CZ,Czechia,EURO,1395.0,1699312,7.0,30532
2021-09-05,CZ,Czechia,EURO,1741.0,1701053,3.0,30535
2021-09-12,CZ,Czechia,EURO,2674.0,1703727,6.0,30541
2021-09-19,CZ,Czechia,EURO,3104.0,1706831,16.0,30557
2021-09-26,CZ,Czechia,EURO,3340.0,1710171,15.0,30572
2021-10-03,CZ,Czechia,EURO,4525.0,1714696,11.0,30583
2021-10-10,CZ,Czechia,EURO,6141.0,1720837,26.0,30609
2021-10-17,CZ,Czechia,EURO,9397.0,1730234,47.0,30656
2021-10-24,CZ,Czechia,EURO,21024.0,1751258,79.0,30735
2021-10-31,CZ,Czechia,EURO,34304.0,1785562,156.0,30891
2021-11-07,CZ,Czechia,EURO,54713.0,1840275,298.0,31189
2021-11-14,CZ,Czechia,EURO,76286.0,1916561,441.0,31630
2021-11-21,CZ,Czechia,EURO,107749.0,2024310,642.0,32272
2021-11-28,CZ,Czechia,EURO,131080.0,2155390,768.0,33040
2021-12-05,CZ,Czechia,EURO,120518.0,2275908,848.0,33888
2021-12-12,CZ,Czechia,EURO,95994.0,2371902,798.0,34686
2021-12-19,CZ,Czechia,EURO,70819.0,2442721,775.0,35461
2021-12-26,CZ,Czechia,EURO,43730.0,2486451,527.0,35988
2022-01-02,CZ,Czechia,EURO,37317.0,2523768,448.0,36436
2022-01-09,CZ,Czechia,EURO,49854.0,2573622,361.0,36797
2022-01-16,CZ,Czechia,EURO,76148.0,2649770,239.0,37036
2022-01-23,CZ,Czechia,EURO,174118.0,2823888,175.0,37211
2022-01-30,CZ,Czechia,EURO,279661.0,3103549,157.0,37368
2022-02-06,CZ,Czechia,EURO,286572.0,3390121,289.0,37657
2022-02-13,CZ,Czechia,EURO,189772.0,3579893,388.0,38045
2022-02-20,CZ,Czechia,EURO,129271.0,3709164,377.0,38422
2022-02-27,CZ,Czechia,EURO,80424.0,3789588,357.0,38779
2022-03-06,CZ,Czechia,EURO,65371.0,3854959,300.0,39079
2022-03-13,CZ,Czechia,EURO,63916.0,3918875,219.0,39298
2022-03-20,CZ,Czechia,EURO,64737.0,3983612,192.0,39490
2022-03-27,CZ,Czechia,EURO,59392.0,4043004,194.0,39684
2022-04-03,CZ,Czechia,EURO,50470.0,4093474,154.0,39838
2022-04-10,CZ,Czechia,EURO,37781.0,4131255,172.0,40010
2022-04-17,CZ,Czechia,EURO,23016.0,4154271,92.0,40102
2022-04-24,CZ,Czechia,EURO,16520.0,4170791,91.0,40193
2022-05-01,CZ,Czechia,EURO,12147.0,4182938,77.0,40270
2022-05-08,CZ,Czechia,EURO,8010.0,4190948,57.0,40327
2022-05-15,CZ,Czechia,EURO,4219.0,4195167,25.0,40352
2022-05-22,CZ,Czechia,EURO,2686.0,4197853,15.0,40367
2022-05-29,CZ,Czechia,EURO,1896.0,4199749,11.0,40378
2022-06-05,CZ,Czechia,EURO,1706.0,4201455,7.0,40385
2022-06-12,CZ,Czechia,EURO,2275.0,4203730,8.0,40393
2022-06-19,CZ,Czechia,EURO,2945.0,4206675,4.0,40397
2022-06-26,CZ,Czechia,EURO,4645.0,4211320,3.0,40400
2022-07-03,CZ,Czechia,EURO,8243.0,4219563,10.0,40410
2022-07-10,CZ,Czechia,EURO,7976.0,4227539,20.0,40430
2022-07-17,CZ,Czechia,EURO,14675.0,4242214,22.0,40452
2022-07-24,CZ,Czechia,EURO,21407.0,4263621,43.0,40495
2022-07-31,CZ,Czechia,EURO,22707.0,4286328,86.0,40581
2022-08-07,CZ,Czechia,EURO,20552.0,4306880,102.0,40683
2022-08-14,CZ,Czechia,EURO,17817.0,4324697,83.0,40766
2022-08-21,CZ,Czechia,EURO,18267.0,4342964,87.0,40853
2022-08-28,CZ,Czechia,EURO,15470.0,4358434,62.0,40915
2022-09-04,CZ,Czechia,EURO,16021.0,4374455,45.0,40960
2022-09-11,CZ,Czechia,EURO,18605.0,4393060,56.0,41016
2022-09-18,CZ,Czechia,EURO,22160.0,4415220,52.0,41068
2022-09-25,CZ,Czechia,EURO,24278.0,4439498,65.0,41133
2022-10-02,CZ,Czechia,EURO,26213.0,4465711,100.0,41233
2022-10-09,CZ,Czechia,EURO,26201.0,4491912,123.0,41356
2022-10-16,CZ,Czechia,EURO,19903.0,4511815,142.0,41498
2022-10-23,CZ,Czechia,EURO,14417.0,4526232,97.0,41595
2022-10-30,CZ,Czechia,EURO,8162.0,4534394,79.0,41674
2022-11-06,CZ,Czechia,EURO,7155.0,4541549,63.0,41737
2022-11-13,CZ,Czechia,EURO,5214.0,4546763,62.0,41799
2022-11-20,CZ,Czechia,EURO,4122.0,4550885,39.0,41838
2022-11-27,CZ,Czechia,EURO,4863.0,4555748,41.0,41879
2022-12-04,CZ,Czechia,EURO,5617.0,4561365,43.0,41922
2022-12-11,CZ,Czechia,EURO,6162.0,4567527,54.0,41976
2022-12-18,CZ,Czechia,EURO,5531.0,4573058,54.0,42030
2022-12-25,CZ,Czechia,EURO,4468.0,4577526,69.0,42099
2023-01-01,CZ,Czechia,EURO,2728.0,4580254,67.0,42166
2023-01-08,CZ,Czechia,EURO,2915.0,4583169,62.0,42228
2023-01-15,CZ,Czechia,EURO,1955.0,4585124,39.0,42267
2023-01-22,CZ,Czechia,EURO,1813.0,4586937,32.0,42299
2023-01-29,CZ,Czechia,EURO,1964.0,4588901,16.0,42315
2023-02-05,CZ,Czechia,EURO,2720.0,4591621,22.0,42337
2023-02-12,CZ,Czechia,EURO,3823.0,4595444,24.0,42361
2023-02-19,CZ,Czechia,EURO,5723.0,4601167,35.0,42396
2023-02-26,CZ,Czechia,EURO,6972.0,4608139,48.0,42444
2023-03-05,CZ,Czechia,EURO,6012.0,4614151,43.0,42487
2023-03-12,CZ,Czechia,EURO,6289.0,4620440,36.0,42523
2023-03-19,CZ,Czechia,EURO,5728.0,4626168,57.0,42580
2023-03-26,CZ,Czechia,EURO,4673.0,4630841,56.0,42636
2023-04-02,CZ,Czechia,EURO,3359.0,4634200,46.0,42682
2023-04-09,CZ,Czechia,EURO,2070.0,4636270,28.0,42710
2023-04-16,CZ,Czechia,EURO,1768.0,4638038,23.0,42733
2023-04-23,CZ,Czechia,EURO,1406.0,4639444,22.0,42755
2023-04-30,CZ,Czechia,EURO,967.0,4640411,16.0,42771
2023-05-07,CZ,Czechia,EURO,558.0,4640969,12.0,42783
2023-05-14,CZ,Czechia,EURO,453.0,4641422,11.0,42794
2023-05-21,CZ,Czechia,EURO,350.0,4641772,6.0,42800
2023-05-28,CZ,Czechia,EURO,276.0,4642048,6.0,42806
2023-06-04,CZ,Czechia,EURO,232.0,4642280,3.0,42809
2023-06-11,CZ,Czechia,EURO,174.0,4642454,1.0,42810
2023-06-18,CZ,Czechia,EURO,131.0,4642585,2.0,42812
2023-06-25,CZ,Czechia,EURO,139.0,4642724,0.0,42812
2023-07-02,CZ,Czechia,EURO,72.0,4642796,1.0,42813
2023-07-09,CZ,Czechia,EURO,51.0,4642847,0.0,42813
2023-07-16,CZ,Czechia,EURO,67.0,4642914,2.0,42815
2023-07-23,CZ,Czechia,EURO,79.0,4642993,1.0,42816
2023-07-30,CZ,Czechia,EURO,76.0,4643069,0.0,42816
2023-08-06,CZ,Czechia,EURO,123.0,4643192,0.0,42816
2023-08-13,CZ,Czechia,EURO,168.0,4643360,0.0,42816
2023-08-20,CZ,Czechia,EURO,294.0,4643654,2.0,42818
2023-08-27,CZ,Czechia,EURO,398.0,4644052,1.0,42819
2023-09-03,CZ,Czechia,EURO,476.0,4644528,4.0,42823
2023-09-10,CZ,Czechia,EURO,891.0,4645419,6.0,42829
2023-09-17,CZ,Czechia,EURO,1762.0,4647181,5.0,42834
2023-09-24,CZ,Czechia,EURO,2251.0,4649432,10.0,42844
2023-10-01,CZ,Czechia,EURO,2175.0,4651607,8.0,42852
2023-10-08,CZ,Czechia,EURO,3016.0,4654623,14.0,42866
2023-10-15,CZ,Czechia,EURO,3035.0,4657658,20.0,42886
2023-10-22,CZ,Czechia,EURO,3535.0,4661193,18.0,42904
2023-10-29,CZ,Czechia,EURO,4418.0,4665611,16.0,42920
2023-11-05,CZ,Czechia,EURO,5151.0,4670762,37.0,42957
2023-11-12,CZ,Czechia,EURO,5524.0,4676286,26.0,42983
2023-11-19,CZ,Czechia,EURO,5524.0,4681810,26.0,43009
2023-11-26,CZ,Czechia,EURO,8535.0,4690345,34.0,43043
2023-12-03,CZ,Czechia,EURO,10321.0,4700666,49.0,43092
2023-12-10,CZ,Czechia,EURO,13257.0,4713923,65.0,43157
2023-12-17,CZ,Czechia,EURO,16022.0,4729945,76.0,43233
2023-12-24,CZ,Czechia,EURO,12319.0,4742264,70.0,43303
2023-12-31,CZ,Czechia,EURO,4359.0,4746623,51.0,43354
2024-01-07,CZ,Czechia,EURO,4420.0,4751043,57.0,43411
2024-01-14,CZ,Czechia,EURO,2246.0,4753289,32.0,43443
2024-01-21,CZ,Czechia,EURO,1608.0,4754897,20.0,43463
2024-01-28,CZ,Czechia,EURO,1217.0,4756114,8.0,43471
2024-02-04,CZ,Czechia,EURO,866.0,4756980,10.0,43481
2024-02-11,CZ,Czechia,EURO,637.0,4757617,4.0,43485
2024-02-18,CZ,Czechia,EURO,427.0,4758044,5.0,43490
2024-02-25,CZ,Czechia,EURO,251.0,4758295,2.0,43492
2024-03-03,CZ,Czechia,EURO,176.0,4758471,3.0,43495
2024-03-10,CZ,Czechia,EURO,168.0,4758639,4.0,43499
2024-03-17,CZ,Czechia,EURO,130.0,4758769,2.0,43501
2024-03-24,CZ,Czechia,EURO,95.0,4758864,1.0,43502
2024-03-31,CZ,Czechia,EURO,90.0,4758954,1.0,43503
2024-04-07,CZ,Czechia,EURO,88.0,4759042,0.0,43503
2024-04-14,CZ,Czechia,EURO,71.0,4759113,0.0,43503
2024-04-21,CZ,Czechia,EURO,59.0,4759172,0.0,43503
2024-04-28,CZ,Czechia,EURO,53.0,4759225,0.0,43503
