Date_reported,Country_code,Country,WHO_region,New_cases,Cumulative_cases,New_deaths,Cumulative_deaths
2020-03-22,DJ,Djibouti,EMRO,1.0,1,0.0,0
2020-03-29,DJ,Djibouti,EMRO,14.0,15,0.0,0
2020-04-05,DJ,Djibouti,EMRO,36.0,51,0.0,0
2020-04-12,DJ,Djibouti,EMRO,136.0,187,2.0,2
2020-04-19,DJ,Djibouti,EMRO,545.0,732,0.0,2
2020-04-26,DJ,Djibouti,EMRO,276.0,1008,0.0,2
2020-05-03,DJ,Djibouti,EMRO,104.0,1112,0.0,2
2020-05-10,DJ,Djibouti,EMRO,77.0,1189,1.0,3
2020-05-17,DJ,Djibouti,EMRO,142.0,1331,1.0,4
2020-05-24,DJ,Djibouti,EMRO,939.0,2270,6.0,10
2020-05-31,DJ,Djibouti,EMRO,924.0,3194,12.0,22
2020-06-07,DJ,Djibouti,EMRO,975.0,4169,4.0,26
2020-06-14,DJ,Djibouti,EMRO,280.0,4449,15.0,41
2020-06-21,DJ,Djibouti,EMRO,116.0,4565,4.0,45
2020-06-28,DJ,Djibouti,EMRO,78.0,4643,7.0,52
2020-07-05,DJ,Djibouti,EMRO,93.0,4736,3.0,55
2020-07-12,DJ,Djibouti,EMRO,232.0,4968,1.0,56
2020-07-19,DJ,Djibouti,EMRO,35.0,5003,0.0,56
2020-07-26,DJ,Djibouti,EMRO,36.0,5039,2.0,58
2020-08-02,DJ,Djibouti,EMRO,42.0,5081,0.0,58
2020-08-09,DJ,Djibouti,EMRO,257.0,5338,1.0,59
2020-08-16,DJ,Djibouti,EMRO,29.0,5367,0.0,59
2020-08-23,DJ,Djibouti,EMRO,15.0,5382,1.0,60
2020-08-30,DJ,Djibouti,EMRO,3.0,5385,0.0,60
2020-09-06,DJ,Djibouti,EMRO,2.0,5387,0.0,60
2020-09-13,DJ,Djibouti,EMRO,7.0,5394,1.0,61
2020-09-20,DJ,Djibouti,EMRO,9.0,5403,0.0,61
2020-09-27,DJ,Djibouti,EMRO,6.0,5409,0.0,61
2020-10-04,DJ,Djibouti,EMRO,9.0,5418,0.0,61
2020-10-11,DJ,Djibouti,EMRO,5.0,5423,0.0,61
2020-10-18,DJ,Djibouti,EMRO,29.0,5452,0.0,61
2020-10-25,DJ,Djibouti,EMRO,78.0,5530,0.0,61
2020-11-01,DJ,Djibouti,EMRO,31.0,5561,0.0,61
2020-11-08,DJ,Djibouti,EMRO,44.0,5605,0.0,61
2020-11-15,DJ,Djibouti,EMRO,40.0,5645,0.0,61
2020-11-22,DJ,Djibouti,EMRO,16.0,5661,0.0,61
2020-11-29,DJ,Djibouti,EMRO,15.0,5676,0.0,61
2020-12-06,DJ,Djibouti,EMRO,16.0,5692,0.0,61
2020-12-13,DJ,Djibouti,EMRO,33.0,5725,0.0,61
2020-12-20,DJ,Djibouti,EMRO,56.0,5781,0.0,61
2020-12-27,DJ,Djibouti,EMRO,24.0,5805,0.0,61
2021-01-03,DJ,Djibouti,EMRO,36.0,5841,0.0,61
2021-01-10,DJ,Djibouti,EMRO,25.0,5866,0.0,61
2021-01-17,DJ,Djibouti,EMRO,37.0,5903,0.0,61
2021-01-24,DJ,Djibouti,EMRO,15.0,5918,0.0,61
2021-01-31,DJ,Djibouti,EMRO,13.0,5931,1.0,62
2021-02-07,DJ,Djibouti,EMRO,10.0,5941,1.0,63
2021-02-14,DJ,Djibouti,EMRO,27.0,5968,0.0,63
2021-02-21,DJ,Djibouti,EMRO,54.0,6022,0.0,63
2021-02-28,DJ,Djibouti,EMRO,43.0,6065,0.0,63
2021-03-07,DJ,Djibouti,EMRO,69.0,6134,0.0,63
2021-03-14,DJ,Djibouti,EMRO,118.0,6252,0.0,63
2021-03-21,DJ,Djibouti,EMRO,266.0,6518,0.0,63
2021-03-28,DJ,Djibouti,EMRO,731.0,7249,3.0,66
2021-04-04,DJ,Djibouti,EMRO,1260.0,8509,6.0,72
2021-04-11,DJ,Djibouti,EMRO,1213.0,9722,21.0,93
2021-04-18,DJ,Djibouti,EMRO,690.0,10412,21.0,114
2021-04-25,DJ,Djibouti,EMRO,334.0,10746,18.0,132
2021-05-02,DJ,Djibouti,EMRO,375.0,11121,13.0,145
2021-05-09,DJ,Djibouti,EMRO,214.0,11335,4.0,149
2021-05-16,DJ,Djibouti,EMRO,79.0,11414,2.0,151
2021-05-23,DJ,Djibouti,EMRO,77.0,11491,1.0,152
2021-05-30,DJ,Djibouti,EMRO,36.0,11527,2.0,154
2021-06-06,DJ,Djibouti,EMRO,29.0,11556,0.0,154
2021-06-13,DJ,Djibouti,EMRO,16.0,11572,0.0,154
2021-06-20,DJ,Djibouti,EMRO,15.0,11587,1.0,155
2021-06-27,DJ,Djibouti,EMRO,13.0,11600,0.0,155
2021-07-04,DJ,Djibouti,EMRO,4.0,11604,0.0,155
2021-07-11,DJ,Djibouti,EMRO,10.0,11614,0.0,155
2021-07-18,DJ,Djibouti,EMRO,8.0,11622,0.0,155
2021-07-25,DJ,Djibouti,EMRO,13.0,11635,0.0,155
2021-08-01,DJ,Djibouti,EMRO,16.0,11651,1.0,156
2021-08-08,DJ,Djibouti,EMRO,8.0,11659,0.0,156
2021-08-15,DJ,Djibouti,EMRO,19.0,11678,0.0,156
2021-08-22,DJ,Djibouti,EMRO,12.0,11690,1.0,157
2021-08-29,DJ,Djibouti,EMRO,38.0,11728,0.0,157
2021-09-05,DJ,Djibouti,EMRO,47.0,11775,0.0,157
2021-09-12,DJ,Djibouti,EMRO,70.0,11845,0.0,157
2021-09-19,DJ,Djibouti,EMRO,160.0,12005,2.0,159
2021-09-26,DJ,Djibouti,EMRO,319.0,12324,3.0,162
2021-10-03,DJ,Djibouti,EMRO,557.0,12881,7.0,169
2021-10-10,DJ,Djibouti,EMRO,335.0,13216,8.0,177
2021-10-17,DJ,Djibouti,EMRO,167.0,13383,2.0,179
2021-10-24,DJ,Djibouti,EMRO,61.0,13444,2.0,181
2021-10-31,DJ,Djibouti,EMRO,34.0,13478,0.0,181
2021-11-07,DJ,Djibouti,EMRO,13.0,13491,5.0,186
2021-11-14,DJ,Djibouti,EMRO,4.0,13495,0.0,186
2021-11-21,DJ,Djibouti,EMRO,6.0,13501,0.0,186
2021-11-28,DJ,Djibouti,EMRO,3.0,13504,0.0,186
2021-12-05,DJ,Djibouti,EMRO,4.0,13508,1.0,187
2021-12-12,DJ,Djibouti,EMRO,6.0,13514,2.0,189
2021-12-19,DJ,Djibouti,EMRO,14.0,13528,0.0,189
2021-12-26,DJ,Djibouti,EMRO,40.0,13568,0.0,189
2022-01-02,DJ,Djibouti,EMRO,100.0,13668,0.0,189
2022-01-09,DJ,Djibouti,EMRO,416.0,14084,0.0,189
2022-01-16,DJ,Djibouti,EMRO,757.0,14841,0.0,189
2022-01-23,DJ,Djibouti,EMRO,430.0,15271,0.0,189
2022-01-30,DJ,Djibouti,EMRO,169.0,15440,0.0,189
2022-02-06,DJ,Djibouti,EMRO,70.0,15510,0.0,189
2022-02-13,DJ,Djibouti,EMRO,21.0,15531,0.0,189
2022-02-20,DJ,Djibouti,EMRO,10.0,15541,0.0,189
2022-02-27,DJ,Djibouti,EMRO,6.0,15547,0.0,189
2022-03-06,DJ,Djibouti,EMRO,3.0,15550,0.0,189
2022-03-13,DJ,Djibouti,EMRO,14.0,15564,0.0,189
2022-03-20,DJ,Djibouti,EMRO,9.0,15573,0.0,189
2022-03-27,DJ,Djibouti,EMRO,7.0,15580,0.0,189
2022-04-03,DJ,Djibouti,EMRO,8.0,15588,0.0,189
2022-04-10,DJ,Djibouti,EMRO,6.0,15594,0.0,189
2022-04-17,DJ,Djibouti,EMRO,4.0,15598,0.0,189
2022-04-24,DJ,Djibouti,EMRO,13.0,15611,0.0,189
2022-05-01,DJ,Djibouti,EMRO,20.0,15631,0.0,189
2022-05-08,DJ,Djibouti,EMRO,0.0,15631,0.0,189
2022-05-15,DJ,Djibouti,EMRO,39.0,15670,0.0,189
2022-05-22,DJ,Djibouti,EMRO,5.0,15675,0.0,189
2022-05-29,DJ,Djibouti,EMRO,5.0,15680,0.0,189
2022-06-05,DJ,Djibouti,EMRO,6.0,15686,0.0,189
2022-06-12,DJ,Djibouti,EMRO,4.0,15690,0.0,189
2022-06-19,DJ,Djibouti,EMRO,0.0,15690,0.0,189
2022-06-26,DJ,Djibouti,EMRO,0.0,15690,0.0,189
2022-07-03,DJ,Djibouti,EMRO,0.0,15690,0.0,189
2022-07-10,DJ,Djibouti,EMRO,0.0,15690,0.0,189
2022-07-17,DJ,Djibouti,EMRO,0.0,15690,0.0,189
2022-07-24,DJ,Djibouti,EMRO,0.0,15690,0.0,189
2022-07-31,DJ,Djibouti,EMRO,0.0,15690,0.0,189
2022-08-07,DJ,Djibouti,EMRO,0.0,15690,0.0,189
2022-08-14,DJ,Djibouti,EMRO,0.0,15690,0.0,189
2022-08-21,DJ,Djibouti,EMRO,0.0,15690,0.0,189
2022-08-28,DJ,Djibouti,EMRO,0.0,15690,0.0,189
2022-09-04,DJ,Djibouti,EMRO,0.0,15690,0.0,189
2022-09-11,DJ,Djibouti,EMRO,0.0,15690,0.0,189
2022-09-18,DJ,Djibouti,EMRO,0.0,15690,0.0,189
2022-09-25,DJ,Djibouti,EMRO,0.0,15690,0.0,189
2022-10-02,DJ,Djibouti,EMRO,0.0,15690,0.0,189
2022-10-09,DJ,Djibouti,EMRO,0.0,15690,0.0,189
2022-10-16,DJ,Djibouti,EMRO,0.0,15690,0.0,189
2022-10-23,DJ,Djibouti,EMRO,0.0,15690,0.0,189
2022-10-30,DJ,Djibouti,EMRO,0.0,15690,0.0,189
2022-11-06,DJ,Djibouti,EMRO,0.0,15690,0.0,189
2022-11-13,DJ,Djibouti,EMRO,0.0,15690,0.0,189
2022-11-20,DJ,Djibouti,EMRO,0.0,15690,0.0,189
2022-11-27,DJ,Djibouti,EMRO,0.0,15690,0.0,189
2022-12-04,DJ,Djibouti,EMRO,0.0,15690,0.0,189
2022-12-11,DJ,Djibouti,EMRO,0.0,15690,0.0,189
2022-12-18,DJ,Djibouti,EMRO,0.0,15690,0.0,189
2022-12-25,DJ,Djibouti,EMRO,0.0,15690,0.0,189
2023-01-01,DJ,Djibouti,EMRO,0.0,15690,0.0,189
2023-01-08,DJ,Djibouti,EMRO,0.0,15690,0.0,189
2023-01-15,DJ,Djibouti,EMRO,0.0,15690,0.0,189
2023-01-22,DJ,Djibouti,EMRO,0.0,15690,0.0,189
2023-01-29,DJ,Djibouti,EMRO,0.0,15690,0.0,189
2023-02-05,DJ,Djibouti,EMRO,0.0,15690,0.0,189
2023-02-12,DJ,Djibouti,EMRO,0.0,15690,0.0,189
2023-02-19,DJ,Djibouti,EMRO,0.0,15690,0.0,189
2023-02-26,DJ,Djibouti,EMRO,0.0,15690,0.0,189
2023-03-05,DJ,Djibouti,EMRO,0.0,15690,0.0,189
2023-03-12,DJ,Djibouti,EMRO,0.0,15690,0.0,189
2023-03-19,DJ,Djibouti,EMRO,0.0,15690,0.0,189
2023-03-26,DJ,Djibouti,EMRO,0.0,15690,0.0,189
2023-04-02,DJ,Djibouti,EMRO,0.0,15690,0.0,189
2023-04-09,DJ,Djibouti,EMRO,0.0,15690,0.0,189
2023-04-16,DJ,Djibouti,EMRO,0.0,15690,0.0,189
2023-04-23,DJ,Djibouti,EMRO,0.0,15690,0.0,189
2023-04-30,DJ,Djibouti,EMRO,0.0,15690,0.0,189
2023-05-07,DJ,Djibouti,EMRO,0.0,15690,0.0,189
2023-05-14,DJ,Djibouti,EMRO,0.0,15690,0.0,189
2023-05-21,DJ,Djibouti,EMRO,0.0,15690,0.0,189
2023-05-28,DJ,Djibouti,EMRO,0.0,15690,0.0,189
2023-06-04,DJ,Djibouti,EMRO,0.0,15690,0.0,189
2023-06-11,DJ,Djibouti,EMRO,0.0,15690,0.0,189
2023-06-18,DJ,Djibouti,EMRO,0.0,15690,0.0,189
2023-06-25,DJ,Djibouti,EMRO,0.0,15690,0.0,189
2023-07-02,DJ,Djibouti,EMRO,0.0,15690,0.0,189
2023-07-09,DJ,Djibouti,EMRO,0.0,15690,0.0,189
2023-07-16,DJ,Djibouti,EMRO,0.0,15690,0.0,189
2023-07-23,DJ,Djibouti,EMRO,0.0,15690,0.0,189
2023-07-30,DJ,Djibouti,EMRO,0.0,15690,0.0,189
2023-08-06,DJ,Djibouti,EMRO,0.0,15690,0.0,189
2023-08-13,DJ,Djibouti,EMRO,0.0,15690,0.0,189
2023-08-20,DJ,Djibouti,EMRO,0.0,15690,0.0,189
2023-08-27,DJ,Djibouti,EMRO,0.0,15690,0.0,189
2023-09-03,DJ,Djibouti,EMRO,0.0,15690,0.0,189
2023-09-10,DJ,Djibouti,EMRO,0.0,15690,0.0,189
2023-09-17,DJ,Djibouti,EMRO,0.0,15690,0.0,189
2023-09-24,DJ,Djibouti,EMRO,0.0,15690,0.0,189
2023-10-01,DJ,Djibouti,EMRO,0.0,15690,0.0,189
2023-10-08,DJ,Djibouti,EMRO,0.0,15690,0.0,189
2023-10-15,DJ,Djibouti,EMRO,0.0,15690,0.0,189
2023-10-22,DJ,Djibouti,EMRO,0.0,15690,0.0,189
2023-10-29,DJ,Djibouti,EMRO,0.0,15690,0.0,189
2023-11-05,DJ,Djibouti,EMRO,0.0,15690,0.0,189
2023-11-12,DJ,Djibouti,EMRO,0.0,15690,0.0,189
2023-11-19,DJ,Djibouti,EMRO,0.0,15690,0.0,189
2023-11-26,DJ,Djibouti,EMRO,0.0,15690,0.0,189
2023-12-03,DJ,Djibouti,EMRO,0.0,15690,0.0,189
2023-12-10,DJ,Djibouti,EMRO,0.0,15690,0.0,189
2023-12-17,DJ,Djibouti,EMRO,0.0,15690,0.0,189
2023-12-24,DJ,Djibouti,EMRO,0.0,15690,0.0,189
2023-12-31,DJ,Djibouti,EMRO,0.0,15690,0.0,189
2024-01-07,DJ,Djibouti,EMRO,0.0,15690,0.0,189
2024-01-14,DJ,Djibouti,EMRO,0.0,15690,0.0,189
2024-01-21,DJ,Djibouti,EMRO,0.0,15690,0.0,189
2024-01-28,DJ,Djibouti,EMRO,0.0,15690,0.0,189
2024-02-04,DJ,Djibouti,EMRO,0.0,15690,0.0,189
2024-02-11,DJ,Djibouti,EMRO,0.0,15690,0.0,189
2024-02-18,DJ,Djibouti,EMRO,0.0,15690,0.0,189
2024-02-25,DJ,Djibouti,EMRO,0.0,15690,0.0,189
2024-03-03,DJ,Djibouti,EMRO,0.0,15690,0.0,189
2024-03-10,DJ,Djibouti,EMRO,0.0,15690,0.0,189
2024-03-17,DJ,Djibouti,EMRO,0.0,15690,0.0,189
2024-03-24,DJ,Djibouti,EMRO,0.0,15690,0.0,189
2024-03-31,DJ,Djibouti,EMRO,0.0,15690,0.0,189
2024-04-07,DJ,Djibouti,EMRO,0.0,15690,0.0,189
2024-04-14,DJ,Djibouti,EMRO,0.0,15690,0.0,189
2024-04-21,DJ,Djibouti,EMRO,0.0,15690,0.0,189
2024-04-28,DJ,Djibouti,EMRO,0.0,15690,0.0,189
