Date_reported,Country_code,Country,WHO_region,New_cases,Cumulative_cases,New_deaths,Cumulative_deaths
2020-03-22,ER,Eritrea,AFRO,1.0,1,0.0,0
2020-03-29,ER,Eritrea,AFRO,5.0,6,0.0,0
2020-04-05,ER,Eritrea,AFRO,14.0,20,0.0,0
2020-04-12,ER,Eritrea,AFRO,14.0,34,0.0,0
2020-04-19,ER,Eritrea,AFRO,5.0,39,0.0,0
2020-04-26,ER,Eritrea,AFRO,0.0,39,0.0,0
2020-05-03,ER,Eritrea,AFRO,0.0,39,0.0,0
2020-05-10,ER,Eritrea,AFRO,0.0,39,0.0,0
2020-05-17,ER,Eritrea,AFRO,0.0,39,0.0,0
2020-05-24,ER,Eritrea,AFRO,0.0,39,0.0,0
2020-05-31,ER,Eritrea,AFRO,0.0,39,0.0,0
2020-06-07,ER,Eritrea,AFRO,2.0,41,0.0,0
2020-06-14,ER,Eritrea,AFRO,24.0,65,0.0,0
2020-06-21,ER,Eritrea,AFRO,78.0,143,0.0,0
2020-06-28,ER,Eritrea,AFRO,48.0,191,0.0,0
2020-07-05,ER,Eritrea,AFRO,24.0,215,0.0,0
2020-07-12,ER,Eritrea,AFRO,17.0,232,0.0,0
2020-07-19,ER,Eritrea,AFRO,19.0,251,0.0,0
2020-07-26,ER,Eritrea,AFRO,12.0,263,0.0,0
2020-08-02,ER,Eritrea,AFRO,16.0,279,0.0,0
2020-08-09,ER,Eritrea,AFRO,6.0,285,0.0,0
2020-08-16,ER,Eritrea,AFRO,0.0,285,0.0,0
2020-08-23,ER,Eritrea,AFRO,21.0,306,0.0,0
2020-08-30,ER,Eritrea,AFRO,12.0,318,0.0,0
2020-09-06,ER,Eritrea,AFRO,12.0,330,0.0,0
2020-09-13,ER,Eritrea,AFRO,31.0,361,0.0,0
2020-09-20,ER,Eritrea,AFRO,3.0,364,0.0,0
2020-09-27,ER,Eritrea,AFRO,11.0,375,0.0,0
2020-10-04,ER,Eritrea,AFRO,23.0,398,0.0,0
2020-10-11,ER,Eritrea,AFRO,16.0,414,0.0,0
2020-10-18,ER,Eritrea,AFRO,38.0,452,0.0,0
2020-10-25,ER,Eritrea,AFRO,9.0,461,0.0,0
2020-11-01,ER,Eritrea,AFRO,2.0,463,0.0,0
2020-11-08,ER,Eritrea,AFRO,28.0,491,0.0,0
2020-11-15,ER,Eritrea,AFRO,2.0,493,0.0,0
2020-11-22,ER,Eritrea,AFRO,58.0,551,0.0,0
2020-11-29,ER,Eritrea,AFRO,26.0,577,0.0,0
2020-12-06,ER,Eritrea,AFRO,55.0,632,0.0,0
2020-12-13,ER,Eritrea,AFRO,79.0,711,0.0,0
2020-12-20,ER,Eritrea,AFRO,43.0,754,0.0,0
2020-12-27,ER,Eritrea,AFRO,243.0,997,1.0,1
2021-01-03,ER,Eritrea,AFRO,323.0,1320,2.0,3
2021-01-10,ER,Eritrea,AFRO,236.0,1556,3.0,6
2021-01-17,ER,Eritrea,AFRO,321.0,1877,0.0,6
2021-01-24,ER,Eritrea,AFRO,63.0,1940,0.0,6
2021-01-31,ER,Eritrea,AFRO,195.0,2135,1.0,7
2021-02-07,ER,Eritrea,AFRO,191.0,2326,0.0,7
2021-02-14,ER,Eritrea,AFRO,103.0,2429,0.0,7
2021-02-21,ER,Eritrea,AFRO,256.0,2685,0.0,7
2021-02-28,ER,Eritrea,AFRO,162.0,2847,0.0,7
2021-03-07,ER,Eritrea,AFRO,97.0,2944,0.0,7
2021-03-14,ER,Eritrea,AFRO,94.0,3038,0.0,7
2021-03-21,ER,Eritrea,AFRO,80.0,3118,0.0,7
2021-03-28,ER,Eritrea,AFRO,90.0,3208,2.0,9
2021-04-04,ER,Eritrea,AFRO,126.0,3334,1.0,10
2021-04-11,ER,Eritrea,AFRO,113.0,3447,0.0,10
2021-04-18,ER,Eritrea,AFRO,44.0,3491,0.0,10
2021-04-25,ER,Eritrea,AFRO,114.0,3605,0.0,10
2021-05-02,ER,Eritrea,AFRO,66.0,3671,0.0,10
2021-05-09,ER,Eritrea,AFRO,71.0,3742,2.0,12
2021-05-16,ER,Eritrea,AFRO,102.0,3844,0.0,12
2021-05-23,ER,Eritrea,AFRO,88.0,3932,2.0,14
2021-05-30,ER,Eritrea,AFRO,129.0,4061,0.0,14
2021-06-06,ER,Eritrea,AFRO,400.0,4461,0.0,14
2021-06-13,ER,Eritrea,AFRO,387.0,4848,2.0,16
2021-06-20,ER,Eritrea,AFRO,488.0,5336,3.0,19
2021-06-27,ER,Eritrea,AFRO,444.0,5780,2.0,21
2021-07-04,ER,Eritrea,AFRO,294.0,6074,4.0,25
2021-07-11,ER,Eritrea,AFRO,203.0,6277,4.0,29
2021-07-18,ER,Eritrea,AFRO,125.0,6402,1.0,30
2021-07-25,ER,Eritrea,AFRO,93.0,6495,3.0,33
2021-08-01,ER,Eritrea,AFRO,52.0,6547,2.0,35
2021-08-08,ER,Eritrea,AFRO,29.0,6576,0.0,35
2021-08-15,ER,Eritrea,AFRO,25.0,6601,2.0,37
2021-08-22,ER,Eritrea,AFRO,19.0,6620,0.0,37
2021-08-29,ER,Eritrea,AFRO,19.0,6639,0.0,37
2021-09-05,ER,Eritrea,AFRO,8.0,6647,1.0,38
2021-09-12,ER,Eritrea,AFRO,8.0,6655,2.0,40
2021-09-19,ER,Eritrea,AFRO,16.0,6671,0.0,40
2021-09-26,ER,Eritrea,AFRO,23.0,6694,2.0,42
2021-10-03,ER,Eritrea,AFRO,28.0,6722,0.0,42
2021-10-10,ER,Eritrea,AFRO,19.0,6741,0.0,42
2021-10-17,ER,Eritrea,AFRO,32.0,6773,2.0,44
2021-10-24,ER,Eritrea,AFRO,16.0,6789,1.0,45
2021-10-31,ER,Eritrea,AFRO,42.0,6831,0.0,45
2021-11-07,ER,Eritrea,AFRO,112.0,6943,1.0,46
2021-11-14,ER,Eritrea,AFRO,108.0,7051,2.0,48
2021-11-21,ER,Eritrea,AFRO,105.0,7156,6.0,54
2021-11-28,ER,Eritrea,AFRO,149.0,7305,6.0,60
2021-12-05,ER,Eritrea,AFRO,153.0,7458,1.0,61
2021-12-12,ER,Eritrea,AFRO,171.0,7629,2.0,63
2021-12-19,ER,Eritrea,AFRO,124.0,7753,5.0,68
2021-12-26,ER,Eritrea,AFRO,120.0,7873,4.0,72
2022-01-02,ER,Eritrea,AFRO,153.0,8026,4.0,76
2022-01-09,ER,Eritrea,AFRO,277.0,8303,6.0,82
2022-01-16,ER,Eritrea,AFRO,573.0,8876,4.0,86
2022-01-23,ER,Eritrea,AFRO,374.0,9250,5.0,91
2022-01-30,ER,Eritrea,AFRO,258.0,9508,6.0,97
2022-02-06,ER,Eritrea,AFRO,123.0,9631,3.0,100
2022-02-13,ER,Eritrea,AFRO,33.0,9664,3.0,103
2022-02-20,ER,Eritrea,AFRO,23.0,9687,0.0,103
2022-02-27,ER,Eritrea,AFRO,13.0,9700,0.0,103
2022-03-06,ER,Eritrea,AFRO,15.0,9715,0.0,103
2022-03-13,ER,Eritrea,AFRO,6.0,9721,0.0,103
2022-03-20,ER,Eritrea,AFRO,2.0,9723,0.0,103
2022-03-27,ER,Eritrea,AFRO,1.0,9724,0.0,103
2022-04-03,ER,Eritrea,AFRO,4.0,9728,0.0,103
2022-04-10,ER,Eritrea,AFRO,1.0,9729,0.0,103
2022-04-17,ER,Eritrea,AFRO,4.0,9733,0.0,103
2022-04-24,ER,Eritrea,AFRO,1.0,9734,0.0,103
2022-05-01,ER,Eritrea,AFRO,0.0,9734,0.0,103
2022-05-08,ER,Eritrea,AFRO,3.0,9737,0.0,103
2022-05-15,ER,Eritrea,AFRO,8.0,9745,0.0,103
2022-05-22,ER,Eritrea,AFRO,9.0,9754,0.0,103
2022-05-29,ER,Eritrea,AFRO,3.0,9757,0.0,103
2022-06-05,ER,Eritrea,AFRO,10.0,9767,0.0,103
2022-06-12,ER,Eritrea,AFRO,2.0,9769,0.0,103
2022-06-19,ER,Eritrea,AFRO,8.0,9777,0.0,103
2022-06-26,ER,Eritrea,AFRO,11.0,9788,0.0,103
2022-07-03,ER,Eritrea,AFRO,13.0,9801,0.0,103
2022-07-10,ER,Eritrea,AFRO,23.0,9824,0.0,103
2022-07-17,ER,Eritrea,AFRO,40.0,9864,0.0,103
2022-07-24,ER,Eritrea,AFRO,64.0,9928,0.0,103
2022-07-31,ER,Eritrea,AFRO,104.0,10032,0.0,103
2022-08-07,ER,Eritrea,AFRO,84.0,10116,0.0,103
2022-08-14,ER,Eritrea,AFRO,18.0,10134,0.0,103
2022-08-21,ER,Eritrea,AFRO,15.0,10149,0.0,103
2022-08-28,ER,Eritrea,AFRO,2.0,10151,0.0,103
2022-09-04,ER,Eritrea,AFRO,4.0,10155,0.0,103
2022-09-11,ER,Eritrea,AFRO,8.0,10163,0.0,103
2022-09-18,ER,Eritrea,AFRO,1.0,10164,0.0,103
2022-09-25,ER,Eritrea,AFRO,4.0,10168,0.0,103
2022-10-02,ER,Eritrea,AFRO,2.0,10170,0.0,103
2022-10-09,ER,Eritrea,AFRO,7.0,10177,0.0,103
2022-10-16,ER,Eritrea,AFRO,5.0,10182,0.0,103
2022-10-23,ER,Eritrea,AFRO,3.0,10185,0.0,103
2022-10-30,ER,Eritrea,AFRO,3.0,10188,0.0,103
2022-11-06,ER,Eritrea,AFRO,1.0,10189,0.0,103
2022-11-13,ER,Eritrea,AFRO,0.0,10189,0.0,103
2022-11-20,ER,Eritrea,AFRO,0.0,10189,0.0,103
2022-11-27,ER,Eritrea,AFRO,0.0,10189,0.0,103
2022-12-04,ER,Eritrea,AFRO,0.0,10189,0.0,103
2022-12-11,ER,Eritrea,AFRO,0.0,10189,0.0,103
2022-12-18,ER,Eritrea,AFRO,0.0,10189,0.0,103
2022-12-25,ER,Eritrea,AFRO,0.0,10189,0.0,103
2023-01-01,ER,Eritrea,AFRO,0.0,10189,0.0,103
2023-01-08,ER,Eritrea,AFRO,0.0,10189,0.0,103
2023-01-15,ER,Eritrea,AFRO,0.0,10189,0.0,103
2023-01-22,ER,Eritrea,AFRO,0.0,10189,0.0,103
2023-01-29,ER,Eritrea,AFRO,0.0,10189,0.0,103
2023-02-05,ER,Eritrea,AFRO,0.0,10189,0.0,103
2023-02-12,ER,Eritrea,AFRO,0.0,10189,0.0,103
2023-02-19,ER,Eritrea,AFRO,0.0,10189,0.0,103
2023-02-26,ER,Eritrea,AFRO,0.0,10189,0.0,103
2023-03-05,ER,Eritrea,AFRO,0.0,10189,0.0,103
2023-03-12,ER,Eritrea,AFRO,0.0,10189,0.0,103
2023-03-19,ER,Eritrea,AFRO,0.0,10189,0.0,103
2023-03-26,ER,Eritrea,AFRO,0.0,10189,0.0,103
2023-04-02,ER,Eritrea,AFRO,0.0,10189,0.0,103
2023-04-09,ER,Eritrea,AFRO,0.0,10189,0.0,103
2023-04-16,ER,Eritrea,AFRO,0.0,10189,0.0,103
2023-04-23,ER,Eritrea,AFRO,0.0,10189,0.0,103
2023-04-30,ER,Eritrea,AFRO,0.0,10189,0.0,103
2023-05-07,ER,Eritrea,AFRO,0.0,10189,0.0,103
2023-05-14,ER,Eritrea,AFRO,0.0,10189,0.0,103
2023-05-21,ER,Eritrea,AFRO,0.0,10189,0.0,103
2023-05-28,ER,Eritrea,AFRO,0.0,10189,0.0,103
2023-06-04,ER,Eritrea,AFRO,0.0,10189,0.0,103
2023-06-11,ER,Eritrea,AFRO,0.0,10189,0.0,103
2023-06-18,ER,Eritrea,AFRO,0.0,10189,0.0,103
2023-06-25,ER,Eritrea,AFRO,0.0,10189,0.0,103
2023-07-02,ER,Eritrea,AFRO,0.0,10189,0.0,103
2023-07-09,ER,Eritrea,AFRO,0.0,10189,0.0,103
2023-07-16,ER,Eritrea,AFRO,0.0,10189,0.0,103
2023-07-23,ER,Eritrea,AFRO,0.0,10189,0.0,103
2023-07-30,ER,Eritrea,AFRO,0.0,10189,0.0,103
2023-08-06,ER,Eritrea,AFRO,0.0,10189,0.0,103
2023-08-13,ER,Eritrea,AFRO,0.0,10189,0.0,103
2023-08-20,ER,Eritrea,AFRO,0.0,10189,0.0,103
2023-08-27,ER,Eritrea,AFRO,0.0,10189,0.0,103
2023-09-03,ER,Eritrea,AFRO,0.0,10189,0.0,103
2023-09-10,ER,Eritrea,AFRO,0.0,10189,0.0,103
2023-09-17,ER,Eritrea,AFRO,0.0,10189,0.0,103
2023-09-24,ER,Eritrea,AFRO,0.0,10189,0.0,103
2023-10-01,ER,Eritrea,AFRO,0.0,10189,0.0,103
2023-10-08,ER,Eritrea,AFRO,0.0,10189,0.0,103
2023-10-15,ER,Eritrea,AFRO,0.0,10189,0.0,103
2023-10-22,ER,Eritrea,AFRO,0.0,10189,0.0,103
2023-10-29,ER,Eritrea,AFRO,0.0,10189,0.0,103
2023-11-05,ER,Eritrea,AFRO,0.0,10189,0.0,103
2023-11-12,ER,Eritrea,AFRO,0.0,10189,0.0,103
2023-11-19,ER,Eritrea,AFRO,0.0,10189,0.0,103
2023-11-26,ER,Eritrea,AFRO,0.0,10189,0.0,103
2023-12-03,ER,Eritrea,AFRO,0.0,10189,0.0,103
2023-12-10,ER,Eritrea,AFRO,0.0,10189,0.0,103
2023-12-17,ER,Eritrea,AFRO,0.0,10189,0.0,103
2023-12-24,ER,Eritrea,AFRO,0.0,10189,0.0,103
2023-12-31,ER,Eritrea,AFRO,0.0,10189,0.0,103
2024-01-07,ER,Eritrea,AFRO,0.0,10189,0.0,103
2024-01-14,ER,Eritrea,AFRO,0.0,10189,0.0,103
2024-01-21,ER,Eritrea,AFRO,0.0,10189,0.0,103
2024-01-28,ER,Eritrea,AFRO,0.0,10189,0.0,103
2024-02-04,ER,Eritrea,AFRO,0.0,10189,0.0,103
2024-02-11,ER,Eritrea,AFRO,0.0,10189,0.0,103
2024-02-18,ER,Eritrea,AFRO,0.0,10189,0.0,103
2024-02-25,ER,Eritrea,AFRO,0.0,10189,0.0,103
2024-03-03,ER,Eritrea,AFRO,0.0,10189,0.0,103
2024-03-10,ER,Eritrea,AFRO,0.0,10189,0.0,103
2024-03-17,ER,Eritrea,AFRO,0.0,10189,0.0,103
2024-03-24,ER,Eritrea,AFRO,0.0,10189,0.0,103
2024-03-31,ER,Eritrea,AFRO,0.0,10189,0.0,103
2024-04-07,ER,Eritrea,AFRO,0.0,10189,0.0,103
2024-04-14,ER,Eritrea,AFRO,0.0,10189,0.0,103
2024-04-21,ER,Eritrea,AFRO,0.0,10189,0.0,103
2024-04-28,ER,Eritrea,AFRO,0.0,10189,0.0,103
