Date_reported,Country_code,Country,WHO_region,New_cases,Cumulative_cases,New_deaths,Cumulative_deaths
2020-03-08,FO,Faroe Islands,,2.0,2,0.0,0
2020-03-15,FO,Faroe Islands,,8.0,10,0.0,0
2020-03-22,FO,Faroe Islands,,90.0,100,0.0,0
2020-03-29,FO,Faroe Islands,,56.0,156,0.0,0
2020-04-05,FO,Faroe Islands,,25.0,181,0.0,0
2020-04-12,FO,Faroe Islands,,3.0,184,0.0,0
2020-04-19,FO,Faroe Islands,,1.0,185,0.0,0
2020-04-26,FO,Faroe Islands,,2.0,187,0.0,0
2020-05-03,FO,Faroe Islands,,0.0,187,0.0,0
2020-05-10,FO,Faroe Islands,,0.0,187,0.0,0
2020-05-17,FO,Faroe Islands,,0.0,187,0.0,0
2020-05-24,FO,Faroe Islands,,0.0,187,0.0,0
2020-05-31,FO,Faroe Islands,,0.0,187,0.0,0
2020-06-07,FO,Faroe Islands,,0.0,187,0.0,0
2020-06-14,FO,Faroe Islands,,0.0,187,0.0,0
2020-06-21,FO,Faroe Islands,,0.0,187,0.0,0
2020-06-28,FO,Faroe Islands,,0.0,187,0.0,0
2020-07-05,FO,Faroe Islands,,0.0,187,0.0,0
2020-07-12,FO,Faroe Islands,,1.0,188,0.0,0
2020-07-19,FO,Faroe Islands,,0.0,188,0.0,0
2020-07-26,FO,Faroe Islands,,26.0,214,0.0,0
2020-08-02,FO,Faroe Islands,,11.0,225,0.0,0
2020-08-09,FO,Faroe Islands,,81.0,306,0.0,0
2020-08-16,FO,Faroe Islands,,64.0,370,0.0,0
2020-08-23,FO,Faroe Islands,,14.0,384,0.0,0
2020-08-30,FO,Faroe Islands,,30.0,414,0.0,0
2020-09-06,FO,Faroe Islands,,2.0,416,0.0,0
2020-09-13,FO,Faroe Islands,,5.0,421,0.0,0
2020-09-20,FO,Faroe Islands,,13.0,434,0.0,0
2020-09-27,FO,Faroe Islands,,29.0,463,0.0,0
2020-10-04,FO,Faroe Islands,,13.0,476,0.0,0
2020-10-11,FO,Faroe Islands,,4.0,480,0.0,0
2020-10-18,FO,Faroe Islands,,6.0,486,0.0,0
2020-10-25,FO,Faroe Islands,,7.0,493,0.0,0
2020-11-01,FO,Faroe Islands,,5.0,498,0.0,0
2020-11-08,FO,Faroe Islands,,0.0,498,0.0,0
2020-11-15,FO,Faroe Islands,,2.0,500,0.0,0
2020-11-22,FO,Faroe Islands,,2.0,502,0.0,0
2020-11-29,FO,Faroe Islands,,3.0,505,0.0,0
2020-12-06,FO,Faroe Islands,,4.0,509,0.0,0
2020-12-13,FO,Faroe Islands,,19.0,528,0.0,0
2020-12-20,FO,Faroe Islands,,14.0,542,0.0,0
2020-12-27,FO,Faroe Islands,,32.0,574,0.0,0
2021-01-03,FO,Faroe Islands,,43.0,617,0.0,0
2021-01-10,FO,Faroe Islands,,32.0,649,1.0,1
2021-01-17,FO,Faroe Islands,,3.0,652,0.0,1
2021-01-24,FO,Faroe Islands,,3.0,655,0.0,1
2021-01-31,FO,Faroe Islands,,2.0,657,0.0,1
2021-02-07,FO,Faroe Islands,,1.0,658,0.0,1
2021-02-14,FO,Faroe Islands,,2.0,660,0.0,1
2021-02-21,FO,Faroe Islands,,1.0,661,0.0,1
2021-02-28,FO,Faroe Islands,,0.0,661,0.0,1
2021-03-07,FO,Faroe Islands,,0.0,661,0.0,1
2021-03-14,FO,Faroe Islands,,3.0,664,0.0,1
2021-03-21,FO,Faroe Islands,,0.0,664,0.0,1
2021-03-28,FO,Faroe Islands,,0.0,664,0.0,1
2021-04-04,FO,Faroe Islands,,0.0,664,0.0,1
2021-04-11,FO,Faroe Islands,,0.0,664,0.0,1
2021-04-18,FO,Faroe Islands,,1.0,665,0.0,1
2021-04-25,FO,Faroe Islands,,1.0,666,0.0,1
2021-05-02,FO,Faroe Islands,,1.0,667,0.0,1
2021-05-09,FO,Faroe Islands,,4.0,671,0.0,1
2021-05-16,FO,Faroe Islands,,2.0,673,0.0,1
2021-05-23,FO,Faroe Islands,,3.0,676,0.0,1
2021-05-30,FO,Faroe Islands,,39.0,715,0.0,1
2021-06-06,FO,Faroe Islands,,29.0,744,0.0,1
2021-06-13,FO,Faroe Islands,,14.0,758,0.0,1
2021-06-20,FO,Faroe Islands,,6.0,764,0.0,1
2021-06-27,FO,Faroe Islands,,10.0,774,0.0,1
2021-07-04,FO,Faroe Islands,,10.0,784,0.0,1
2021-07-11,FO,Faroe Islands,,64.0,848,0.0,1
2021-07-18,FO,Faroe Islands,,76.0,924,0.0,1
2021-07-25,FO,Faroe Islands,,49.0,973,0.0,1
2021-08-01,FO,Faroe Islands,,13.0,986,0.0,1
2021-08-08,FO,Faroe Islands,,5.0,991,1.0,2
2021-08-15,FO,Faroe Islands,,4.0,995,0.0,2
2021-08-22,FO,Faroe Islands,,3.0,998,0.0,2
2021-08-29,FO,Faroe Islands,,5.0,1003,0.0,2
2021-09-05,FO,Faroe Islands,,6.0,1009,0.0,2
2021-09-12,FO,Faroe Islands,,29.0,1038,0.0,2
2021-09-19,FO,Faroe Islands,,24.0,1062,0.0,2
2021-09-26,FO,Faroe Islands,,56.0,1118,0.0,2
2021-10-03,FO,Faroe Islands,,95.0,1213,0.0,2
2021-10-10,FO,Faroe Islands,,69.0,1282,0.0,2
2021-10-17,FO,Faroe Islands,,61.0,1343,0.0,2
2021-10-24,FO,Faroe Islands,,197.0,1540,0.0,2
2021-10-31,FO,Faroe Islands,,546.0,2086,0.0,2
2021-11-07,FO,Faroe Islands,,505.0,2591,3.0,5
2021-11-14,FO,Faroe Islands,,318.0,2909,2.0,7
2021-11-21,FO,Faroe Islands,,265.0,3174,5.0,12
2021-11-28,FO,Faroe Islands,,302.0,3476,1.0,13
2021-12-05,FO,Faroe Islands,,387.0,3863,0.0,13
2021-12-12,FO,Faroe Islands,,479.0,4342,0.0,13
2021-12-19,FO,Faroe Islands,,363.0,4705,0.0,13
2021-12-26,FO,Faroe Islands,,445.0,5150,0.0,13
2022-01-02,FO,Faroe Islands,,936.0,6086,1.0,14
2022-01-09,FO,Faroe Islands,,1473.0,7559,1.0,15
2022-01-16,FO,Faroe Islands,,2210.0,9769,0.0,15
2022-01-23,FO,Faroe Islands,,4062.0,13831,2.0,17
2022-01-30,FO,Faroe Islands,,4791.0,18622,1.0,18
2022-02-06,FO,Faroe Islands,,4973.0,23595,2.0,20
2022-02-13,FO,Faroe Islands,,4835.0,28430,2.0,22
2022-02-20,FO,Faroe Islands,,3454.0,31884,2.0,24
2022-02-27,FO,Faroe Islands,,2254.0,34138,4.0,28
2022-03-06,FO,Faroe Islands,,520.0,34658,0.0,28
2022-03-13,FO,Faroe Islands,,0.0,34658,0.0,28
2022-03-20,FO,Faroe Islands,,0.0,34658,0.0,28
2022-03-27,FO,Faroe Islands,,0.0,34658,0.0,28
2022-04-03,FO,Faroe Islands,,0.0,34658,0.0,28
2022-04-10,FO,Faroe Islands,,0.0,34658,0.0,28
2022-04-17,FO,Faroe Islands,,0.0,34658,0.0,28
2022-04-24,FO,Faroe Islands,,0.0,34658,0.0,28
2022-05-01,FO,Faroe Islands,,0.0,34658,0.0,28
2022-05-08,FO,Faroe Islands,,0.0,34658,0.0,28
2022-05-15,FO,Faroe Islands,,0.0,34658,0.0,28
2022-05-22,FO,Faroe Islands,,0.0,34658,0.0,28
2022-05-29,FO,Faroe Islands,,0.0,34658,0.0,28
2022-06-05,FO,Faroe Islands,,0.0,34658,0.0,28
2022-06-12,FO,Faroe Islands,,0.0,34658,0.0,28
2022-06-19,FO,Faroe Islands,,0.0,34658,0.0,28
2022-06-26,FO,Faroe Islands,,0.0,34658,0.0,28
2022-07-03,FO,Faroe Islands,,0.0,34658,0.0,28
2022-07-10,FO,Faroe Islands,,0.0,34658,0.0,28
2022-07-17,FO,Faroe Islands,,0.0,34658,0.0,28
2022-07-24,FO,Faroe Islands,,0.0,34658,0.0,28
2022-07-31,FO,Faroe Islands,,0.0,34658,0.0,28
2022-08-07,FO,Faroe Islands,,0.0,34658,0.0,28
2022-08-14,FO,Faroe Islands,,0.0,34658,0.0,28
2022-08-21,FO,Faroe Islands,,0.0,34658,0.0,28
2022-08-28,FO,Faroe Islands,,0.0,34658,0.0,28
2022-09-04,FO,Faroe Islands,,0.0,34658,0.0,28
2022-09-11,FO,Faroe Islands,,0.0,34658,0.0,28
2022-09-18,FO,Faroe Islands,,0.0,34658,0.0,28
2022-09-25,FO,Faroe Islands,,0.0,34658,0.0,28
2022-10-02,FO,Faroe Islands,,0.0,34658,0.0,28
2022-10-09,FO,Faroe Islands,,0.0,34658,0.0,28
2022-10-16,FO,Faroe Islands,,0.0,34658,0.0,28
2022-10-23,FO,Faroe Islands,,0.0,34658,0.0,28
2022-10-30,FO,Faroe Islands,,0.0,34658,0.0,28
2022-11-06,FO,Faroe Islands,,0.0,34658,0.0,28
2022-11-13,FO,Faroe Islands,,0.0,34658,0.0,28
2022-11-20,FO,Faroe Islands,,0.0,34658,0.0,28
2022-11-27,FO,Faroe Islands,,0.0,34658,0.0,28
2022-12-04,FO,Faroe Islands,,0.0,34658,0.0,28
2022-12-11,FO,Faroe Islands,,0.0,34658,0.0,28
2022-12-18,FO,Faroe Islands,,0.0,34658,0.0,28
2022-12-25,FO,Faroe Islands,,0.0,34658,0.0,28
2023-01-01,FO,Faroe Islands,,0.0,34658,0.0,28
2023-01-08,FO,Faroe Islands,,0.0,34658,0.0,28
2023-01-15,FO,Faroe Islands,,0.0,34658,0.0,28
2023-01-22,FO,Faroe Islands,,0.0,34658,0.0,28
2023-01-29,FO,Faroe Islands,,0.0,34658,0.0,28
2023-02-05,FO,Faroe Islands,,0.0,34658,0.0,28
2023-02-12,FO,Faroe Islands,,0.0,34658,0.0,28
2023-02-19,FO,Faroe Islands,,0.0,34658,0.0,28
2023-02-26,FO,Faroe Islands,,0.0,34658,0.0,28
2023-03-05,FO,Faroe Islands,,0.0,34658,0.0,28
2023-03-12,FO,Faroe Islands,,0.0,34658,0.0,28
2023-03-19,FO,Faroe Islands,,0.0,34658,0.0,28
2023-03-26,FO,Faroe Islands,,0.0,34658,0.0,28
2023-04-02,FO,Faroe Islands,,0.0,34658,0.0,28
2023-04-09,FO,Faroe Islands,,0.0,34658,0.0,28
2023-04-16,FO,Faroe Islands,,0.0,34658,0.0,28
2023-04-23,FO,Faroe Islands,,0.0,34658,0.0,28
2023-04-30,FO,Faroe Islands,,0.0,34658,0.0,28
2023-05-07,FO,Faroe Islands,,0.0,34658,0.0,28
2023-05-14,FO,Faroe Islands,,0.0,34658,0.0,28
2023-05-21,FO,Faroe Islands,,0.0,34658,0.0,28
2023-05-28,FO,Faroe Islands,,0.0,34658,0.0,28
2023-06-04,FO,Faroe Islands,,0.0,34658,0.0,28
2023-06-11,FO,Faroe Islands,,0.0,34658,0.0,28
2023-06-18,FO,Faroe Islands,,0.0,34658,0.0,28
2023-06-25,FO,Faroe Islands,,0.0,34658,0.0,28
2023-07-02,FO,Faroe Islands,,0.0,34658,0.0,28
2023-07-09,FO,Faroe Islands,,0.0,34658,0.0,28
2023-07-16,FO,Faroe Islands,,0.0,34658,0.0,28
2023-07-23,FO,Faroe Islands,,0.0,34658,0.0,28
2023-07-30,FO,Faroe Islands,,0.0,34658,0.0,28
2023-08-06,FO,Faroe Islands,,0.0,34658,0.0,28
2023-08-13,FO,Faroe Islands,,0.0,34658,0.0,28
2023-08-20,FO,Faroe Islands,,0.0,34658,0.0,28
2023-08-27,FO,Faroe Islands,,0.0,34658,0.0,28
2023-09-03,FO,Faroe Islands,,0.0,34658,0.0,28
2023-09-10,FO,Faroe Islands,,0.0,34658,0.0,28
2023-09-17,FO,Faroe Islands,,0.0,34658,0.0,28
2023-09-24,FO,Faroe Islands,,0.0,34658,0.0,28
2023-10-01,FO,Faroe Islands,,0.0,34658,0.0,28
2023-10-08,FO,Faroe Islands,,0.0,34658,0.0,28
2023-10-15,FO,Faroe Islands,,0.0,34658,0.0,28
2023-10-22,FO,Faroe Islands,,0.0,34658,0.0,28
2023-10-29,FO,Faroe Islands,,0.0,34658,0.0,28
2023-11-05,FO,Faroe Islands,,0.0,34658,0.0,28
2023-11-12,FO,Faroe Islands,,0.0,34658,0.0,28
2023-11-19,FO,Faroe Islands,,0.0,34658,0.0,28
2023-11-26,FO,Faroe Islands,,0.0,34658,0.0,28
2023-12-03,FO,Faroe Islands,,0.0,34658,0.0,28
2023-12-10,FO,Faroe Islands,,0.0,34658,0.0,28
2023-12-17,FO,Faroe Islands,,0.0,34658,0.0,28
2023-12-24,FO,Faroe Islands,,0.0,34658,0.0,28
2023-12-31,FO,Faroe Islands,,0.0,34658,0.0,28
2024-01-07,FO,Faroe Islands,,0.0,34658,0.0,28
2024-01-14,FO,Faroe Islands,,0.0,34658,0.0,28
2024-01-21,FO,Faroe Islands,,0.0,34658,0.0,28
2024-01-28,FO,Faroe Islands,,0.0,34658,0.0,28
2024-02-04,FO,Faroe Islands,,0.0,34658,0.0,28
2024-02-11,FO,Faroe Islands,,0.0,34658,0.0,28
2024-02-18,FO,Faroe Islands,,0.0,34658,0.0,28
2024-02-25,FO,Faroe Islands,,0.0,34658,0.0,28
2024-03-03,FO,Faroe Islands,,0.0,34658,0.0,28
2024-03-10,FO,Faroe Islands,,0.0,34658,0.0,28
2024-03-17,FO,Faroe Islands,,0.0,34658,0.0,28
2024-03-24,FO,Faroe Islands,,0.0,34658,0.0,28
2024-03-31,FO,Faroe Islands,,0.0,34658,0.0,28
2024-04-07,FO,Faroe Islands,,0.0,34658,0.0,28
2024-04-14,FO,Faroe Islands,,0.0,34658,0.0,28
2024-04-21,FO,Faroe Islands,,0.0,34658,0.0,28
2024-04-28,FO,Faroe Islands,,0.0,34658,0.0,28
