Date_reported,Country_code,Country,WHO_region,New_cases,Cumulative_cases,New_deaths,Cumulative_deaths
2020-03-08,GF,French Guiana,,5.0,5,0.0,0
2020-03-15,GF,French Guiana,,1.0,6,0.0,0
2020-03-22,GF,French Guiana,,9.0,15,0.0,0
2020-03-29,GF,French Guiana,,16.0,31,0.0,0
2020-04-05,GF,French Guiana,,31.0,62,0.0,0
2020-04-12,GF,French Guiana,,24.0,86,0.0,0
2020-04-19,GF,French Guiana,,10.0,96,0.0,0
2020-04-26,GF,French Guiana,,13.0,109,1.0,1
2020-05-03,GF,French Guiana,,19.0,128,0.0,1
2020-05-10,GF,French Guiana,,13.0,141,0.0,1
2020-05-17,GF,French Guiana,,48.0,189,0.0,1
2020-05-24,GF,French Guiana,,72.0,261,0.0,1
2020-05-31,GF,French Guiana,,175.0,436,0.0,1
2020-06-07,GF,French Guiana,,203.0,639,0.0,1
2020-06-14,GF,French Guiana,,522.0,1161,1.0,2
2020-06-21,GF,French Guiana,,1002.0,2163,3.0,5
2020-06-28,GF,French Guiana,,1298.0,3461,7.0,12
2020-07-05,GF,French Guiana,,1452.0,4913,4.0,16
2020-07-12,GF,French Guiana,,1036.0,5949,10.0,26
2020-07-19,GF,French Guiana,,706.0,6655,11.0,37
2020-07-26,GF,French Guiana,,677.0,7332,4.0,41
2020-08-02,GF,French Guiana,,525.0,7857,2.0,43
2020-08-09,GF,French Guiana,,410.0,8267,5.0,48
2020-08-16,GF,French Guiana,,321.0,8588,5.0,53
2020-08-23,GF,French Guiana,,209.0,8797,2.0,55
2020-08-30,GF,French Guiana,,279.0,9076,3.0,58
2020-09-06,GF,French Guiana,,246.0,9322,4.0,62
2020-09-13,GF,French Guiana,,199.0,9521,1.0,63
2020-09-20,GF,French Guiana,,171.0,9692,2.0,65
2020-09-27,GF,French Guiana,,171.0,9863,0.0,65
2020-10-04,GF,French Guiana,,166.0,10029,2.0,67
2020-10-11,GF,French Guiana,,115.0,10144,2.0,69
2020-10-18,GF,French Guiana,,95.0,10239,0.0,69
2020-10-25,GF,French Guiana,,137.0,10376,0.0,69
2020-11-01,GF,French Guiana,,160.0,10536,1.0,70
2020-11-08,GF,French Guiana,,168.0,10704,0.0,70
2020-11-15,GF,French Guiana,,140.0,10844,0.0,70
2020-11-22,GF,French Guiana,,170.0,11014,0.0,70
2020-11-29,GF,French Guiana,,165.0,11179,0.0,70
2020-12-06,GF,French Guiana,,228.0,11407,1.0,71
2020-12-13,GF,French Guiana,,393.0,11800,0.0,71
2020-12-20,GF,French Guiana,,569.0,12369,0.0,71
2020-12-27,GF,French Guiana,,404.0,12773,0.0,71
2021-01-03,GF,French Guiana,,500.0,13273,0.0,71
2021-01-10,GF,French Guiana,,840.0,14113,3.0,74
2021-01-17,GF,French Guiana,,862.0,14975,1.0,75
2021-01-24,GF,French Guiana,,689.0,15664,1.0,76
2021-01-31,GF,French Guiana,,419.0,16083,0.0,76
2021-02-07,GF,French Guiana,,213.0,16296,3.0,79
2021-02-14,GF,French Guiana,,160.0,16456,1.0,80
2021-02-21,GF,French Guiana,,73.0,16529,3.0,83
2021-02-28,GF,French Guiana,,98.0,16627,2.0,85
2021-03-07,GF,French Guiana,,66.0,16693,2.0,87
2021-03-14,GF,French Guiana,,71.0,16764,0.0,87
2021-03-21,GF,French Guiana,,0.0,16764,0.0,87
2021-03-28,GF,French Guiana,,158.0,16922,2.0,89
2021-04-04,GF,French Guiana,,210.0,17132,4.0,93
2021-04-11,GF,French Guiana,,417.0,17549,1.0,94
2021-04-18,GF,French Guiana,,532.0,18081,1.0,95
2021-04-25,GF,French Guiana,,745.0,18826,3.0,98
2021-05-02,GF,French Guiana,,717.0,19543,3.0,101
2021-05-09,GF,French Guiana,,823.0,20366,3.0,104
2021-05-16,GF,French Guiana,,1099.0,21465,4.0,108
2021-05-23,GF,French Guiana,,1315.0,22780,4.0,112
2021-05-30,GF,French Guiana,,983.0,23763,4.0,116
2021-06-06,GF,French Guiana,,962.0,24725,5.0,121
2021-06-13,GF,French Guiana,,781.0,25506,12.0,133
2021-06-20,GF,French Guiana,,944.0,26450,8.0,141
2021-06-27,GF,French Guiana,,836.0,27286,1.0,142
2021-07-04,GF,French Guiana,,444.0,27730,6.0,148
2021-07-11,GF,French Guiana,,551.0,28281,9.0,157
2021-07-18,GF,French Guiana,,522.0,28803,6.0,163
2021-07-25,GF,French Guiana,,730.0,29533,11.0,174
2021-08-01,GF,French Guiana,,631.0,30164,13.0,187
2021-08-08,GF,French Guiana,,711.0,30875,6.0,193
2021-08-15,GF,French Guiana,,951.0,31826,5.0,198
2021-08-22,GF,French Guiana,,1234.0,33060,6.0,204
2021-08-29,GF,French Guiana,,1315.0,34375,11.0,215
2021-09-05,GF,French Guiana,,1346.0,35721,6.0,221
2021-09-12,GF,French Guiana,,1138.0,36859,6.0,227
2021-09-19,GF,French Guiana,,1407.0,38266,8.0,235
2021-09-26,GF,French Guiana,,1524.0,39790,21.0,256
2021-10-03,GF,French Guiana,,1535.0,41325,12.0,268
2021-10-10,GF,French Guiana,,1218.0,42543,18.0,286
2021-10-17,GF,French Guiana,,833.0,43376,9.0,295
2021-10-24,GF,French Guiana,,684.0,44060,4.0,299
2021-10-31,GF,French Guiana,,569.0,44629,9.0,308
2021-11-07,GF,French Guiana,,399.0,45028,7.0,315
2021-11-14,GF,French Guiana,,338.0,45366,7.0,322
2021-11-21,GF,French Guiana,,250.0,45616,0.0,322
2021-11-28,GF,French Guiana,,248.0,45864,4.0,326
2021-12-05,GF,French Guiana,,278.0,46142,2.0,328
2021-12-12,GF,French Guiana,,279.0,46421,4.0,332
2021-12-19,GF,French Guiana,,311.0,46732,4.0,336
2021-12-26,GF,French Guiana,,497.0,47229,1.0,337
2022-01-02,GF,French Guiana,,1708.0,48937,2.0,339
2022-01-09,GF,French Guiana,,7043.0,55980,4.0,343
2022-01-16,GF,French Guiana,,11295.0,67275,5.0,348
2022-01-23,GF,French Guiana,,5544.0,72819,11.0,359
2022-01-30,GF,French Guiana,,2423.0,75242,12.0,371
2022-02-06,GF,French Guiana,,1267.0,76509,12.0,383
2022-02-13,GF,French Guiana,,655.0,77164,1.0,384
2022-02-20,GF,French Guiana,,290.0,77454,3.0,387
2022-02-27,GF,French Guiana,,198.0,77652,4.0,391
2022-03-06,GF,French Guiana,,130.0,77782,2.0,393
2022-03-13,GF,French Guiana,,293.0,78075,1.0,394
2022-03-20,GF,French Guiana,,251.0,78326,0.0,394
2022-03-27,GF,French Guiana,,353.0,78679,0.0,394
2022-04-03,GF,French Guiana,,396.0,79075,0.0,394
2022-04-10,GF,French Guiana,,454.0,79529,0.0,394
2022-04-17,GF,French Guiana,,506.0,80035,0.0,394
2022-04-24,GF,French Guiana,,387.0,80422,0.0,394
2022-05-01,GF,French Guiana,,437.0,80859,1.0,395
2022-05-08,GF,French Guiana,,0.0,80859,0.0,395
2022-05-15,GF,French Guiana,,925.0,81784,2.0,397
2022-05-22,GF,French Guiana,,529.0,82313,0.0,397
2022-05-29,GF,French Guiana,,639.0,82952,0.0,397
2022-06-05,GF,French Guiana,,719.0,83671,0.0,397
2022-06-12,GF,French Guiana,,836.0,84507,2.0,399
2022-06-19,GF,French Guiana,,1089.0,85596,1.0,400
2022-06-26,GF,French Guiana,,1315.0,86911,1.0,401
2022-07-03,GF,French Guiana,,1451.0,88362,0.0,401
2022-07-10,GF,French Guiana,,1417.0,89779,1.0,402
2022-07-17,GF,French Guiana,,1142.0,90921,0.0,402
2022-07-24,GF,French Guiana,,891.0,91812,2.0,404
2022-07-31,GF,French Guiana,,763.0,92575,3.0,407
2022-08-07,GF,French Guiana,,414.0,92989,0.0,407
2022-08-14,GF,French Guiana,,288.0,93277,1.0,408
2022-08-21,GF,French Guiana,,143.0,93420,0.0,408
2022-08-28,GF,French Guiana,,166.0,93586,0.0,408
2022-09-04,GF,French Guiana,,149.0,93735,0.0,408
2022-09-11,GF,French Guiana,,102.0,93837,1.0,409
2022-09-18,GF,French Guiana,,88.0,93925,1.0,410
2022-09-25,GF,French Guiana,,49.0,93974,0.0,410
2022-10-02,GF,French Guiana,,49.0,94023,0.0,410
2022-10-09,GF,French Guiana,,50.0,94073,0.0,410
2022-10-16,GF,French Guiana,,55.0,94128,0.0,410
2022-10-23,GF,French Guiana,,68.0,94196,1.0,411
2022-10-30,GF,French Guiana,,63.0,94259,0.0,411
2022-11-06,GF,French Guiana,,50.0,94309,0.0,411
2022-11-13,GF,French Guiana,,112.0,94421,0.0,411
2022-11-20,GF,French Guiana,,308.0,94729,0.0,411
2022-11-27,GF,French Guiana,,722.0,95451,0.0,411
2022-12-04,GF,French Guiana,,938.0,96389,0.0,411
2022-12-11,GF,French Guiana,,708.0,97097,0.0,411
2022-12-18,GF,French Guiana,,429.0,97526,1.0,412
2022-12-25,GF,French Guiana,,250.0,97776,1.0,413
2023-01-01,GF,French Guiana,,103.0,97879,0.0,413
2023-01-08,GF,French Guiana,,67.0,97946,0.0,413
2023-01-15,GF,French Guiana,,36.0,97982,0.0,413
2023-01-22,GF,French Guiana,,30.0,98012,0.0,413
2023-01-29,GF,French Guiana,,16.0,98028,0.0,413
2023-02-05,GF,French Guiana,,13.0,98041,0.0,413
2023-02-12,GF,French Guiana,,0.0,98041,0.0,413
2023-02-19,GF,French Guiana,,0.0,98041,0.0,413
2023-02-26,GF,French Guiana,,0.0,98041,0.0,413
2023-03-05,GF,French Guiana,,0.0,98041,0.0,413
2023-03-12,GF,French Guiana,,0.0,98041,0.0,413
2023-03-19,GF,French Guiana,,0.0,98041,0.0,413
2023-03-26,GF,French Guiana,,0.0,98041,0.0,413
2023-04-02,GF,French Guiana,,0.0,98041,0.0,413
2023-04-09,GF,French Guiana,,0.0,98041,0.0,413
2023-04-16,GF,French Guiana,,0.0,98041,0.0,413
2023-04-23,GF,French Guiana,,0.0,98041,0.0,413
2023-04-30,GF,French Guiana,,0.0,98041,0.0,413
2023-05-07,GF,French Guiana,,0.0,98041,0.0,413
2023-05-14,GF,French Guiana,,0.0,98041,0.0,413
2023-05-21,GF,French Guiana,,0.0,98041,0.0,413
2023-05-28,GF,French Guiana,,0.0,98041,0.0,413
2023-06-04,GF,French Guiana,,0.0,98041,0.0,413
2023-06-11,GF,French Guiana,,0.0,98041,0.0,413
2023-06-18,GF,French Guiana,,0.0,98041,0.0,413
2023-06-25,GF,French Guiana,,0.0,98041,0.0,413
2023-07-02,GF,French Guiana,,0.0,98041,0.0,413
2023-07-09,GF,French Guiana,,0.0,98041,0.0,413
2023-07-16,GF,French Guiana,,0.0,98041,0.0,413
2023-07-23,GF,French Guiana,,0.0,98041,0.0,413
2023-07-30,GF,French Guiana,,0.0,98041,0.0,413
2023-08-06,GF,French Guiana,,0.0,98041,0.0,413
2023-08-13,GF,French Guiana,,0.0,98041,0.0,413
2023-08-20,GF,French Guiana,,0.0,98041,0.0,413
2023-08-27,GF,French Guiana,,0.0,98041,0.0,413
2023-09-03,GF,French Guiana,,0.0,98041,0.0,413
2023-09-10,GF,French Guiana,,0.0,98041,0.0,413
2023-09-17,GF,French Guiana,,0.0,98041,0.0,413
2023-09-24,GF,French Guiana,,0.0,98041,0.0,413
2023-10-01,GF,French Guiana,,0.0,98041,0.0,413
2023-10-08,GF,French Guiana,,0.0,98041,0.0,413
2023-10-15,GF,French Guiana,,0.0,98041,0.0,413
2023-10-22,GF,French Guiana,,0.0,98041,0.0,413
2023-10-29,GF,French Guiana,,0.0,98041,0.0,413
2023-11-05,GF,French Guiana,,0.0,98041,0.0,413
2023-11-12,GF,French Guiana,,0.0,98041,0.0,413
2023-11-19,GF,French Guiana,,0.0,98041,0.0,413
2023-11-26,GF,French Guiana,,0.0,98041,0.0,413
2023-12-03,GF,French Guiana,,0.0,98041,0.0,413
2023-12-10,GF,French Guiana,,0.0,98041,0.0,413
2023-12-17,GF,French Guiana,,0.0,98041,0.0,413
2023-12-24,GF,French Guiana,,0.0,98041,0.0,413
2023-12-31,GF,French Guiana,,0.0,98041,0.0,413
2024-01-07,GF,French Guiana,,0.0,98041,0.0,413
2024-01-14,GF,French Guiana,,0.0,98041,0.0,413
2024-01-21,GF,French Guiana,,0.0,98041,0.0,413
2024-01-28,GF,French Guiana,,0.0,98041,0.0,413
2024-02-04,GF,French Guiana,,0.0,98041,0.0,413
2024-02-11,GF,French Guiana,,0.0,98041,0.0,413
2024-02-18,GF,French Guiana,,0.0,98041,0.0,413
2024-02-25,GF,French Guiana,,0.0,98041,0.0,413
2024-03-03,GF,French Guiana,,0.0,98041,0.0,413
2024-03-10,GF,French Guiana,,0.0,98041,0.0,413
2024-03-17,GF,French Guiana,,0.0,98041,0.0,413
2024-03-24,GF,French Guiana,,0.0,98041,0.0,413
2024-03-31,GF,French Guiana,,0.0,98041,0.0,413
2024-04-07,GF,French Guiana,,0.0,98041,0.0,413
2024-04-14,GF,French Guiana,,0.0,98041,0.0,413
2024-04-21,GF,French Guiana,,0.0,98041,0.0,413
2024-04-28,GF,French Guiana,,0.0,98041,0.0,413
