Date_reported,Country_code,Country,WHO_region,New_cases,Cumulative_cases,New_deaths,Cumulative_deaths
2020-03-15,GH,Ghana,AFRO,8.0,8,0.0,0
2020-03-22,GH,Ghana,AFRO,23.0,31,0.0,0
2020-03-29,GH,Ghana,AFRO,110.0,141,0.0,0
2020-04-05,GH,Ghana,AFRO,73.0,214,0.0,0
2020-04-12,GH,Ghana,AFRO,352.0,566,0.0,0
2020-04-19,GH,Ghana,AFRO,268.0,834,0.0,0
2020-04-26,GH,Ghana,AFRO,445.0,1279,0.0,0
2020-05-03,GH,Ghana,AFRO,890.0,2169,0.0,0
2020-05-10,GH,Ghana,AFRO,2094.0,4263,0.0,0
2020-05-17,GH,Ghana,AFRO,1472.0,5735,0.0,0
2020-05-24,GH,Ghana,AFRO,882.0,6617,0.0,0
2020-05-31,GH,Ghana,AFRO,1151.0,7768,0.0,0
2020-06-07,GH,Ghana,AFRO,1694.0,9462,0.0,0
2020-06-14,GH,Ghana,AFRO,2502.0,11964,0.0,0
2020-06-21,GH,Ghana,AFRO,2190.0,14154,0.0,0
2020-06-28,GH,Ghana,AFRO,3197.0,17351,0.0,0
2020-07-05,GH,Ghana,AFRO,4617.0,21968,0.0,0
2020-07-12,GH,Ghana,AFRO,3284.0,25252,0.0,0
2020-07-19,GH,Ghana,AFRO,3737.0,28989,0.0,0
2020-07-26,GH,Ghana,AFRO,4635.0,33624,0.0,0
2020-08-02,GH,Ghana,AFRO,4877.0,38501,0.0,0
2020-08-09,GH,Ghana,AFRO,2903.0,41404,0.0,0
2020-08-16,GH,Ghana,AFRO,1249.0,42653,0.0,0
2020-08-23,GH,Ghana,AFRO,1064.0,43717,0.0,0
2020-08-30,GH,Ghana,AFRO,743.0,44460,0.0,0
2020-09-06,GH,Ghana,AFRO,728.0,45188,0.0,0
2020-09-13,GH,Ghana,AFRO,467.0,45655,0.0,0
2020-09-20,GH,Ghana,AFRO,461.0,46116,0.0,0
2020-09-27,GH,Ghana,AFRO,510.0,46626,301.0,301
2020-10-04,GH,Ghana,AFRO,203.0,46829,2.0,303
2020-10-11,GH,Ghana,AFRO,297.0,47126,7.0,310
2020-10-18,GH,Ghana,AFRO,335.0,47461,2.0,312
2020-10-25,GH,Ghana,AFRO,314.0,47775,4.0,316
2020-11-01,GH,Ghana,AFRO,736.0,48511,4.0,320
2020-11-08,GH,Ghana,AFRO,791.0,49302,0.0,320
2020-11-15,GH,Ghana,AFRO,1155.0,50457,3.0,323
2020-11-22,GH,Ghana,AFRO,727.0,51184,0.0,323
2020-11-29,GH,Ghana,AFRO,606.0,51790,0.0,323
2020-12-06,GH,Ghana,AFRO,832.0,52622,3.0,326
2020-12-13,GH,Ghana,AFRO,764.0,53386,1.0,327
2020-12-20,GH,Ghana,AFRO,657.0,54043,6.0,333
2020-12-27,GH,Ghana,AFRO,638.0,54681,2.0,335
2021-01-03,GH,Ghana,AFRO,487.0,55168,0.0,335
2021-01-10,GH,Ghana,AFRO,1253.0,56421,3.0,338
2021-01-17,GH,Ghana,AFRO,2010.0,58431,20.0,358
2021-01-24,GH,Ghana,AFRO,4320.0,62751,19.0,377
2021-01-31,GH,Ghana,AFRO,5031.0,67782,47.0,424
2021-02-07,GH,Ghana,AFRO,5221.0,73003,58.0,482
2021-02-14,GH,Ghana,AFRO,4745.0,77748,79.0,561
2021-02-21,GH,Ghana,AFRO,3497.0,81245,23.0,584
2021-02-28,GH,Ghana,AFRO,3104.0,84349,27.0,611
2021-03-07,GH,Ghana,AFRO,2624.0,86973,51.0,662
2021-03-14,GH,Ghana,AFRO,1448.0,88421,43.0,705
2021-03-21,GH,Ghana,AFRO,1472.0,89893,29.0,734
2021-03-28,GH,Ghana,AFRO,659.0,90552,8.0,742
2021-04-04,GH,Ghana,AFRO,457.0,91009,10.0,752
2021-04-11,GH,Ghana,AFRO,468.0,91477,11.0,763
2021-04-18,GH,Ghana,AFRO,306.0,91783,9.0,772
2021-04-25,GH,Ghana,AFRO,681.0,92464,7.0,779
2021-05-02,GH,Ghana,AFRO,276.0,92740,1.0,780
2021-05-09,GH,Ghana,AFRO,271.0,93011,3.0,783
2021-05-16,GH,Ghana,AFRO,445.0,93456,0.0,783
2021-05-23,GH,Ghana,AFRO,255.0,93711,0.0,783
2021-05-30,GH,Ghana,AFRO,300.0,94011,2.0,785
2021-06-06,GH,Ghana,AFRO,358.0,94369,4.0,789
2021-06-13,GH,Ghana,AFRO,455.0,94824,1.0,790
2021-06-20,GH,Ghana,AFRO,412.0,95236,4.0,794
2021-06-27,GH,Ghana,AFRO,678.0,95914,2.0,796
2021-07-04,GH,Ghana,AFRO,794.0,96708,1.0,797
2021-07-11,GH,Ghana,AFRO,1020.0,97728,5.0,802
2021-07-18,GH,Ghana,AFRO,2006.0,99734,15.0,817
2021-07-25,GH,Ghana,AFRO,2835.0,102569,6.0,823
2021-08-01,GH,Ghana,AFRO,450.0,103019,0.0,823
2021-08-08,GH,Ghana,AFRO,5658.0,108677,57.0,880
2021-08-15,GH,Ghana,AFRO,3701.0,112378,65.0,945
2021-08-22,GH,Ghana,AFRO,3147.0,115525,37.0,982
2021-08-29,GH,Ghana,AFRO,3911.0,119436,54.0,1036
2021-09-05,GH,Ghana,AFRO,2721.0,122157,47.0,1083
2021-09-12,GH,Ghana,AFRO,1717.0,123874,15.0,1098
2021-09-19,GH,Ghana,AFRO,1956.0,125830,32.0,1130
2021-09-26,GH,Ghana,AFRO,1186.0,127016,20.0,1150
2021-10-03,GH,Ghana,AFRO,1143.0,128159,7.0,1157
2021-10-10,GH,Ghana,AFRO,933.0,129092,7.0,1164
2021-10-17,GH,Ghana,AFRO,559.0,129651,5.0,1169
2021-10-24,GH,Ghana,AFRO,390.0,130041,5.0,1174
2021-10-31,GH,Ghana,AFRO,350.0,130391,14.0,1188
2021-11-07,GH,Ghana,AFRO,217.0,130608,15.0,1203
2021-11-14,GH,Ghana,AFRO,136.0,130744,5.0,1208
2021-11-21,GH,Ghana,AFRO,176.0,130920,1.0,1209
2021-11-28,GH,Ghana,AFRO,217.0,131137,15.0,1224
2021-12-05,GH,Ghana,AFRO,215.0,131352,11.0,1235
2021-12-12,GH,Ghana,AFRO,488.0,131840,18.0,1253
2021-12-19,GH,Ghana,AFRO,2194.0,134034,14.0,1267
2021-12-26,GH,Ghana,AFRO,7261.0,141295,20.0,1287
2022-01-02,GH,Ghana,AFRO,6784.0,148079,26.0,1313
2022-01-09,GH,Ghana,AFRO,4650.0,152729,23.0,1336
2022-01-16,GH,Ghana,AFRO,2162.0,154891,21.0,1357
2022-01-23,GH,Ghana,AFRO,1501.0,156392,27.0,1384
2022-01-30,GH,Ghana,AFRO,828.0,157220,20.0,1404
2022-02-06,GH,Ghana,AFRO,697.0,157917,22.0,1426
2022-02-13,GH,Ghana,AFRO,517.0,158434,12.0,1438
2022-02-20,GH,Ghana,AFRO,690.0,159124,4.0,1442
2022-02-27,GH,Ghana,AFRO,904.0,160028,0.0,1442
2022-03-06,GH,Ghana,AFRO,612.0,160640,0.0,1442
2022-03-13,GH,Ghana,AFRO,121.0,160761,3.0,1445
2022-03-20,GH,Ghana,AFRO,109.0,160870,0.0,1445
2022-03-27,GH,Ghana,AFRO,55.0,160925,0.0,1445
2022-04-03,GH,Ghana,AFRO,109.0,161034,0.0,1445
2022-04-10,GH,Ghana,AFRO,52.0,161086,0.0,1445
2022-04-17,GH,Ghana,AFRO,31.0,161117,0.0,1445
2022-04-24,GH,Ghana,AFRO,55.0,161172,0.0,1445
2022-05-01,GH,Ghana,AFRO,44.0,161216,0.0,1445
2022-05-08,GH,Ghana,AFRO,55.0,161271,0.0,1445
2022-05-15,GH,Ghana,AFRO,54.0,161325,0.0,1445
2022-05-22,GH,Ghana,AFRO,45.0,161370,0.0,1445
2022-05-29,GH,Ghana,AFRO,111.0,161481,0.0,1445
2022-06-05,GH,Ghana,AFRO,360.0,161841,0.0,1445
2022-06-12,GH,Ghana,AFRO,805.0,162646,0.0,1445
2022-06-19,GH,Ghana,AFRO,1895.0,164541,3.0,1448
2022-06-26,GH,Ghana,AFRO,1208.0,165749,1.0,1449
2022-07-03,GH,Ghana,AFRO,1067.0,166816,4.0,1453
2022-07-10,GH,Ghana,AFRO,399.0,167215,3.0,1456
2022-07-17,GH,Ghana,AFRO,0.0,167215,0.0,1456
2022-07-24,GH,Ghana,AFRO,792.0,168007,1.0,1457
2022-07-31,GH,Ghana,AFRO,120.0,168127,0.0,1457
2022-08-07,GH,Ghana,AFRO,236.0,168363,1.0,1458
2022-08-14,GH,Ghana,AFRO,94.0,168457,1.0,1459
2022-08-21,GH,Ghana,AFRO,0.0,168457,0.0,1459
2022-08-28,GH,Ghana,AFRO,123.0,168580,0.0,1459
2022-09-04,GH,Ghana,AFRO,36.0,168616,0.0,1459
2022-09-11,GH,Ghana,AFRO,0.0,168616,0.0,1459
2022-09-18,GH,Ghana,AFRO,197.0,168813,0.0,1459
2022-09-25,GH,Ghana,AFRO,287.0,169100,0.0,1459
2022-10-02,GH,Ghana,AFRO,585.0,169685,0.0,1459
2022-10-09,GH,Ghana,AFRO,418.0,170103,0.0,1459
2022-10-16,GH,Ghana,AFRO,318.0,170421,1.0,1460
2022-10-23,GH,Ghana,AFRO,152.0,170573,0.0,1460
2022-10-30,GH,Ghana,AFRO,134.0,170707,0.0,1460
2022-11-06,GH,Ghana,AFRO,187.0,170894,0.0,1460
2022-11-13,GH,Ghana,AFRO,78.0,170972,1.0,1461
2022-11-20,GH,Ghana,AFRO,24.0,170996,0.0,1461
2022-11-27,GH,Ghana,AFRO,13.0,171009,0.0,1461
2022-12-04,GH,Ghana,AFRO,14.0,171023,0.0,1461
2022-12-11,GH,Ghana,AFRO,8.0,171031,0.0,1461
2022-12-18,GH,Ghana,AFRO,7.0,171038,0.0,1461
2022-12-25,GH,Ghana,AFRO,0.0,171038,0.0,1461
2023-01-01,GH,Ghana,AFRO,27.0,171065,0.0,1461
2023-01-08,GH,Ghana,AFRO,5.0,171070,0.0,1461
2023-01-15,GH,Ghana,AFRO,18.0,171088,1.0,1462
2023-01-22,GH,Ghana,AFRO,14.0,171102,0.0,1462
2023-01-29,GH,Ghana,AFRO,10.0,171112,0.0,1462
2023-02-05,GH,Ghana,AFRO,28.0,171140,0.0,1462
2023-02-12,GH,Ghana,AFRO,12.0,171152,0.0,1462
2023-02-19,GH,Ghana,AFRO,8.0,171160,0.0,1462
2023-02-26,GH,Ghana,AFRO,12.0,171172,0.0,1462
2023-03-05,GH,Ghana,AFRO,57.0,171229,0.0,1462
2023-03-12,GH,Ghana,AFRO,52.0,171281,0.0,1462
2023-03-19,GH,Ghana,AFRO,7.0,171288,0.0,1462
2023-03-26,GH,Ghana,AFRO,124.0,171412,0.0,1462
2023-04-02,GH,Ghana,AFRO,115.0,171527,0.0,1462
2023-04-09,GH,Ghana,AFRO,0.0,171527,0.0,1462
2023-04-16,GH,Ghana,AFRO,92.0,171619,0.0,1462
2023-04-23,GH,Ghana,AFRO,0.0,171619,0.0,1462
2023-04-30,GH,Ghana,AFRO,34.0,171653,0.0,1462
2023-05-07,GH,Ghana,AFRO,0.0,171653,0.0,1462
2023-05-14,GH,Ghana,AFRO,0.0,171653,0.0,1462
2023-05-21,GH,Ghana,AFRO,0.0,171653,0.0,1462
2023-05-28,GH,Ghana,AFRO,0.0,171653,0.0,1462
2023-06-04,GH,Ghana,AFRO,0.0,171653,0.0,1462
2023-06-11,GH,Ghana,AFRO,0.0,171653,0.0,1462
2023-06-18,GH,Ghana,AFRO,0.0,171653,0.0,1462
2023-06-25,GH,Ghana,AFRO,0.0,171653,0.0,1462
2023-07-02,GH,Ghana,AFRO,0.0,171653,0.0,1462
2023-07-09,GH,Ghana,AFRO,0.0,171653,0.0,1462
2023-07-16,GH,Ghana,AFRO,0.0,171653,0.0,1462
2023-07-23,GH,Ghana,AFRO,0.0,171653,0.0,1462
2023-07-30,GH,Ghana,AFRO,0.0,171653,0.0,1462
2023-08-06,GH,Ghana,AFRO,0.0,171653,0.0,1462
2023-08-13,GH,Ghana,AFRO,0.0,171653,0.0,1462
2023-08-20,GH,Ghana,AFRO,0.0,171653,0.0,1462
2023-08-27,GH,Ghana,AFRO,0.0,171653,0.0,1462
2023-09-03,GH,Ghana,AFRO,0.0,171653,0.0,1462
2023-09-10,GH,Ghana,AFRO,0.0,171653,0.0,1462
2023-09-17,GH,Ghana,AFRO,0.0,171653,0.0,1462
2023-09-24,GH,Ghana,AFRO,0.0,171653,0.0,1462
2023-10-01,GH,Ghana,AFRO,0.0,171653,0.0,1462
2023-10-08,GH,Ghana,AFRO,30.0,171683,0.0,1462
2023-10-15,GH,Ghana,AFRO,20.0,171703,0.0,1462
2023-10-22,GH,Ghana,AFRO,23.0,171726,0.0,1462
2023-10-29,GH,Ghana,AFRO,27.0,171753,0.0,1462
2023-11-05,GH,Ghana,AFRO,31.0,171784,0.0,1462
2023-11-12,GH,Ghana,AFRO,24.0,171808,0.0,1462
2023-11-19,GH,Ghana,AFRO,10.0,171818,0.0,1462
2023-11-26,GH,Ghana,AFRO,9.0,171827,0.0,1462
2023-12-03,GH,Ghana,AFRO,7.0,171834,0.0,1462
2023-12-10,GH,Ghana,AFRO,0.0,171834,0.0,1462
2023-12-17,GH,Ghana,AFRO,0.0,171834,0.0,1462
2023-12-24,GH,Ghana,AFRO,0.0,171834,0.0,1462
2023-12-31,GH,Ghana,AFRO,0.0,171834,0.0,1462
2024-01-07,GH,Ghana,AFRO,0.0,171834,0.0,1462
2024-01-14,GH,Ghana,AFRO,0.0,171834,0.0,1462
2024-01-21,GH,Ghana,AFRO,0.0,171834,0.0,1462
2024-01-28,GH,Ghana,AFRO,0.0,171834,0.0,1462
2024-02-04,GH,Ghana,AFRO,0.0,171834,0.0,1462
2024-02-11,GH,Ghana,AFRO,0.0,171834,0.0,1462
2024-02-18,GH,Ghana,AFRO,0.0,171834,0.0,1462
2024-02-25,GH,Ghana,AFRO,0.0,171834,0.0,1462
2024-03-03,GH,Ghana,AFRO,0.0,171834,0.0,1462
2024-03-10,GH,Ghana,AFRO,0.0,171834,0.0,1462
2024-03-17,GH,Ghana,AFRO,5.0,171839,0.0,1462
2024-03-24,GH,Ghana,AFRO,15.0,171854,0.0,1462
2024-03-31,GH,Ghana,AFRO,21.0,171875,0.0,1462
2024-04-07,GH,Ghana,AFRO,32.0,171907,0.0,1462
2024-04-14,GH,Ghana,AFRO,25.0,171932,0.0,1462
2024-04-21,GH,Ghana,AFRO,34.0,171966,0.0,1462
2024-04-28,GH,Ghana,AFRO,24.0,171990,0.0,1462
