Date_reported,Country_code,Country,WHO_region,New_cases,Cumulative_cases,New_deaths,Cumulative_deaths
2020-03-08,GI,Gibraltar,,1.0,1,0.0,0
2020-03-15,GI,Gibraltar,,0.0,1,0.0,0
2020-03-22,GI,Gibraltar,,9.0,10,0.0,0
2020-03-29,GI,Gibraltar,,38.0,48,0.0,0
2020-04-05,GI,Gibraltar,,42.0,90,0.0,0
2020-04-12,GI,Gibraltar,,15.0,105,0.0,0
2020-04-19,GI,Gibraltar,,20.0,125,0.0,0
2020-04-26,GI,Gibraltar,,3.0,128,0.0,0
2020-05-03,GI,Gibraltar,,8.0,136,0.0,0
2020-05-10,GI,Gibraltar,,2.0,138,0.0,0
2020-05-17,GI,Gibraltar,,1.0,139,0.0,0
2020-05-24,GI,Gibraltar,,4.0,143,0.0,0
2020-05-31,GI,Gibraltar,,10.0,153,0.0,0
2020-06-07,GI,Gibraltar,,13.0,166,0.0,0
2020-06-14,GI,Gibraltar,,2.0,168,0.0,0
2020-06-21,GI,Gibraltar,,0.0,168,0.0,0
2020-06-28,GI,Gibraltar,,0.0,168,0.0,0
2020-07-05,GI,Gibraltar,,2.0,170,0.0,0
2020-07-12,GI,Gibraltar,,2.0,172,0.0,0
2020-07-19,GI,Gibraltar,,0.0,172,0.0,0
2020-07-26,GI,Gibraltar,,5.0,177,0.0,0
2020-08-02,GI,Gibraltar,,2.0,179,0.0,0
2020-08-09,GI,Gibraltar,,6.0,185,0.0,0
2020-08-16,GI,Gibraltar,,13.0,198,0.0,0
2020-08-23,GI,Gibraltar,,23.0,221,0.0,0
2020-08-30,GI,Gibraltar,,45.0,266,0.0,0
2020-09-06,GI,Gibraltar,,31.0,297,0.0,0
2020-09-13,GI,Gibraltar,,18.0,315,0.0,0
2020-09-20,GI,Gibraltar,,23.0,338,0.0,0
2020-09-27,GI,Gibraltar,,18.0,356,0.0,0
2020-10-04,GI,Gibraltar,,52.0,408,0.0,0
2020-10-11,GI,Gibraltar,,52.0,460,0.0,0
2020-10-18,GI,Gibraltar,,76.0,536,0.0,0
2020-10-25,GI,Gibraltar,,97.0,633,0.0,0
2020-11-01,GI,Gibraltar,,52.0,685,0.0,0
2020-11-08,GI,Gibraltar,,77.0,762,0.0,0
2020-11-15,GI,Gibraltar,,106.0,868,1.0,1
2020-11-22,GI,Gibraltar,,67.0,935,2.0,3
2020-11-29,GI,Gibraltar,,56.0,991,2.0,5
2020-12-06,GI,Gibraltar,,43.0,1034,0.0,5
2020-12-13,GI,Gibraltar,,28.0,1062,0.0,5
2020-12-20,GI,Gibraltar,,114.0,1176,1.0,6
2020-12-27,GI,Gibraltar,,350.0,1526,0.0,6
2021-01-03,GI,Gibraltar,,678.0,2204,1.0,7
2021-01-10,GI,Gibraltar,,809.0,3013,5.0,12
2021-01-17,GI,Gibraltar,,554.0,3567,18.0,30
2021-01-24,GI,Gibraltar,,330.0,3897,29.0,59
2021-01-31,GI,Gibraltar,,191.0,4088,14.0,73
2021-02-07,GI,Gibraltar,,74.0,4162,7.0,80
2021-02-14,GI,Gibraltar,,42.0,4204,4.0,84
2021-02-21,GI,Gibraltar,,16.0,4220,4.0,88
2021-02-28,GI,Gibraltar,,8.0,4228,4.0,92
2021-03-07,GI,Gibraltar,,8.0,4236,1.0,93
2021-03-14,GI,Gibraltar,,19.0,4255,0.0,93
2021-03-21,GI,Gibraltar,,7.0,4262,1.0,94
2021-03-28,GI,Gibraltar,,3.0,4265,0.0,94
2021-04-04,GI,Gibraltar,,2.0,4267,0.0,94
2021-04-11,GI,Gibraltar,,2.0,4269,0.0,94
2021-04-18,GI,Gibraltar,,14.0,4283,0.0,94
2021-04-25,GI,Gibraltar,,0.0,4283,0.0,94
2021-05-02,GI,Gibraltar,,0.0,4283,0.0,94
2021-05-09,GI,Gibraltar,,3.0,4286,0.0,94
2021-05-16,GI,Gibraltar,,0.0,4286,0.0,94
2021-05-23,GI,Gibraltar,,0.0,4286,0.0,94
2021-05-30,GI,Gibraltar,,7.0,4293,0.0,94
2021-06-06,GI,Gibraltar,,7.0,4300,0.0,94
2021-06-13,GI,Gibraltar,,8.0,4308,0.0,94
2021-06-20,GI,Gibraltar,,10.0,4318,0.0,94
2021-06-27,GI,Gibraltar,,20.0,4338,0.0,94
2021-07-04,GI,Gibraltar,,19.0,4357,0.0,94
2021-07-11,GI,Gibraltar,,46.0,4403,0.0,94
2021-07-18,GI,Gibraltar,,152.0,4555,0.0,94
2021-07-25,GI,Gibraltar,,198.0,4753,0.0,94
2021-08-01,GI,Gibraltar,,194.0,4947,0.0,94
2021-08-08,GI,Gibraltar,,154.0,5101,1.0,95
2021-08-15,GI,Gibraltar,,104.0,5205,0.0,95
2021-08-22,GI,Gibraltar,,64.0,5269,1.0,96
2021-08-29,GI,Gibraltar,,54.0,5323,1.0,97
2021-09-05,GI,Gibraltar,,63.0,5386,0.0,97
2021-09-12,GI,Gibraltar,,33.0,5419,0.0,97
2021-09-19,GI,Gibraltar,,50.0,5469,0.0,97
2021-09-26,GI,Gibraltar,,33.0,5502,0.0,97
2021-10-03,GI,Gibraltar,,53.0,5555,0.0,97
2021-10-10,GI,Gibraltar,,58.0,5613,0.0,97
2021-10-17,GI,Gibraltar,,127.0,5740,1.0,98
2021-10-24,GI,Gibraltar,,102.0,5842,0.0,98
2021-10-31,GI,Gibraltar,,132.0,5974,0.0,98
2021-11-07,GI,Gibraltar,,164.0,6138,0.0,98
2021-11-14,GI,Gibraltar,,326.0,6464,0.0,98
2021-11-21,GI,Gibraltar,,427.0,6891,0.0,98
2021-11-28,GI,Gibraltar,,271.0,7162,0.0,98
2021-12-05,GI,Gibraltar,,198.0,7360,1.0,99
2021-12-12,GI,Gibraltar,,148.0,7508,1.0,100
2021-12-19,GI,Gibraltar,,270.0,7778,0.0,100
2021-12-26,GI,Gibraltar,,364.0,8142,0.0,100
2022-01-02,GI,Gibraltar,,652.0,8794,0.0,100
2022-01-09,GI,Gibraltar,,924.0,9718,0.0,100
2022-01-16,GI,Gibraltar,,1007.0,10725,0.0,100
2022-01-23,GI,Gibraltar,,977.0,11702,0.0,100
2022-01-30,GI,Gibraltar,,1050.0,12752,0.0,100
2022-02-06,GI,Gibraltar,,825.0,13577,1.0,101
2022-02-13,GI,Gibraltar,,768.0,14345,0.0,101
2022-02-20,GI,Gibraltar,,528.0,14873,0.0,101
2022-02-27,GI,Gibraltar,,440.0,15313,0.0,101
2022-03-06,GI,Gibraltar,,296.0,15609,0.0,101
2022-03-13,GI,Gibraltar,,231.0,15840,0.0,101
2022-03-20,GI,Gibraltar,,326.0,16166,0.0,101
2022-03-27,GI,Gibraltar,,434.0,16600,0.0,101
2022-04-03,GI,Gibraltar,,379.0,16979,0.0,101
2022-04-10,GI,Gibraltar,,331.0,17310,0.0,101
2022-04-17,GI,Gibraltar,,0.0,17310,0.0,101
2022-04-24,GI,Gibraltar,,447.0,17757,0.0,101
2022-05-01,GI,Gibraltar,,129.0,17886,1.0,102
2022-05-08,GI,Gibraltar,,121.0,18007,0.0,102
2022-05-15,GI,Gibraltar,,133.0,18140,0.0,102
2022-05-22,GI,Gibraltar,,144.0,18284,0.0,102
2022-05-29,GI,Gibraltar,,143.0,18427,0.0,102
2022-06-05,GI,Gibraltar,,164.0,18591,0.0,102
2022-06-12,GI,Gibraltar,,215.0,18806,0.0,102
2022-06-19,GI,Gibraltar,,204.0,19010,0.0,102
2022-06-26,GI,Gibraltar,,296.0,19306,2.0,104
2022-07-03,GI,Gibraltar,,327.0,19633,0.0,104
2022-07-10,GI,Gibraltar,,163.0,19796,1.0,105
2022-07-17,GI,Gibraltar,,66.0,19862,0.0,105
2022-07-24,GI,Gibraltar,,40.0,19902,0.0,105
2022-07-31,GI,Gibraltar,,0.0,19902,0.0,105
2022-08-07,GI,Gibraltar,,97.0,19999,1.0,106
2022-08-14,GI,Gibraltar,,35.0,20034,0.0,106
2022-08-21,GI,Gibraltar,,15.0,20049,1.0,107
2022-08-28,GI,Gibraltar,,0.0,20049,0.0,107
2022-09-04,GI,Gibraltar,,20.0,20069,1.0,108
2022-09-11,GI,Gibraltar,,0.0,20069,0.0,108
2022-09-18,GI,Gibraltar,,0.0,20069,0.0,108
2022-09-25,GI,Gibraltar,,23.0,20092,0.0,108
2022-10-02,GI,Gibraltar,,3.0,20095,0.0,108
2022-10-09,GI,Gibraltar,,0.0,20095,0.0,108
2022-10-16,GI,Gibraltar,,26.0,20121,0.0,108
2022-10-23,GI,Gibraltar,,0.0,20121,0.0,108
2022-10-30,GI,Gibraltar,,0.0,20121,0.0,108
2022-11-06,GI,Gibraltar,,0.0,20121,0.0,108
2022-11-13,GI,Gibraltar,,45.0,20166,2.0,110
2022-11-20,GI,Gibraltar,,18.0,20184,0.0,110
2022-11-27,GI,Gibraltar,,9.0,20193,0.0,110
2022-12-04,GI,Gibraltar,,14.0,20207,0.0,110
2022-12-11,GI,Gibraltar,,16.0,20223,0.0,110
2022-12-18,GI,Gibraltar,,29.0,20252,0.0,110
2022-12-25,GI,Gibraltar,,23.0,20275,0.0,110
2023-01-01,GI,Gibraltar,,30.0,20305,0.0,110
2023-01-08,GI,Gibraltar,,37.0,20342,1.0,111
2023-01-15,GI,Gibraltar,,37.0,20379,0.0,111
2023-01-22,GI,Gibraltar,,13.0,20392,0.0,111
2023-01-29,GI,Gibraltar,,7.0,20399,0.0,111
2023-02-05,GI,Gibraltar,,0.0,20399,0.0,111
2023-02-12,GI,Gibraltar,,0.0,20399,0.0,111
2023-02-19,GI,Gibraltar,,15.0,20414,0.0,111
2023-02-26,GI,Gibraltar,,9.0,20423,0.0,111
2023-03-05,GI,Gibraltar,,10.0,20433,0.0,111
2023-03-12,GI,Gibraltar,,29.0,20462,0.0,111
2023-03-19,GI,Gibraltar,,0.0,20462,0.0,111
2023-03-26,GI,Gibraltar,,0.0,20462,0.0,111
2023-04-02,GI,Gibraltar,,0.0,20462,0.0,111
2023-04-09,GI,Gibraltar,,88.0,20550,2.0,113
2023-04-16,GI,Gibraltar,,0.0,20550,0.0,113
2023-04-23,GI,Gibraltar,,0.0,20550,0.0,113
2023-04-30,GI,Gibraltar,,0.0,20550,0.0,113
2023-05-07,GI,Gibraltar,,0.0,20550,0.0,113
2023-05-14,GI,Gibraltar,,0.0,20550,0.0,113
2023-05-21,GI,Gibraltar,,0.0,20550,0.0,113
2023-05-28,GI,Gibraltar,,0.0,20550,0.0,113
2023-06-04,GI,Gibraltar,,0.0,20550,0.0,113
2023-06-11,GI,Gibraltar,,0.0,20550,0.0,113
2023-06-18,GI,Gibraltar,,0.0,20550,0.0,113
2023-06-25,GI,Gibraltar,,0.0,20550,0.0,113
2023-07-02,GI,Gibraltar,,0.0,20550,0.0,113
2023-07-09,GI,Gibraltar,,0.0,20550,0.0,113
2023-07-16,GI,Gibraltar,,0.0,20550,0.0,113
2023-07-23,GI,Gibraltar,,0.0,20550,0.0,113
2023-07-30,GI,Gibraltar,,0.0,20550,0.0,113
2023-08-06,GI,Gibraltar,,0.0,20550,0.0,113
2023-08-13,GI,Gibraltar,,0.0,20550,0.0,113
2023-08-20,GI,Gibraltar,,0.0,20550,0.0,113
2023-08-27,GI,Gibraltar,,0.0,20550,0.0,113
2023-09-03,GI,Gibraltar,,0.0,20550,0.0,113
2023-09-10,GI,Gibraltar,,0.0,20550,0.0,113
2023-09-17,GI,Gibraltar,,0.0,20550,0.0,113
2023-09-24,GI,Gibraltar,,0.0,20550,0.0,113
2023-10-01,GI,Gibraltar,,0.0,20550,0.0,113
2023-10-08,GI,Gibraltar,,0.0,20550,0.0,113
2023-10-15,GI,Gibraltar,,0.0,20550,0.0,113
2023-10-22,GI,Gibraltar,,0.0,20550,0.0,113
2023-10-29,GI,Gibraltar,,0.0,20550,0.0,113
2023-11-05,GI,Gibraltar,,0.0,20550,0.0,113
2023-11-12,GI,Gibraltar,,0.0,20550,0.0,113
2023-11-19,GI,Gibraltar,,0.0,20550,0.0,113
2023-11-26,GI,Gibraltar,,0.0,20550,0.0,113
2023-12-03,GI,Gibraltar,,0.0,20550,0.0,113
2023-12-10,GI,Gibraltar,,0.0,20550,0.0,113
2023-12-17,GI,Gibraltar,,0.0,20550,0.0,113
2023-12-24,GI,Gibraltar,,0.0,20550,0.0,113
2023-12-31,GI,Gibraltar,,0.0,20550,0.0,113
2024-01-07,GI,Gibraltar,,0.0,20550,0.0,113
2024-01-14,GI,Gibraltar,,0.0,20550,0.0,113
2024-01-21,GI,Gibraltar,,0.0,20550,0.0,113
2024-01-28,GI,Gibraltar,,0.0,20550,0.0,113
2024-02-04,GI,Gibraltar,,0.0,20550,0.0,113
2024-02-11,GI,Gibraltar,,0.0,20550,0.0,113
2024-02-18,GI,Gibraltar,,0.0,20550,0.0,113
2024-02-25,GI,Gibraltar,,0.0,20550,0.0,113
2024-03-03,GI,Gibraltar,,0.0,20550,0.0,113
2024-03-10,GI,Gibraltar,,0.0,20550,0.0,113
2024-03-17,GI,Gibraltar,,0.0,20550,0.0,113
2024-03-24,GI,Gibraltar,,0.0,20550,0.0,113
2024-03-31,GI,Gibraltar,,0.0,20550,0.0,113
2024-04-07,GI,Gibraltar,,0.0,20550,0.0,113
2024-04-14,GI,Gibraltar,,0.0,20550,0.0,113
2024-04-21,GI,Gibraltar,,0.0,20550,0.0,113
2024-04-28,GI,Gibraltar,,0.0,20550,0.0,113
