Date_reported,Country_code,Country,WHO_region,New_cases,Cumulative_cases,New_deaths,Cumulative_deaths
2020-03-22,GM,Gambia,AFRO,1.0,1,0.0,0
2020-03-29,GM,Gambia,AFRO,2.0,3,0.0,0
2020-04-05,GM,Gambia,AFRO,1.0,4,0.0,0
2020-04-12,GM,Gambia,AFRO,5.0,9,0.0,0
2020-04-19,GM,Gambia,AFRO,0.0,9,0.0,0
2020-04-26,GM,Gambia,AFRO,1.0,10,0.0,0
2020-05-03,GM,Gambia,AFRO,7.0,17,0.0,0
2020-05-10,GM,Gambia,AFRO,3.0,20,0.0,0
2020-05-17,GM,Gambia,AFRO,4.0,24,0.0,0
2020-05-24,GM,Gambia,AFRO,1.0,25,0.0,0
2020-05-31,GM,Gambia,AFRO,0.0,25,0.0,0
2020-06-07,GM,Gambia,AFRO,1.0,26,0.0,0
2020-06-14,GM,Gambia,AFRO,2.0,28,0.0,0
2020-06-21,GM,Gambia,AFRO,9.0,37,0.0,0
2020-06-28,GM,Gambia,AFRO,8.0,45,0.0,0
2020-07-05,GM,Gambia,AFRO,12.0,57,0.0,0
2020-07-12,GM,Gambia,AFRO,7.0,64,0.0,0
2020-07-19,GM,Gambia,AFRO,48.0,112,0.0,0
2020-07-26,GM,Gambia,AFRO,165.0,277,0.0,0
2020-08-02,GM,Gambia,AFRO,207.0,484,0.0,0
2020-08-09,GM,Gambia,AFRO,848.0,1332,0.0,0
2020-08-16,GM,Gambia,AFRO,526.0,1858,0.0,0
2020-08-23,GM,Gambia,AFRO,727.0,2585,0.0,0
2020-08-30,GM,Gambia,AFRO,378.0,2963,0.0,0
2020-09-06,GM,Gambia,AFRO,233.0,3196,0.0,0
2020-09-13,GM,Gambia,AFRO,209.0,3405,0.0,0
2020-09-20,GM,Gambia,AFRO,121.0,3526,0.0,0
2020-09-27,GM,Gambia,AFRO,43.0,3569,0.0,0
2020-10-04,GM,Gambia,AFRO,25.0,3594,115.0,115
2020-10-11,GM,Gambia,AFRO,38.0,3632,2.0,117
2020-10-18,GM,Gambia,AFRO,17.0,3649,1.0,118
2020-10-25,GM,Gambia,AFRO,11.0,3660,1.0,119
2020-11-01,GM,Gambia,AFRO,12.0,3672,0.0,119
2020-11-08,GM,Gambia,AFRO,12.0,3684,2.0,121
2020-11-15,GM,Gambia,AFRO,18.0,3702,1.0,122
2020-11-22,GM,Gambia,AFRO,24.0,3726,1.0,123
2020-11-29,GM,Gambia,AFRO,8.0,3734,0.0,123
2020-12-06,GM,Gambia,AFRO,36.0,3770,0.0,123
2020-12-13,GM,Gambia,AFRO,12.0,3782,0.0,123
2020-12-20,GM,Gambia,AFRO,6.0,3788,0.0,123
2020-12-27,GM,Gambia,AFRO,4.0,3792,0.0,123
2021-01-03,GM,Gambia,AFRO,10.0,3802,1.0,124
2021-01-10,GM,Gambia,AFRO,55.0,3857,1.0,125
2021-01-17,GM,Gambia,AFRO,53.0,3910,3.0,128
2021-01-24,GM,Gambia,AFRO,62.0,3972,0.0,128
2021-01-31,GM,Gambia,AFRO,118.0,4090,0.0,128
2021-02-07,GM,Gambia,AFRO,147.0,4237,6.0,134
2021-02-14,GM,Gambia,AFRO,177.0,4414,4.0,138
2021-02-21,GM,Gambia,AFRO,140.0,4554,6.0,144
2021-02-28,GM,Gambia,AFRO,158.0,4712,6.0,150
2021-03-07,GM,Gambia,AFRO,80.0,4792,3.0,153
2021-03-14,GM,Gambia,AFRO,227.0,5019,0.0,153
2021-03-21,GM,Gambia,AFRO,236.0,5255,8.0,161
2021-03-28,GM,Gambia,AFRO,165.0,5420,3.0,164
2021-04-04,GM,Gambia,AFRO,85.0,5505,2.0,166
2021-04-11,GM,Gambia,AFRO,97.0,5602,2.0,168
2021-04-18,GM,Gambia,AFRO,131.0,5733,2.0,170
2021-04-25,GM,Gambia,AFRO,124.0,5857,3.0,173
2021-05-02,GM,Gambia,AFRO,44.0,5901,2.0,175
2021-05-09,GM,Gambia,AFRO,28.0,5929,0.0,175
2021-05-16,GM,Gambia,AFRO,17.0,5946,0.0,175
2021-05-23,GM,Gambia,AFRO,32.0,5978,3.0,178
2021-05-30,GM,Gambia,AFRO,15.0,5993,1.0,179
2021-06-06,GM,Gambia,AFRO,9.0,6002,0.0,179
2021-06-13,GM,Gambia,AFRO,14.0,6016,1.0,180
2021-06-20,GM,Gambia,AFRO,29.0,6045,1.0,181
2021-06-27,GM,Gambia,AFRO,24.0,6069,0.0,181
2021-07-04,GM,Gambia,AFRO,47.0,6116,1.0,182
2021-07-11,GM,Gambia,AFRO,212.0,6328,3.0,185
2021-07-18,GM,Gambia,AFRO,592.0,6920,5.0,190
2021-07-25,GM,Gambia,AFRO,413.0,7333,18.0,208
2021-08-01,GM,Gambia,AFRO,963.0,8296,19.0,227
2021-08-08,GM,Gambia,AFRO,467.0,8763,18.0,245
2021-08-15,GM,Gambia,AFRO,432.0,9195,26.0,271
2021-08-22,GM,Gambia,AFRO,275.0,9470,30.0,301
2021-08-29,GM,Gambia,AFRO,228.0,9698,18.0,319
2021-09-05,GM,Gambia,AFRO,91.0,9789,9.0,328
2021-09-12,GM,Gambia,AFRO,59.0,9848,0.0,328
2021-09-19,GM,Gambia,AFRO,40.0,9888,4.0,332
2021-09-26,GM,Gambia,AFRO,42.0,9930,3.0,335
2021-10-03,GM,Gambia,AFRO,5.0,9935,3.0,338
2021-10-10,GM,Gambia,AFRO,8.0,9943,1.0,339
2021-10-17,GM,Gambia,AFRO,3.0,9946,0.0,339
2021-10-24,GM,Gambia,AFRO,16.0,9962,1.0,340
2021-10-31,GM,Gambia,AFRO,5.0,9967,0.0,340
2021-11-07,GM,Gambia,AFRO,12.0,9979,1.0,341
2021-11-14,GM,Gambia,AFRO,7.0,9986,0.0,341
2021-11-21,GM,Gambia,AFRO,2.0,9988,1.0,342
2021-11-28,GM,Gambia,AFRO,4.0,9992,0.0,342
2021-12-05,GM,Gambia,AFRO,6.0,9998,0.0,342
2021-12-12,GM,Gambia,AFRO,47.0,10045,0.0,342
2021-12-19,GM,Gambia,AFRO,33.0,10078,0.0,342
2021-12-26,GM,Gambia,AFRO,58.0,10136,0.0,342
2022-01-02,GM,Gambia,AFRO,358.0,10494,1.0,343
2022-01-09,GM,Gambia,AFRO,748.0,11242,1.0,344
2022-01-16,GM,Gambia,AFRO,330.0,11572,3.0,347
2022-01-23,GM,Gambia,AFRO,270.0,11842,15.0,362
2022-01-30,GM,Gambia,AFRO,21.0,11863,2.0,364
2022-02-06,GM,Gambia,AFRO,17.0,11880,0.0,364
2022-02-13,GM,Gambia,AFRO,31.0,11911,1.0,365
2022-02-20,GM,Gambia,AFRO,13.0,11924,0.0,365
2022-02-27,GM,Gambia,AFRO,15.0,11939,0.0,365
2022-03-06,GM,Gambia,AFRO,17.0,11956,0.0,365
2022-03-13,GM,Gambia,AFRO,17.0,11973,0.0,365
2022-03-20,GM,Gambia,AFRO,5.0,11978,0.0,365
2022-03-27,GM,Gambia,AFRO,10.0,11988,0.0,365
2022-04-03,GM,Gambia,AFRO,2.0,11990,0.0,365
2022-04-10,GM,Gambia,AFRO,0.0,11990,0.0,365
2022-04-17,GM,Gambia,AFRO,4.0,11994,0.0,365
2022-04-24,GM,Gambia,AFRO,1.0,11995,0.0,365
2022-05-01,GM,Gambia,AFRO,1.0,11996,0.0,365
2022-05-08,GM,Gambia,AFRO,0.0,11996,0.0,365
2022-05-15,GM,Gambia,AFRO,3.0,11999,0.0,365
2022-05-22,GM,Gambia,AFRO,3.0,12002,0.0,365
2022-05-29,GM,Gambia,AFRO,1.0,12003,0.0,365
2022-06-05,GM,Gambia,AFRO,2.0,12005,0.0,365
2022-06-12,GM,Gambia,AFRO,2.0,12007,0.0,365
2022-06-19,GM,Gambia,AFRO,2.0,12009,0.0,365
2022-06-26,GM,Gambia,AFRO,0.0,12009,0.0,365
2022-07-03,GM,Gambia,AFRO,0.0,12009,0.0,365
2022-07-10,GM,Gambia,AFRO,0.0,12009,0.0,365
2022-07-17,GM,Gambia,AFRO,39.0,12048,3.0,368
2022-07-24,GM,Gambia,AFRO,43.0,12091,0.0,368
2022-07-31,GM,Gambia,AFRO,58.0,12149,0.0,368
2022-08-07,GM,Gambia,AFRO,89.0,12238,0.0,368
2022-08-14,GM,Gambia,AFRO,73.0,12311,3.0,371
2022-08-21,GM,Gambia,AFRO,34.0,12345,0.0,371
2022-08-28,GM,Gambia,AFRO,35.0,12380,0.0,371
2022-09-04,GM,Gambia,AFRO,27.0,12407,0.0,371
2022-09-11,GM,Gambia,AFRO,8.0,12415,1.0,372
2022-09-18,GM,Gambia,AFRO,0.0,12415,0.0,372
2022-09-25,GM,Gambia,AFRO,27.0,12442,0.0,372
2022-10-02,GM,Gambia,AFRO,0.0,12442,0.0,372
2022-10-09,GM,Gambia,AFRO,0.0,12442,0.0,372
2022-10-16,GM,Gambia,AFRO,0.0,12442,0.0,372
2022-10-23,GM,Gambia,AFRO,0.0,12442,0.0,372
2022-10-30,GM,Gambia,AFRO,121.0,12563,0.0,372
2022-11-06,GM,Gambia,AFRO,23.0,12586,0.0,372
2022-11-13,GM,Gambia,AFRO,0.0,12586,0.0,372
2022-11-20,GM,Gambia,AFRO,0.0,12586,0.0,372
2022-11-27,GM,Gambia,AFRO,0.0,12586,0.0,372
2022-12-04,GM,Gambia,AFRO,0.0,12586,0.0,372
2022-12-11,GM,Gambia,AFRO,0.0,12586,0.0,372
2022-12-18,GM,Gambia,AFRO,0.0,12586,0.0,372
2022-12-25,GM,Gambia,AFRO,0.0,12586,0.0,372
2023-01-01,GM,Gambia,AFRO,0.0,12586,0.0,372
2023-01-08,GM,Gambia,AFRO,0.0,12586,0.0,372
2023-01-15,GM,Gambia,AFRO,0.0,12586,0.0,372
2023-01-22,GM,Gambia,AFRO,0.0,12586,0.0,372
2023-01-29,GM,Gambia,AFRO,0.0,12586,0.0,372
2023-02-05,GM,Gambia,AFRO,7.0,12593,0.0,372
2023-02-12,GM,Gambia,AFRO,0.0,12593,0.0,372
2023-02-19,GM,Gambia,AFRO,1.0,12594,0.0,372
2023-02-26,GM,Gambia,AFRO,2.0,12596,0.0,372
2023-03-05,GM,Gambia,AFRO,2.0,12598,0.0,372
2023-03-12,GM,Gambia,AFRO,3.0,12601,0.0,372
2023-03-19,GM,Gambia,AFRO,5.0,12606,0.0,372
2023-03-26,GM,Gambia,AFRO,0.0,12606,0.0,372
2023-04-02,GM,Gambia,AFRO,16.0,12622,0.0,372
2023-04-09,GM,Gambia,AFRO,0.0,12622,0.0,372
2023-04-16,GM,Gambia,AFRO,4.0,12626,0.0,372
2023-04-23,GM,Gambia,AFRO,0.0,12626,0.0,372
2023-04-30,GM,Gambia,AFRO,0.0,12626,0.0,372
2023-05-07,GM,Gambia,AFRO,0.0,12626,0.0,372
2023-05-14,GM,Gambia,AFRO,0.0,12626,0.0,372
2023-05-21,GM,Gambia,AFRO,0.0,12626,0.0,372
2023-05-28,GM,Gambia,AFRO,0.0,12626,0.0,372
2023-06-04,GM,Gambia,AFRO,0.0,12626,0.0,372
2023-06-11,GM,Gambia,AFRO,0.0,12626,0.0,372
2023-06-18,GM,Gambia,AFRO,0.0,12626,0.0,372
2023-06-25,GM,Gambia,AFRO,0.0,12626,0.0,372
2023-07-02,GM,Gambia,AFRO,0.0,12626,0.0,372
2023-07-09,GM,Gambia,AFRO,0.0,12626,0.0,372
2023-07-16,GM,Gambia,AFRO,0.0,12626,0.0,372
2023-07-23,GM,Gambia,AFRO,0.0,12626,0.0,372
2023-07-30,GM,Gambia,AFRO,0.0,12626,0.0,372
2023-08-06,GM,Gambia,AFRO,0.0,12626,0.0,372
2023-08-13,GM,Gambia,AFRO,0.0,12626,0.0,372
2023-08-20,GM,Gambia,AFRO,0.0,12626,0.0,372
2023-08-27,GM,Gambia,AFRO,0.0,12626,0.0,372
2023-09-03,GM,Gambia,AFRO,0.0,12626,0.0,372
2023-09-10,GM,Gambia,AFRO,0.0,12626,0.0,372
2023-09-17,GM,Gambia,AFRO,0.0,12626,0.0,372
2023-09-24,GM,Gambia,AFRO,0.0,12626,0.0,372
2023-10-01,GM,Gambia,AFRO,0.0,12626,0.0,372
2023-10-08,GM,Gambia,AFRO,0.0,12626,0.0,372
2023-10-15,GM,Gambia,AFRO,0.0,12626,0.0,372
2023-10-22,GM,Gambia,AFRO,0.0,12626,0.0,372
2023-10-29,GM,Gambia,AFRO,0.0,12626,0.0,372
2023-11-05,GM,Gambia,AFRO,0.0,12626,0.0,372
2023-11-12,GM,Gambia,AFRO,0.0,12626,0.0,372
2023-11-19,GM,Gambia,AFRO,0.0,12626,0.0,372
2023-11-26,GM,Gambia,AFRO,0.0,12626,0.0,372
2023-12-03,GM,Gambia,AFRO,0.0,12626,0.0,372
2023-12-10,GM,Gambia,AFRO,0.0,12626,0.0,372
2023-12-17,GM,Gambia,AFRO,0.0,12626,0.0,372
2023-12-24,GM,Gambia,AFRO,0.0,12626,0.0,372
2023-12-31,GM,Gambia,AFRO,0.0,12626,0.0,372
2024-01-07,GM,Gambia,AFRO,0.0,12626,0.0,372
2024-01-14,GM,Gambia,AFRO,0.0,12626,0.0,372
2024-01-21,GM,Gambia,AFRO,0.0,12626,0.0,372
2024-01-28,GM,Gambia,AFRO,0.0,12626,0.0,372
2024-02-04,GM,Gambia,AFRO,0.0,12626,0.0,372
2024-02-11,GM,Gambia,AFRO,0.0,12626,0.0,372
2024-02-18,GM,Gambia,AFRO,0.0,12626,0.0,372
2024-02-25,GM,Gambia,AFRO,0.0,12626,0.0,372
2024-03-03,GM,Gambia,AFRO,0.0,12626,0.0,372
2024-03-10,GM,Gambia,AFRO,0.0,12626,0.0,372
2024-03-17,GM,Gambia,AFRO,0.0,12626,0.0,372
2024-03-24,GM,Gambia,AFRO,0.0,12626,0.0,372
2024-03-31,GM,Gambia,AFRO,0.0,12626,0.0,372
2024-04-07,GM,Gambia,AFRO,0.0,12626,0.0,372
2024-04-14,GM,Gambia,AFRO,0.0,12626,0.0,372
2024-04-21,GM,Gambia,AFRO,0.0,12626,0.0,372
2024-04-28,GM,Gambia,AFRO,0.0,12626,0.0,372
