Date_reported,Country_code,Country,WHO_region,New_cases,Cumulative_cases,New_deaths,Cumulative_deaths
2020-03-15,GP,Guadeloupe,,1.0,1,0.0,0
2020-03-22,GP,Guadeloupe,,50.0,51,0.0,0
2020-03-29,GP,Guadeloupe,,45.0,96,2.0,2
2020-04-05,GP,Guadeloupe,,34.0,130,5.0,7
2020-04-12,GP,Guadeloupe,,13.0,143,1.0,8
2020-04-19,GP,Guadeloupe,,2.0,145,3.0,11
2020-04-26,GP,Guadeloupe,,4.0,149,1.0,12
2020-05-03,GP,Guadeloupe,,3.0,152,0.0,12
2020-05-10,GP,Guadeloupe,,2.0,154,1.0,13
2020-05-17,GP,Guadeloupe,,1.0,155,0.0,13
2020-05-24,GP,Guadeloupe,,1.0,156,0.0,13
2020-05-31,GP,Guadeloupe,,6.0,162,1.0,14
2020-06-07,GP,Guadeloupe,,2.0,164,0.0,14
2020-06-14,GP,Guadeloupe,,7.0,171,0.0,14
2020-06-21,GP,Guadeloupe,,3.0,174,0.0,14
2020-06-28,GP,Guadeloupe,,8.0,182,0.0,14
2020-07-05,GP,Guadeloupe,,2.0,184,0.0,14
2020-07-12,GP,Guadeloupe,,6.0,190,0.0,14
2020-07-19,GP,Guadeloupe,,5.0,195,0.0,14
2020-07-26,GP,Guadeloupe,,8.0,203,0.0,14
2020-08-02,GP,Guadeloupe,,62.0,265,0.0,14
2020-08-09,GP,Guadeloupe,,25.0,290,0.0,14
2020-08-16,GP,Guadeloupe,,156.0,446,0.0,14
2020-08-23,GP,Guadeloupe,,325.0,771,1.0,15
2020-08-30,GP,Guadeloupe,,164.0,935,0.0,15
2020-09-06,GP,Guadeloupe,,428.0,1363,5.0,20
2020-09-13,GP,Guadeloupe,,1717.0,3080,4.0,24
2020-09-20,GP,Guadeloupe,,346.0,3426,2.0,26
2020-09-27,GP,Guadeloupe,,1528.0,4954,16.0,42
2020-10-04,GP,Guadeloupe,,949.0,5903,33.0,75
2020-10-11,GP,Guadeloupe,,580.0,6483,20.0,95
2020-10-18,GP,Guadeloupe,,639.0,7122,16.0,111
2020-10-25,GP,Guadeloupe,,352.0,7474,16.0,127
2020-11-01,GP,Guadeloupe,,268.0,7742,-1.0,126
2020-11-08,GP,Guadeloupe,,161.0,7903,7.0,133
2020-11-15,GP,Guadeloupe,,195.0,8098,6.0,139
2020-11-22,GP,Guadeloupe,,127.0,8225,5.0,144
2020-11-29,GP,Guadeloupe,,119.0,8344,5.0,149
2020-12-06,GP,Guadeloupe,,83.0,8427,0.0,149
2020-12-13,GP,Guadeloupe,,24.0,8451,3.0,152
2020-12-20,GP,Guadeloupe,,106.0,8557,3.0,155
2020-12-27,GP,Guadeloupe,,63.0,8620,0.0,155
2021-01-03,GP,Guadeloupe,,0.0,8620,0.0,155
2021-01-10,GP,Guadeloupe,,82.0,8702,0.0,155
2021-01-17,GP,Guadeloupe,,132.0,8834,1.0,156
2021-01-24,GP,Guadeloupe,,222.0,9056,1.0,157
2021-01-31,GP,Guadeloupe,,100.0,9156,0.0,157
2021-02-07,GP,Guadeloupe,,0.0,9156,1.0,158
2021-02-14,GP,Guadeloupe,,299.0,9455,2.0,160
2021-02-21,GP,Guadeloupe,,0.0,9455,0.0,160
2021-02-28,GP,Guadeloupe,,513.0,9968,4.0,164
2021-03-07,GP,Guadeloupe,,490.0,10458,4.0,168
2021-03-14,GP,Guadeloupe,,267.0,10725,0.0,168
2021-03-21,GP,Guadeloupe,,370.0,11095,1.0,169
2021-03-28,GP,Guadeloupe,,417.0,11512,9.0,178
2021-04-04,GP,Guadeloupe,,378.0,11890,5.0,183
2021-04-11,GP,Guadeloupe,,414.0,12304,6.0,189
2021-04-18,GP,Guadeloupe,,623.0,12927,5.0,194
2021-04-25,GP,Guadeloupe,,843.0,13770,17.0,211
2021-05-02,GP,Guadeloupe,,864.0,14634,17.0,228
2021-05-09,GP,Guadeloupe,,795.0,15429,8.0,236
2021-05-16,GP,Guadeloupe,,650.0,16079,9.0,245
2021-05-23,GP,Guadeloupe,,438.0,16517,10.0,255
2021-05-30,GP,Guadeloupe,,357.0,16874,0.0,255
2021-06-06,GP,Guadeloupe,,234.0,17108,5.0,260
2021-06-13,GP,Guadeloupe,,180.0,17288,5.0,265
2021-06-20,GP,Guadeloupe,,139.0,17427,1.0,266
2021-06-27,GP,Guadeloupe,,112.0,17539,1.0,267
2021-07-04,GP,Guadeloupe,,145.0,17684,3.0,270
2021-07-11,GP,Guadeloupe,,125.0,17809,4.0,274
2021-07-18,GP,Guadeloupe,,173.0,17982,4.0,278
2021-07-25,GP,Guadeloupe,,331.0,18313,2.0,280
2021-08-01,GP,Guadeloupe,,1093.0,19406,3.0,283
2021-08-08,GP,Guadeloupe,,3220.0,22626,8.0,291
2021-08-15,GP,Guadeloupe,,7134.0,29760,44.0,335
2021-08-22,GP,Guadeloupe,,8195.0,37955,54.0,389
2021-08-29,GP,Guadeloupe,,7438.0,45393,114.0,503
2021-09-05,GP,Guadeloupe,,4122.0,49515,103.0,606
2021-09-12,GP,Guadeloupe,,1970.0,51485,89.0,695
2021-09-19,GP,Guadeloupe,,978.0,52463,52.0,747
2021-09-26,GP,Guadeloupe,,643.0,53106,20.0,767
2021-10-03,GP,Guadeloupe,,438.0,53544,18.0,785
2021-10-10,GP,Guadeloupe,,292.0,53836,15.0,800
2021-10-17,GP,Guadeloupe,,259.0,54095,9.0,809
2021-10-24,GP,Guadeloupe,,193.0,54288,6.0,815
2021-10-31,GP,Guadeloupe,,186.0,54474,5.0,820
2021-11-07,GP,Guadeloupe,,198.0,54672,2.0,822
2021-11-14,GP,Guadeloupe,,182.0,54854,0.0,822
2021-11-21,GP,Guadeloupe,,226.0,55080,1.0,823
2021-11-28,GP,Guadeloupe,,0.0,55080,0.0,823
2021-12-05,GP,Guadeloupe,,138.0,55218,2.0,825
2021-12-12,GP,Guadeloupe,,157.0,55375,3.0,828
2021-12-19,GP,Guadeloupe,,189.0,55564,2.0,830
2021-12-26,GP,Guadeloupe,,231.0,55795,1.0,831
2022-01-02,GP,Guadeloupe,,720.0,56515,1.0,832
2022-01-09,GP,Guadeloupe,,4138.0,60653,1.0,833
2022-01-16,GP,Guadeloupe,,13007.0,73660,2.0,835
2022-01-23,GP,Guadeloupe,,17089.0,90749,9.0,844
2022-01-30,GP,Guadeloupe,,13430.0,104179,11.0,855
2022-02-06,GP,Guadeloupe,,8489.0,112668,18.0,873
2022-02-13,GP,Guadeloupe,,5509.0,118177,16.0,889
2022-02-20,GP,Guadeloupe,,4034.0,122211,20.0,909
2022-02-27,GP,Guadeloupe,,2317.0,124528,9.0,918
2022-03-06,GP,Guadeloupe,,1728.0,126256,1.0,919
2022-03-13,GP,Guadeloupe,,2097.0,128353,5.0,924
2022-03-20,GP,Guadeloupe,,4006.0,132359,4.0,928
2022-03-27,GP,Guadeloupe,,3622.0,135981,3.0,931
2022-04-03,GP,Guadeloupe,,3535.0,139516,7.0,938
2022-04-10,GP,Guadeloupe,,3057.0,142573,2.0,940
2022-04-17,GP,Guadeloupe,,2655.0,145228,1.0,941
2022-04-24,GP,Guadeloupe,,2379.0,147607,1.0,942
2022-05-01,GP,Guadeloupe,,2348.0,149955,2.0,944
2022-05-08,GP,Guadeloupe,,2561.0,152516,1.0,945
2022-05-15,GP,Guadeloupe,,2576.0,155092,0.0,945
2022-05-22,GP,Guadeloupe,,2773.0,157865,2.0,947
2022-05-29,GP,Guadeloupe,,2498.0,160363,1.0,948
2022-06-05,GP,Guadeloupe,,1827.0,162190,1.0,949
2022-06-12,GP,Guadeloupe,,2135.0,164325,1.0,950
2022-06-19,GP,Guadeloupe,,2099.0,166424,0.0,950
2022-06-26,GP,Guadeloupe,,2290.0,168714,5.0,955
2022-07-03,GP,Guadeloupe,,2717.0,171431,2.0,957
2022-07-10,GP,Guadeloupe,,3917.0,175348,1.0,958
2022-07-17,GP,Guadeloupe,,3937.0,179285,2.0,960
2022-07-24,GP,Guadeloupe,,3733.0,183018,5.0,965
2022-07-31,GP,Guadeloupe,,3362.0,186380,6.0,971
2022-08-07,GP,Guadeloupe,,2236.0,188616,4.0,975
2022-08-14,GP,Guadeloupe,,1438.0,190054,3.0,978
2022-08-21,GP,Guadeloupe,,1063.0,191117,4.0,982
2022-08-28,GP,Guadeloupe,,880.0,191997,4.0,986
2022-09-04,GP,Guadeloupe,,767.0,192764,0.0,986
2022-09-11,GP,Guadeloupe,,729.0,193493,1.0,987
2022-09-18,GP,Guadeloupe,,653.0,194146,2.0,989
2022-09-25,GP,Guadeloupe,,563.0,194709,1.0,990
2022-10-02,GP,Guadeloupe,,505.0,195214,0.0,990
2022-10-09,GP,Guadeloupe,,379.0,195593,0.0,990
2022-10-16,GP,Guadeloupe,,361.0,195954,1.0,991
2022-10-23,GP,Guadeloupe,,316.0,196270,2.0,993
2022-10-30,GP,Guadeloupe,,0.0,196270,0.0,993
2022-11-06,GP,Guadeloupe,,455.0,196725,0.0,993
2022-11-13,GP,Guadeloupe,,380.0,197105,0.0,993
2022-11-20,GP,Guadeloupe,,389.0,197494,2.0,995
2022-11-27,GP,Guadeloupe,,0.0,197494,0.0,995
2022-12-04,GP,Guadeloupe,,824.0,198318,0.0,995
2022-12-11,GP,Guadeloupe,,290.0,198608,2.0,997
2022-12-18,GP,Guadeloupe,,716.0,199324,2.0,999
2022-12-25,GP,Guadeloupe,,664.0,199988,0.0,999
2023-01-01,GP,Guadeloupe,,545.0,200533,1.0,1000
2023-01-08,GP,Guadeloupe,,432.0,200965,3.0,1003
2023-01-15,GP,Guadeloupe,,277.0,201242,3.0,1006
2023-01-22,GP,Guadeloupe,,152.0,201394,1.0,1007
2023-01-29,GP,Guadeloupe,,169.0,201563,2.0,1009
2023-02-05,GP,Guadeloupe,,141.0,201704,1.0,1010
2023-02-12,GP,Guadeloupe,,92.0,201796,0.0,1010
2023-02-19,GP,Guadeloupe,,56.0,201852,0.0,1010
2023-02-26,GP,Guadeloupe,,15.0,201867,0.0,1010
2023-03-05,GP,Guadeloupe,,19.0,201886,0.0,1010
2023-03-12,GP,Guadeloupe,,52.0,201938,0.0,1010
2023-03-19,GP,Guadeloupe,,121.0,202059,0.0,1010
2023-03-26,GP,Guadeloupe,,104.0,202163,2.0,1012
2023-04-02,GP,Guadeloupe,,0.0,202163,0.0,1012
2023-04-09,GP,Guadeloupe,,0.0,202163,0.0,1012
2023-04-16,GP,Guadeloupe,,201.0,202364,3.0,1015
2023-04-23,GP,Guadeloupe,,118.0,202482,2.0,1017
2023-04-30,GP,Guadeloupe,,171.0,202653,0.0,1017
2023-05-07,GP,Guadeloupe,,0.0,202653,0.0,1017
2023-05-14,GP,Guadeloupe,,0.0,202653,0.0,1017
2023-05-21,GP,Guadeloupe,,183.0,202836,0.0,1017
2023-05-28,GP,Guadeloupe,,0.0,202836,0.0,1017
2023-06-04,GP,Guadeloupe,,0.0,202836,0.0,1017
2023-06-11,GP,Guadeloupe,,0.0,202836,0.0,1017
2023-06-18,GP,Guadeloupe,,0.0,202836,0.0,1017
2023-06-25,GP,Guadeloupe,,399.0,203235,4.0,1021
2023-07-02,GP,Guadeloupe,,0.0,203235,0.0,1021
2023-07-09,GP,Guadeloupe,,0.0,203235,0.0,1021
2023-07-16,GP,Guadeloupe,,0.0,203235,0.0,1021
2023-07-23,GP,Guadeloupe,,0.0,203235,0.0,1021
2023-07-30,GP,Guadeloupe,,0.0,203235,0.0,1021
2023-08-06,GP,Guadeloupe,,0.0,203235,0.0,1021
2023-08-13,GP,Guadeloupe,,0.0,203235,0.0,1021
2023-08-20,GP,Guadeloupe,,0.0,203235,0.0,1021
2023-08-27,GP,Guadeloupe,,0.0,203235,0.0,1021
2023-09-03,GP,Guadeloupe,,0.0,203235,0.0,1021
2023-09-10,GP,Guadeloupe,,0.0,203235,0.0,1021
2023-09-17,GP,Guadeloupe,,0.0,203235,0.0,1021
2023-09-24,GP,Guadeloupe,,0.0,203235,0.0,1021
2023-10-01,GP,Guadeloupe,,0.0,203235,0.0,1021
2023-10-08,GP,Guadeloupe,,0.0,203235,0.0,1021
2023-10-15,GP,Guadeloupe,,0.0,203235,0.0,1021
2023-10-22,GP,Guadeloupe,,0.0,203235,0.0,1021
2023-10-29,GP,Guadeloupe,,0.0,203235,0.0,1021
2023-11-05,GP,Guadeloupe,,0.0,203235,0.0,1021
2023-11-12,GP,Guadeloupe,,0.0,203235,0.0,1021
2023-11-19,GP,Guadeloupe,,0.0,203235,0.0,1021
2023-11-26,GP,Guadeloupe,,0.0,203235,0.0,1021
2023-12-03,GP,Guadeloupe,,0.0,203235,0.0,1021
2023-12-10,GP,Guadeloupe,,0.0,203235,0.0,1021
2023-12-17,GP,Guadeloupe,,0.0,203235,0.0,1021
2023-12-24,GP,Guadeloupe,,0.0,203235,0.0,1021
2023-12-31,GP,Guadeloupe,,0.0,203235,0.0,1021
2024-01-07,GP,Guadeloupe,,0.0,203235,0.0,1021
2024-01-14,GP,Guadeloupe,,0.0,203235,0.0,1021
2024-01-21,GP,Guadeloupe,,0.0,203235,0.0,1021
2024-01-28,GP,Guadeloupe,,0.0,203235,0.0,1021
2024-02-04,GP,Guadeloupe,,0.0,203235,0.0,1021
2024-02-11,GP,Guadeloupe,,0.0,203235,0.0,1021
2024-02-18,GP,Guadeloupe,,0.0,203235,0.0,1021
2024-02-25,GP,Guadeloupe,,0.0,203235,0.0,1021
2024-03-03,GP,Guadeloupe,,0.0,203235,0.0,1021
2024-03-10,GP,Guadeloupe,,0.0,203235,0.0,1021
2024-03-17,GP,Guadeloupe,,0.0,203235,0.0,1021
2024-03-24,GP,Guadeloupe,,0.0,203235,0.0,1021
2024-03-31,GP,Guadeloupe,,0.0,203235,0.0,1021
2024-04-07,GP,Guadeloupe,,0.0,203235,0.0,1021
2024-04-14,GP,Guadeloupe,,0.0,203235,0.0,1021
2024-04-21,GP,Guadeloupe,,0.0,203235,0.0,1021
2024-04-28,GP,Guadeloupe,,0.0,203235,0.0,1021
