Date_reported,Country_code,Country,WHO_region,New_cases,Cumulative_cases,New_deaths,Cumulative_deaths
2020-03-01,GR,Greece,EURO,6.0,6,0.0,0
2020-03-08,GR,Greece,EURO,80.0,86,0.0,0
2020-03-15,GR,Greece,EURO,327.0,413,4.0,4
2020-03-22,GR,Greece,EURO,381.0,794,13.0,17
2020-03-29,GR,Greece,EURO,538.0,1332,25.0,42
2020-04-05,GR,Greece,EURO,534.0,1866,35.0,77
2020-04-12,GR,Greece,EURO,289.0,2155,22.0,99
2020-04-19,GR,Greece,EURO,118.0,2273,14.0,113
2020-04-26,GR,Greece,EURO,303.0,2576,21.0,134
2020-05-03,GR,Greece,EURO,104.0,2680,10.0,144
2020-05-10,GR,Greece,EURO,100.0,2780,9.0,153
2020-05-17,GR,Greece,EURO,104.0,2884,13.0,166
2020-05-24,GR,Greece,EURO,47.0,2931,7.0,173
2020-05-31,GR,Greece,EURO,47.0,2978,6.0,179
2020-06-07,GR,Greece,EURO,135.0,3113,3.0,182
2020-06-14,GR,Greece,EURO,120.0,3233,2.0,184
2020-06-21,GR,Greece,EURO,114.0,3347,6.0,190
2020-06-28,GR,Greece,EURO,119.0,3466,1.0,191
2020-07-05,GR,Greece,EURO,204.0,3670,1.0,192
2020-07-12,GR,Greece,EURO,257.0,3927,2.0,194
2020-07-19,GR,Greece,EURO,176.0,4103,1.0,195
2020-07-26,GR,Greece,EURO,247.0,4350,7.0,202
2020-08-02,GR,Greece,EURO,560.0,4910,6.0,208
2020-08-09,GR,Greece,EURO,1081.0,5991,6.0,214
2020-08-16,GR,Greece,EURO,1597.0,7588,17.0,231
2020-08-23,GR,Greece,EURO,1664.0,9252,14.0,245
2020-08-30,GR,Greece,EURO,1446.0,10698,20.0,265
2020-09-06,GR,Greece,EURO,1345.0,12043,26.0,291
2020-09-13,GR,Greece,EURO,1764.0,13807,20.0,311
2020-09-20,GR,Greece,EURO,2242.0,16049,37.0,348
2020-09-27,GR,Greece,EURO,2194.0,18243,39.0,387
2020-10-04,GR,Greece,EURO,2391.0,20634,27.0,414
2020-10-11,GR,Greece,EURO,2491.0,23125,43.0,457
2020-10-18,GR,Greece,EURO,3349.0,26474,62.0,519
2020-10-25,GR,Greece,EURO,6312.0,32786,65.0,584
2020-11-01,GR,Greece,EURO,11329.0,44115,65.0,649
2020-11-08,GR,Greece,EURO,17509.0,61624,182.0,831
2020-11-15,GR,Greece,EURO,18971.0,80595,342.0,1173
2020-11-22,GR,Greece,EURO,17037.0,97632,590.0,1763
2020-11-29,GR,Greece,EURO,12862.0,110494,684.0,2447
2020-12-06,GR,Greece,EURO,10606.0,121100,702.0,3149
2020-12-13,GR,Greece,EURO,8293.0,129393,605.0,3754
2020-12-20,GR,Greece,EURO,6012.0,135405,525.0,4279
2020-12-27,GR,Greece,EURO,4287.0,139692,403.0,4682
2021-01-03,GR,Greece,EURO,4508.0,144200,320.0,5002
2021-01-10,GR,Greece,EURO,4622.0,148822,280.0,5282
2021-01-17,GR,Greece,EURO,3578.0,152400,199.0,5481
2021-01-24,GR,Greece,EURO,3372.0,155772,177.0,5658
2021-01-31,GR,Greece,EURO,5467.0,161239,167.0,5825
2021-02-07,GR,Greece,EURO,7433.0,168672,171.0,5996
2021-02-14,GR,Greece,EURO,8500.0,177172,154.0,6150
2021-02-21,GR,Greece,EURO,8138.0,185310,183.0,6333
2021-02-28,GR,Greece,EURO,11852.0,197162,219.0,6552
2021-03-07,GR,Greece,EURO,14547.0,211709,271.0,6823
2021-03-14,GR,Greece,EURO,16805.0,228514,361.0,7184
2021-03-21,GR,Greece,EURO,16561.0,245075,392.0,7576
2021-03-28,GR,Greece,EURO,17841.0,262916,435.0,8011
2021-04-04,GR,Greece,EURO,22224.0,285140,515.0,8526
2021-04-11,GR,Greece,EURO,20983.0,306123,517.0,9043
2021-04-18,GR,Greece,EURO,19754.0,325877,560.0,9603
2021-04-25,GR,Greece,EURO,18135.0,344012,520.0,10123
2021-05-02,GR,Greece,EURO,14749.0,358761,507.0,10630
2021-05-09,GR,Greece,EURO,15261.0,374022,512.0,11142
2021-05-16,GR,Greece,EURO,15062.0,389084,348.0,11490
2021-05-23,GR,Greece,EURO,12433.0,401517,342.0,11832
2021-05-30,GR,Greece,EURO,11019.0,412536,269.0,12101
2021-06-06,GR,Greece,EURO,7484.0,420020,219.0,12320
2021-06-13,GR,Greece,EURO,4939.0,424959,137.0,12457
2021-06-20,GR,Greece,EURO,3095.0,428054,129.0,12586
2021-06-27,GR,Greece,EURO,2575.0,430629,104.0,12690
2021-07-04,GR,Greece,EURO,5176.0,435805,63.0,12753
2021-07-11,GR,Greece,EURO,13647.0,449452,56.0,12809
2021-07-18,GR,Greece,EURO,17965.0,467417,66.0,12875
2021-07-25,GR,Greece,EURO,18090.0,485507,44.0,12919
2021-08-01,GR,Greece,EURO,18513.0,504020,87.0,13006
2021-08-08,GR,Greece,EURO,19592.0,523612,115.0,13121
2021-08-15,GR,Greece,EURO,22567.0,546179,146.0,13267
2021-08-22,GR,Greece,EURO,22377.0,568556,208.0,13475
2021-08-29,GR,Greece,EURO,21722.0,590278,236.0,13711
2021-09-05,GR,Greece,EURO,17537.0,607815,251.0,13962
2021-09-12,GR,Greece,EURO,14666.0,622481,278.0,14240
2021-09-19,GR,Greece,EURO,15318.0,637799,269.0,14509
2021-09-26,GR,Greece,EURO,14143.0,651942,218.0,14727
2021-10-03,GR,Greece,EURO,14985.0,666927,242.0,14969
2021-10-10,GR,Greece,EURO,15378.0,682305,212.0,15181
2021-10-17,GR,Greece,EURO,17510.0,699815,252.0,15433
2021-10-24,GR,Greece,EURO,22650.0,722465,254.0,15687
2021-10-31,GR,Greece,EURO,26713.0,749178,326.0,16013
2021-11-07,GR,Greece,EURO,43383.0,792561,348.0,16361
2021-11-14,GR,Greece,EURO,46451.0,839012,470.0,16831
2021-11-21,GR,Greece,EURO,46907.0,885919,583.0,17414
2021-11-28,GR,Greece,EURO,45124.0,931043,632.0,18046
2021-12-05,GR,Greece,EURO,41132.0,972175,638.0,18684
2021-12-12,GR,Greece,EURO,35783.0,1007958,668.0,19352
2021-12-19,GR,Greece,EURO,30829.0,1038787,623.0,19975
2021-12-26,GR,Greece,EURO,46300.0,1085087,530.0,20505
2022-01-02,GR,Greece,EURO,201474.0,1286561,503.0,21008
2022-01-09,GR,Greece,EURO,241321.0,1527882,496.0,21504
2022-01-16,GR,Greece,EURO,145818.0,1673700,615.0,22119
2022-01-23,GR,Greece,EURO,132225.0,1805925,675.0,22794
2022-01-30,GR,Greece,EURO,127646.0,1933571,732.0,23526
2022-02-06,GR,Greece,EURO,124694.0,2058265,714.0,24240
2022-02-13,GR,Greece,EURO,125161.0,2183426,605.0,24845
2022-02-20,GR,Greece,EURO,123794.0,2307220,572.0,25417
2022-02-27,GR,Greece,EURO,104776.0,2411996,452.0,25869
2022-03-06,GR,Greece,EURO,103664.0,2515660,402.0,26271
2022-03-13,GR,Greece,EURO,129982.0,2645642,390.0,26661
2022-03-20,GR,Greece,EURO,152111.0,2797753,367.0,27028
2022-03-27,GR,Greece,EURO,143814.0,2941567,366.0,27394
2022-04-03,GR,Greece,EURO,143843.0,3085410,416.0,27810
2022-04-10,GR,Greece,EURO,98897.0,3184307,456.0,28266
2022-04-17,GR,Greece,EURO,62234.0,3246541,419.0,28685
2022-04-24,GR,Greece,EURO,44022.0,3290563,319.0,29004
2022-05-01,GR,Greece,EURO,45138.0,3335701,269.0,29273
2022-05-08,GR,Greece,EURO,32496.0,3368197,189.0,29462
2022-05-15,GR,Greece,EURO,30781.0,3398978,153.0,29615
2022-05-22,GR,Greece,EURO,26875.0,3425853,132.0,29747
2022-05-29,GR,Greece,EURO,25494.0,3451347,102.0,29849
2022-06-05,GR,Greece,EURO,25086.0,3476433,93.0,29942
2022-06-12,GR,Greece,EURO,30745.0,3507178,99.0,30041
2022-06-19,GR,Greece,EURO,46178.0,3553356,71.0,30112
2022-06-26,GR,Greece,EURO,74364.0,3627720,96.0,30208
2022-07-03,GR,Greece,EURO,104747.0,3732467,129.0,30337
2022-07-10,GR,Greece,EURO,123806.0,3856273,180.0,30517
2022-07-17,GR,Greece,EURO,122642.0,3978915,223.0,30740
2022-07-24,GR,Greece,EURO,111500.0,4090415,307.0,31047
2022-07-31,GR,Greece,EURO,98860.0,4189275,395.0,31442
2022-08-07,GR,Greece,EURO,80050.0,4269325,363.0,31805
2022-08-14,GR,Greece,EURO,58577.0,4327902,295.0,32100
2022-08-21,GR,Greece,EURO,43917.0,4371819,269.0,32369
2022-08-28,GR,Greece,EURO,39307.0,4411126,223.0,32592
2022-09-04,GR,Greece,EURO,31034.0,4442160,188.0,32780
2022-09-11,GR,Greece,EURO,26254.0,4468414,129.0,32909
2022-09-18,GR,Greece,EURO,27374.0,4495788,115.0,33024
2022-09-25,GR,Greece,EURO,33079.0,4528867,101.0,33125
2022-10-02,GR,Greece,EURO,41207.0,4570074,91.0,33216
2022-10-09,GR,Greece,EURO,39791.0,4609865,118.0,33334
2022-10-16,GR,Greece,EURO,43578.0,4653443,114.0,33448
2022-10-23,GR,Greece,EURO,41373.0,4694816,151.0,33599
2022-10-30,GR,Greece,EURO,41133.0,4735949,170.0,33769
2022-11-06,GR,Greece,EURO,46212.0,4782161,152.0,33921
2022-11-13,GR,Greece,EURO,41738.0,4823899,126.0,34047
2022-11-20,GR,Greece,EURO,39464.0,4863363,166.0,34213
2022-11-27,GR,Greece,EURO,31609.0,4894972,132.0,34345
2022-12-04,GR,Greece,EURO,31490.0,4926462,159.0,34504
2022-12-11,GR,Greece,EURO,36508.0,4962970,144.0,34648
2022-12-18,GR,Greece,EURO,33272.0,4996242,158.0,34806
2022-12-25,GR,Greece,EURO,26921.0,5023163,170.0,34976
2023-01-01,GR,Greece,EURO,34711.0,5057874,154.0,35130
2023-01-08,GR,Greece,EURO,39318.0,5097192,169.0,35299
2023-01-15,GR,Greece,EURO,34620.0,5131812,206.0,35505
2023-01-22,GR,Greece,EURO,24354.0,5156166,183.0,35688
2023-01-29,GR,Greece,EURO,15380.0,5171546,179.0,35867
2023-02-05,GR,Greece,EURO,12032.0,5183578,120.0,35987
2023-02-12,GR,Greece,EURO,11224.0,5194802,113.0,36100
2023-02-19,GR,Greece,EURO,13029.0,5207831,101.0,36201
2023-02-26,GR,Greece,EURO,14969.0,5222800,93.0,36294
2023-03-05,GR,Greece,EURO,13365.0,5236165,96.0,36390
2023-03-12,GR,Greece,EURO,10361.0,5246526,76.0,36466
2023-03-19,GR,Greece,EURO,7500.0,5254026,77.0,36543
2023-03-26,GR,Greece,EURO,7318.0,5261344,66.0,36609
2023-04-02,GR,Greece,EURO,7142.0,5268486,50.0,36659
2023-04-09,GR,Greece,EURO,6466.0,5274952,48.0,36707
2023-04-16,GR,Greece,EURO,6149.0,5281101,46.0,36753
2023-04-23,GR,Greece,EURO,8656.0,5289757,47.0,36800
2023-04-30,GR,Greece,EURO,7292.0,5297049,61.0,36861
2023-05-07,GR,Greece,EURO,6621.0,5303670,55.0,36916
2023-05-14,GR,Greece,EURO,7212.0,5310882,56.0,36972
2023-05-21,GR,Greece,EURO,7592.0,5318474,56.0,37028
2023-05-28,GR,Greece,EURO,6130.0,5324604,49.0,37077
2023-06-04,GR,Greece,EURO,4259.0,5328863,44.0,37121
2023-06-11,GR,Greece,EURO,3145.0,5332008,39.0,37160
2023-06-18,GR,Greece,EURO,2467.0,5334475,20.0,37180
2023-06-25,GR,Greece,EURO,2367.0,5336842,20.0,37200
2023-07-02,GR,Greece,EURO,1850.0,5338692,18.0,37218
2023-07-09,GR,Greece,EURO,1873.0,5340565,16.0,37234
2023-07-16,GR,Greece,EURO,1989.0,5342554,17.0,37251
2023-07-23,GR,Greece,EURO,2598.0,5345152,17.0,37268
2023-07-30,GR,Greece,EURO,3375.0,5348527,26.0,37294
2023-08-06,GR,Greece,EURO,4424.0,5352951,27.0,37321
2023-08-13,GR,Greece,EURO,5477.0,5358428,21.0,37342
2023-08-20,GR,Greece,EURO,5781.0,5364209,37.0,37379
2023-08-27,GR,Greece,EURO,6876.0,5371085,43.0,37422
2023-09-03,GR,Greece,EURO,7378.0,5378463,39.0,37461
2023-09-10,GR,Greece,EURO,7542.0,5386005,39.0,37500
2023-09-17,GR,Greece,EURO,8636.0,5394641,44.0,37544
2023-09-24,GR,Greece,EURO,11333.0,5405974,44.0,37588
2023-10-01,GR,Greece,EURO,11478.0,5417452,56.0,37644
2023-10-08,GR,Greece,EURO,12532.0,5429984,55.0,37699
2023-10-15,GR,Greece,EURO,13137.0,5443121,55.0,37754
2023-10-22,GR,Greece,EURO,11849.0,5454970,52.0,37806
2023-10-29,GR,Greece,EURO,9555.0,5464525,63.0,37869
2023-11-05,GR,Greece,EURO,9281.0,5473806,62.0,37931
2023-11-12,GR,Greece,EURO,7757.0,5481563,57.0,37988
2023-11-19,GR,Greece,EURO,7799.0,5489362,30.0,38018
2023-11-26,GR,Greece,EURO,8348.0,5497710,47.0,38065
2023-12-03,GR,Greece,EURO,9898.0,5507608,46.0,38111
2023-12-10,GR,Greece,EURO,11906.0,5519514,59.0,38170
2023-12-17,GR,Greece,EURO,14576.0,5534090,74.0,38244
2023-12-24,GR,Greece,EURO,16943.0,5551033,83.0,38327
2023-12-31,GR,Greece,EURO,19324.0,5570357,94.0,38421
2024-01-07,GR,Greece,EURO,17912.0,5588269,111.0,38532
2024-01-14,GR,Greece,EURO,12165.0,5600434,121.0,38653
2024-01-21,GR,Greece,EURO,7117.0,5607551,91.0,38744
2024-01-28,GR,Greece,EURO,4361.0,5611912,70.0,38814
2024-02-04,GR,Greece,EURO,3497.0,5615409,35.0,38849
2024-02-11,GR,Greece,EURO,3407.0,5618816,43.0,38892
2024-02-18,GR,Greece,EURO,2381.0,5621197,23.0,38915
2024-02-25,GR,Greece,EURO,1958.0,5623155,19.0,38934
2024-03-03,GR,Greece,EURO,1422.0,5624577,14.0,38948
2024-03-10,GR,Greece,EURO,1084.0,5625661,14.0,38962
2024-03-17,GR,Greece,EURO,1266.0,5626927,9.0,38971
2024-03-24,GR,Greece,EURO,694.0,5627621,7.0,38978
2024-03-31,GR,Greece,EURO,917.0,5628538,9.0,38987
2024-04-07,GR,Greece,EURO,1001.0,5629539,6.0,38993
2024-04-14,GR,Greece,EURO,1179.0,5630718,4.0,38997
2024-04-21,GR,Greece,EURO,1325.0,5632043,6.0,39003
2024-04-28,GR,Greece,EURO,995.0,5633038,1.0,39004
