Date_reported,Country_code,Country,WHO_region,New_cases,Cumulative_cases,New_deaths,Cumulative_deaths
2020-03-15,GT,Guatemala,AMRO,1.0,1,0.0,0
2020-03-22,GT,Guatemala,AMRO,11.0,12,1.0,1
2020-03-29,GT,Guatemala,AMRO,65.0,77,0.0,1
2020-04-05,GT,Guatemala,AMRO,-27.0,50,0.0,1
2020-04-12,GT,Guatemala,AMRO,87.0,137,2.0,3
2020-04-19,GT,Guatemala,AMRO,98.0,235,4.0,7
2020-04-26,GT,Guatemala,AMRO,195.0,430,6.0,13
2020-05-03,GT,Guatemala,AMRO,214.0,644,5.0,18
2020-05-10,GT,Guatemala,AMRO,256.0,900,6.0,24
2020-05-17,GT,Guatemala,AMRO,743.0,1643,6.0,30
2020-05-24,GT,Guatemala,AMRO,1100.0,2743,23.0,53
2020-05-31,GT,Guatemala,AMRO,1864.0,4607,37.0,90
2020-06-07,GT,Guatemala,AMRO,1878.0,6485,126.0,216
2020-06-14,GT,Guatemala,AMRO,2497.0,8982,135.0,351
2020-06-21,GT,Guatemala,AMRO,3527.0,12509,132.0,483
2020-06-28,GT,Guatemala,AMRO,3319.0,15828,189.0,672
2020-07-05,GT,Guatemala,AMRO,5465.0,21293,208.0,880
2020-07-12,GT,Guatemala,AMRO,6326.0,27619,259.0,1139
2020-07-19,GT,Guatemala,AMRO,6190.0,33809,304.0,1443
2020-07-26,GT,Guatemala,AMRO,10683.0,44492,256.0,1699
2020-08-02,GT,Guatemala,AMRO,6487.0,50979,258.0,1957
2020-08-09,GT,Guatemala,AMRO,5210.0,56189,240.0,2197
2020-08-16,GT,Guatemala,AMRO,6124.0,62313,158.0,2355
2020-08-23,GT,Guatemala,AMRO,5543.0,67856,225.0,2580
2020-08-30,GT,Guatemala,AMRO,5823.0,73679,148.0,2728
2020-09-06,GT,Guatemala,AMRO,3802.0,77481,117.0,2845
2020-09-13,GT,Guatemala,AMRO,4177.0,81658,104.0,2949
2020-09-20,GT,Guatemala,AMRO,3494.0,85152,156.0,3105
2020-09-27,GT,Guatemala,AMRO,4550.0,89702,108.0,3213
2020-10-04,GT,Guatemala,AMRO,4046.0,93748,72.0,3285
2020-10-11,GT,Guatemala,AMRO,3796.0,97544,80.0,3365
2020-10-18,GT,Guatemala,AMRO,3484.0,101028,150.0,3515
2020-10-25,GT,Guatemala,AMRO,3604.0,104632,94.0,3609
2020-11-01,GT,Guatemala,AMRO,3307.0,107939,120.0,3729
2020-11-08,GT,Guatemala,AMRO,3111.0,111050,82.0,3811
2020-11-15,GT,Guatemala,AMRO,3669.0,114719,109.0,3920
2020-11-22,GT,Guatemala,AMRO,3698.0,118417,154.0,4074
2020-11-29,GT,Guatemala,AMRO,3381.0,121798,87.0,4161
2020-12-06,GT,Guatemala,AMRO,3554.0,125352,78.0,4239
2020-12-13,GT,Guatemala,AMRO,3747.0,129099,166.0,4405
2020-12-20,GT,Guatemala,AMRO,3496.0,132595,219.0,4624
2020-12-27,GT,Guatemala,AMRO,2576.0,135171,139.0,4763
2021-01-03,GT,Guatemala,AMRO,3145.0,138316,64.0,4827
2021-01-10,GT,Guatemala,AMRO,4811.0,143127,172.0,4999
2021-01-17,GT,Guatemala,AMRO,5471.0,148598,221.0,5220
2021-01-24,GT,Guatemala,AMRO,5292.0,153890,236.0,5456
2021-01-31,GT,Guatemala,AMRO,5228.0,159118,162.0,5618
2021-02-07,GT,Guatemala,AMRO,3819.0,162937,236.0,5854
2021-02-14,GT,Guatemala,AMRO,4134.0,167071,240.0,6094
2021-02-21,GT,Guatemala,AMRO,3860.0,170931,155.0,6249
2021-02-28,GT,Guatemala,AMRO,3404.0,174335,125.0,6374
2021-03-07,GT,Guatemala,AMRO,4002.0,178337,93.0,6467
2021-03-14,GT,Guatemala,AMRO,4342.0,182679,96.0,6563
2021-03-21,GT,Guatemala,AMRO,4980.0,187659,122.0,6685
2021-03-28,GT,Guatemala,AMRO,5391.0,193050,109.0,6794
2021-04-04,GT,Guatemala,AMRO,2189.0,195239,90.0,6884
2021-04-11,GT,Guatemala,AMRO,7401.0,202640,117.0,7001
2021-04-18,GT,Guatemala,AMRO,9667.0,212307,189.0,7190
2021-04-25,GT,Guatemala,AMRO,9000.0,221307,205.0,7395
2021-05-02,GT,Guatemala,AMRO,7170.0,228477,148.0,7543
2021-05-09,GT,Guatemala,AMRO,6406.0,234883,174.0,7717
2021-05-16,GT,Guatemala,AMRO,6234.0,241117,155.0,7872
2021-05-23,GT,Guatemala,AMRO,5989.0,247106,124.0,7996
2021-05-30,GT,Guatemala,AMRO,6731.0,253837,125.0,8121
2021-06-06,GT,Guatemala,AMRO,7555.0,261392,159.0,8280
2021-06-13,GT,Guatemala,AMRO,9739.0,271131,159.0,8439
2021-06-20,GT,Guatemala,AMRO,8816.0,279947,206.0,8645
2021-06-27,GT,Guatemala,AMRO,10905.0,290852,363.0,9008
2021-07-04,GT,Guatemala,AMRO,10337.0,301189,411.0,9419
2021-07-11,GT,Guatemala,AMRO,16122.0,317311,269.0,9688
2021-07-18,GT,Guatemala,AMRO,15815.0,333126,210.0,9898
2021-07-25,GT,Guatemala,AMRO,17690.0,350816,195.0,10093
2021-08-01,GT,Guatemala,AMRO,17668.0,368484,246.0,10339
2021-08-08,GT,Guatemala,AMRO,21026.0,389510,375.0,10714
2021-08-15,GT,Guatemala,AMRO,22221.0,411731,371.0,11085
2021-08-22,GT,Guatemala,AMRO,26188.0,437919,365.0,11450
2021-08-29,GT,Guatemala,AMRO,25834.0,463753,368.0,11818
2021-09-05,GT,Guatemala,AMRO,23066.0,486819,385.0,12203
2021-09-12,GT,Guatemala,AMRO,22835.0,509654,462.0,12665
2021-09-19,GT,Guatemala,AMRO,19768.0,529422,375.0,13040
2021-09-26,GT,Guatemala,AMRO,19182.0,548604,291.0,13331
2021-10-03,GT,Guatemala,AMRO,16962.0,565566,369.0,13700
2021-10-10,GT,Guatemala,AMRO,13243.0,578809,286.0,13986
2021-10-17,GT,Guatemala,AMRO,8878.0,587687,280.0,14266
2021-10-24,GT,Guatemala,AMRO,5772.0,593459,349.0,14615
2021-10-31,GT,Guatemala,AMRO,7943.0,601402,405.0,15020
2021-11-07,GT,Guatemala,AMRO,4013.0,605415,369.0,15389
2021-11-14,GT,Guatemala,AMRO,3721.0,609136,286.0,15675
2021-11-21,GT,Guatemala,AMRO,4577.0,613713,162.0,15837
2021-11-28,GT,Guatemala,AMRO,3782.0,617495,80.0,15917
2021-12-05,GT,Guatemala,AMRO,1545.0,619040,55.0,15972
2021-12-12,GT,Guatemala,AMRO,2804.0,621844,57.0,16029
2021-12-19,GT,Guatemala,AMRO,1605.0,623449,36.0,16065
2021-12-26,GT,Guatemala,AMRO,1580.0,625029,30.0,16095
2022-01-02,GT,Guatemala,AMRO,3330.0,628359,12.0,16107
2022-01-09,GT,Guatemala,AMRO,7254.0,635613,11.0,16118
2022-01-16,GT,Guatemala,AMRO,13334.0,648947,42.0,16160
2022-01-23,GT,Guatemala,AMRO,17070.0,666017,85.0,16245
2022-01-30,GT,Guatemala,AMRO,19525.0,685542,98.0,16343
2022-02-06,GT,Guatemala,AMRO,20072.0,705614,127.0,16470
2022-02-13,GT,Guatemala,AMRO,24363.0,729977,141.0,16611
2022-02-20,GT,Guatemala,AMRO,23304.0,753281,133.0,16744
2022-02-27,GT,Guatemala,AMRO,20294.0,773575,195.0,16939
2022-03-06,GT,Guatemala,AMRO,15779.0,789354,106.0,17045
2022-03-13,GT,Guatemala,AMRO,13390.0,802744,94.0,17139
2022-03-20,GT,Guatemala,AMRO,11367.0,814111,67.0,17206
2022-03-27,GT,Guatemala,AMRO,9034.0,823145,68.0,17274
2022-04-03,GT,Guatemala,AMRO,6736.0,829881,44.0,17318
2022-04-10,GT,Guatemala,AMRO,4600.0,834481,49.0,17367
2022-04-17,GT,Guatemala,AMRO,2896.0,837377,55.0,17422
2022-04-24,GT,Guatemala,AMRO,3964.0,841341,74.0,17496
2022-05-01,GT,Guatemala,AMRO,4527.0,845868,70.0,17566
2022-05-08,GT,Guatemala,AMRO,2939.0,848807,117.0,17683
2022-05-15,GT,Guatemala,AMRO,3070.0,851877,109.0,17792
2022-05-22,GT,Guatemala,AMRO,3925.0,855802,131.0,17923
2022-05-29,GT,Guatemala,AMRO,3509.0,859311,161.0,18084
2022-06-05,GT,Guatemala,AMRO,4284.0,863595,112.0,18196
2022-06-12,GT,Guatemala,AMRO,6050.0,869645,74.0,18270
2022-06-19,GT,Guatemala,AMRO,8756.0,878401,101.0,18371
2022-06-26,GT,Guatemala,AMRO,14670.0,893071,98.0,18469
2022-07-03,GT,Guatemala,AMRO,22250.0,915321,103.0,18572
2022-07-10,GT,Guatemala,AMRO,23979.0,939300,106.0,18678
2022-07-17,GT,Guatemala,AMRO,38239.0,977539,104.0,18782
2022-07-24,GT,Guatemala,AMRO,26772.0,1004311,99.0,18881
2022-07-31,GT,Guatemala,AMRO,33440.0,1037751,124.0,19005
2022-08-07,GT,Guatemala,AMRO,16376.0,1054127,91.0,19096
2022-08-14,GT,Guatemala,AMRO,16199.0,1070326,109.0,19205
2022-08-21,GT,Guatemala,AMRO,14792.0,1085118,134.0,19339
2022-08-28,GT,Guatemala,AMRO,11412.0,1096530,112.0,19451
2022-09-04,GT,Guatemala,AMRO,8006.0,1104536,116.0,19567
2022-09-11,GT,Guatemala,AMRO,6437.0,1110973,98.0,19665
2022-09-18,GT,Guatemala,AMRO,3830.0,1114803,37.0,19702
2022-09-25,GT,Guatemala,AMRO,4474.0,1119277,46.0,19748
2022-10-02,GT,Guatemala,AMRO,5190.0,1124467,47.0,19795
2022-10-09,GT,Guatemala,AMRO,4248.0,1128715,29.0,19824
2022-10-16,GT,Guatemala,AMRO,3977.0,1132692,24.0,19848
2022-10-23,GT,Guatemala,AMRO,2998.0,1135690,14.0,19862
2022-10-30,GT,Guatemala,AMRO,4155.0,1139845,20.0,19882
2022-11-06,GT,Guatemala,AMRO,2093.0,1141938,19.0,19901
2022-11-13,GT,Guatemala,AMRO,2833.0,1144771,15.0,19916
2022-11-20,GT,Guatemala,AMRO,2928.0,1147699,20.0,19936
2022-11-27,GT,Guatemala,AMRO,5099.0,1152798,8.0,19944
2022-12-04,GT,Guatemala,AMRO,5700.0,1158498,9.0,19953
2022-12-11,GT,Guatemala,AMRO,10137.0,1168635,8.0,19961
2022-12-18,GT,Guatemala,AMRO,13657.0,1182292,16.0,19977
2022-12-25,GT,Guatemala,AMRO,13352.0,1195644,13.0,19990
2023-01-01,GT,Guatemala,AMRO,7736.0,1203380,10.0,20000
2023-01-08,GT,Guatemala,AMRO,4534.0,1207914,7.0,20007
2023-01-15,GT,Guatemala,AMRO,9525.0,1217439,38.0,20045
2023-01-22,GT,Guatemala,AMRO,4570.0,1222009,24.0,20069
2023-01-29,GT,Guatemala,AMRO,4520.0,1226529,23.0,20092
2023-02-05,GT,Guatemala,AMRO,2644.0,1229173,28.0,20120
2023-02-12,GT,Guatemala,AMRO,2334.0,1231507,22.0,20142
2023-02-19,GT,Guatemala,AMRO,2072.0,1233579,13.0,20155
2023-02-26,GT,Guatemala,AMRO,1868.0,1235447,10.0,20165
2023-03-05,GT,Guatemala,AMRO,1888.0,1237335,12.0,20177
2023-03-12,GT,Guatemala,AMRO,1254.0,1238589,5.0,20182
2023-03-19,GT,Guatemala,AMRO,1791.0,1240380,1.0,20183
2023-03-26,GT,Guatemala,AMRO,1882.0,1242262,1.0,20184
2023-04-02,GT,Guatemala,AMRO,2550.0,1244812,3.0,20187
2023-04-09,GT,Guatemala,AMRO,0.0,1244812,0.0,20187
2023-04-16,GT,Guatemala,AMRO,1918.0,1246730,2.0,20189
2023-04-23,GT,Guatemala,AMRO,691.0,1247421,0.0,20189
2023-04-30,GT,Guatemala,AMRO,750.0,1248171,0.0,20189
2023-05-07,GT,Guatemala,AMRO,652.0,1248823,7.0,20196
2023-05-14,GT,Guatemala,AMRO,1445.0,1250268,3.0,20199
2023-05-21,GT,Guatemala,AMRO,2.0,1250270,0.0,20199
2023-05-28,GT,Guatemala,AMRO,2.0,1250272,0.0,20199
2023-06-04,GT,Guatemala,AMRO,2.0,1250274,0.0,20199
2023-06-11,GT,Guatemala,AMRO,3.0,1250277,0.0,20199
2023-06-18,GT,Guatemala,AMRO,1.0,1250278,0.0,20199
2023-06-25,GT,Guatemala,AMRO,0.0,1250278,0.0,20199
2023-07-02,GT,Guatemala,AMRO,2.0,1250280,1.0,20200
2023-07-09,GT,Guatemala,AMRO,2.0,1250282,0.0,20200
2023-07-16,GT,Guatemala,AMRO,3.0,1250285,0.0,20200
2023-07-23,GT,Guatemala,AMRO,3.0,1250288,0.0,20200
2023-07-30,GT,Guatemala,AMRO,2.0,1250290,0.0,20200
2023-08-06,GT,Guatemala,AMRO,3.0,1250293,1.0,20201
2023-08-13,GT,Guatemala,AMRO,1.0,1250294,0.0,20201
2023-08-20,GT,Guatemala,AMRO,4.0,1250298,0.0,20201
2023-08-27,GT,Guatemala,AMRO,1.0,1250299,0.0,20201
2023-09-03,GT,Guatemala,AMRO,2.0,1250301,0.0,20201
2023-09-10,GT,Guatemala,AMRO,1.0,1250302,0.0,20201
2023-09-17,GT,Guatemala,AMRO,0.0,1250302,0.0,20201
2023-09-24,GT,Guatemala,AMRO,1.0,1250303,0.0,20201
2023-10-01,GT,Guatemala,AMRO,0.0,1250303,0.0,20201
2023-10-08,GT,Guatemala,AMRO,0.0,1250303,0.0,20201
2023-10-15,GT,Guatemala,AMRO,0.0,1250303,0.0,20201
2023-10-22,GT,Guatemala,AMRO,0.0,1250303,0.0,20201
2023-10-29,GT,Guatemala,AMRO,0.0,1250303,0.0,20201
2023-11-05,GT,Guatemala,AMRO,0.0,1250303,0.0,20201
2023-11-12,GT,Guatemala,AMRO,1.0,1250304,0.0,20201
2023-11-19,GT,Guatemala,AMRO,0.0,1250304,0.0,20201
2023-11-26,GT,Guatemala,AMRO,0.0,1250304,0.0,20201
2023-12-03,GT,Guatemala,AMRO,2.0,1250306,0.0,20201
2023-12-10,GT,Guatemala,AMRO,0.0,1250306,0.0,20201
2023-12-17,GT,Guatemala,AMRO,0.0,1250306,0.0,20201
2023-12-24,GT,Guatemala,AMRO,0.0,1250306,0.0,20201
2023-12-31,GT,Guatemala,AMRO,1.0,1250307,0.0,20201
2024-01-07,GT,Guatemala,AMRO,1.0,1250308,0.0,20201
2024-01-14,GT,Guatemala,AMRO,2.0,1250310,0.0,20201
2024-01-21,GT,Guatemala,AMRO,6.0,1250316,0.0,20201
2024-01-28,GT,Guatemala,AMRO,5.0,1250321,0.0,20201
2024-02-04,GT,Guatemala,AMRO,1.0,1250322,0.0,20201
2024-02-11,GT,Guatemala,AMRO,2.0,1250324,1.0,20202
2024-02-18,GT,Guatemala,AMRO,6.0,1250330,2.0,20204
2024-02-25,GT,Guatemala,AMRO,5.0,1250335,0.0,20204
2024-03-03,GT,Guatemala,AMRO,1.0,1250336,1.0,20205
2024-03-10,GT,Guatemala,AMRO,0.0,1250336,0.0,20205
2024-03-17,GT,Guatemala,AMRO,6.0,1250342,4.0,20209
2024-03-24,GT,Guatemala,AMRO,2.0,1250344,1.0,20210
2024-03-31,GT,Guatemala,AMRO,3.0,1250347,3.0,20213
2024-04-07,GT,Guatemala,AMRO,1.0,1250348,0.0,20213
2024-04-14,GT,Guatemala,AMRO,3.0,1250351,1.0,20214
2024-04-21,GT,Guatemala,AMRO,3.0,1250354,0.0,20214
2024-04-28,GT,Guatemala,AMRO,1.0,1250355,1.0,20215
