Date_reported,Country_code,Country,WHO_region,New_cases,Cumulative_cases,New_deaths,Cumulative_deaths
2020-03-22,GU,Guam,WPRO,15.0,15,0.0,0
2020-03-29,GU,Guam,WPRO,40.0,55,1.0,1
2020-04-05,GU,Guam,WPRO,38.0,93,3.0,4
2020-04-12,GU,Guam,WPRO,40.0,133,1.0,5
2020-04-19,GU,Guam,WPRO,0.0,133,0.0,5
2020-04-26,GU,Guam,WPRO,4.0,137,0.0,5
2020-05-03,GU,Guam,WPRO,7.0,144,0.0,5
2020-05-10,GU,Guam,WPRO,3.0,147,0.0,5
2020-05-17,GU,Guam,WPRO,2.0,149,0.0,5
2020-05-24,GU,Guam,WPRO,12.0,161,0.0,5
2020-05-31,GU,Guam,WPRO,5.0,166,0.0,5
2020-06-07,GU,Guam,WPRO,5.0,171,0.0,5
2020-06-14,GU,Guam,WPRO,6.0,177,0.0,5
2020-06-21,GU,Guam,WPRO,37.0,214,0.0,5
2020-06-28,GU,Guam,WPRO,26.0,240,0.0,5
2020-07-05,GU,Guam,WPRO,40.0,280,0.0,5
2020-07-12,GU,Guam,WPRO,24.0,304,0.0,5
2020-07-19,GU,Guam,WPRO,3.0,307,0.0,5
2020-07-26,GU,Guam,WPRO,22.0,329,0.0,5
2020-08-02,GU,Guam,WPRO,22.0,351,0.0,5
2020-08-09,GU,Guam,WPRO,53.0,404,0.0,5
2020-08-16,GU,Guam,WPRO,104.0,508,0.0,5
2020-08-23,GU,Guam,WPRO,304.0,812,2.0,7
2020-08-30,GU,Guam,WPRO,527.0,1339,3.0,10
2020-09-06,GU,Guam,WPRO,332.0,1671,6.0,16
2020-09-13,GU,Guam,WPRO,220.0,1891,9.0,25
2020-09-20,GU,Guam,WPRO,226.0,2117,9.0,34
2020-09-27,GU,Guam,WPRO,237.0,2354,9.0,43
2020-10-04,GU,Guam,WPRO,343.0,2697,8.0,51
2020-10-11,GU,Guam,WPRO,352.0,3049,8.0,59
2020-10-18,GU,Guam,WPRO,557.0,3606,7.0,66
2020-10-25,GU,Guam,WPRO,549.0,4155,5.0,71
2020-11-01,GU,Guam,WPRO,477.0,4632,8.0,79
2020-11-08,GU,Guam,WPRO,402.0,5034,10.0,89
2020-11-15,GU,Guam,WPRO,820.0,5854,4.0,93
2020-11-22,GU,Guam,WPRO,501.0,6355,11.0,104
2020-11-29,GU,Guam,WPRO,300.0,6655,8.0,112
2020-12-06,GU,Guam,WPRO,190.0,6845,1.0,113
2020-12-13,GU,Guam,WPRO,108.0,6953,4.0,117
2020-12-20,GU,Guam,WPRO,78.0,7031,2.0,119
2020-12-27,GU,Guam,WPRO,63.0,7094,2.0,121
2021-01-03,GU,Guam,WPRO,55.0,7149,2.0,123
2021-01-10,GU,Guam,WPRO,77.0,7226,1.0,124
2021-01-17,GU,Guam,WPRO,60.0,7286,2.0,126
2021-01-24,GU,Guam,WPRO,54.0,7340,2.0,128
2021-01-31,GU,Guam,WPRO,40.0,7380,1.0,129
2021-02-07,GU,Guam,WPRO,62.0,7442,0.0,129
2021-02-14,GU,Guam,WPRO,45.0,7487,1.0,130
2021-02-21,GU,Guam,WPRO,24.0,7511,0.0,130
2021-02-28,GU,Guam,WPRO,16.0,7527,1.0,131
2021-03-07,GU,Guam,WPRO,13.0,7540,2.0,133
2021-03-14,GU,Guam,WPRO,18.0,7558,0.0,133
2021-03-21,GU,Guam,WPRO,12.0,7570,1.0,134
2021-03-28,GU,Guam,WPRO,20.0,7590,0.0,134
2021-04-04,GU,Guam,WPRO,16.0,7606,2.0,136
2021-04-11,GU,Guam,WPRO,21.0,7627,0.0,136
2021-04-18,GU,Guam,WPRO,31.0,7658,0.0,136
2021-04-25,GU,Guam,WPRO,39.0,7697,0.0,136
2021-05-02,GU,Guam,WPRO,66.0,7763,0.0,136
2021-05-09,GU,Guam,WPRO,52.0,7815,3.0,139
2021-05-16,GU,Guam,WPRO,41.0,7856,0.0,139
2021-05-23,GU,Guam,WPRO,42.0,7898,0.0,139
2021-05-30,GU,Guam,WPRO,20.0,7918,0.0,139
2021-06-06,GU,Guam,WPRO,39.0,7957,0.0,139
2021-06-13,GU,Guam,WPRO,27.0,7984,0.0,139
2021-06-20,GU,Guam,WPRO,30.0,8014,0.0,139
2021-06-27,GU,Guam,WPRO,58.0,8072,0.0,139
2021-07-04,GU,Guam,WPRO,35.0,8107,1.0,140
2021-07-11,GU,Guam,WPRO,57.0,8164,1.0,141
2021-07-18,GU,Guam,WPRO,45.0,8209,1.0,142
2021-07-25,GU,Guam,WPRO,23.0,8232,1.0,143
2021-08-01,GU,Guam,WPRO,39.0,8271,0.0,143
2021-08-08,GU,Guam,WPRO,118.0,8389,0.0,143
2021-08-15,GU,Guam,WPRO,195.0,8584,0.0,143
2021-08-22,GU,Guam,WPRO,371.0,8955,1.0,144
2021-08-29,GU,Guam,WPRO,721.0,9676,1.0,145
2021-09-05,GU,Guam,WPRO,890.0,10566,6.0,151
2021-09-12,GU,Guam,WPRO,1049.0,11615,17.0,168
2021-09-19,GU,Guam,WPRO,616.0,12231,11.0,179
2021-09-26,GU,Guam,WPRO,329.0,12560,5.0,184
2021-10-03,GU,Guam,WPRO,597.0,13157,14.0,198
2021-10-10,GU,Guam,WPRO,524.0,13681,14.0,212
2021-10-17,GU,Guam,WPRO,349.0,14030,10.0,222
2021-10-24,GU,Guam,WPRO,315.0,14345,5.0,227
2021-10-31,GU,Guam,WPRO,369.0,14714,11.0,238
2021-11-07,GU,Guam,WPRO,193.0,14907,10.0,248
2021-11-14,GU,Guam,WPRO,72.0,14979,10.0,258
2021-11-21,GU,Guam,WPRO,83.0,15062,4.0,262
2021-11-28,GU,Guam,WPRO,59.0,15121,1.0,263
2021-12-05,GU,Guam,WPRO,57.0,15178,3.0,266
2021-12-12,GU,Guam,WPRO,17.0,15195,1.0,267
2021-12-19,GU,Guam,WPRO,45.0,15240,3.0,270
2021-12-26,GU,Guam,WPRO,20.0,15260,0.0,270
2022-01-02,GU,Guam,WPRO,146.0,15406,0.0,270
2022-01-09,GU,Guam,WPRO,612.0,16018,4.0,274
2022-01-16,GU,Guam,WPRO,1949.0,17967,0.0,274
2022-01-23,GU,Guam,WPRO,2600.0,20567,2.0,276
2022-01-30,GU,Guam,WPRO,5050.0,25617,9.0,285
2022-02-06,GU,Guam,WPRO,2620.0,28237,11.0,296
2022-02-13,GU,Guam,WPRO,5903.0,34140,10.0,306
2022-02-20,GU,Guam,WPRO,2078.0,36218,10.0,316
2022-02-27,GU,Guam,WPRO,1082.0,37300,6.0,322
2022-03-06,GU,Guam,WPRO,1062.0,38362,9.0,331
2022-03-13,GU,Guam,WPRO,653.0,39015,6.0,337
2022-03-20,GU,Guam,WPRO,356.0,39371,3.0,340
2022-03-27,GU,Guam,WPRO,273.0,39644,0.0,340
2022-04-03,GU,Guam,WPRO,266.0,39910,9.0,349
2022-04-10,GU,Guam,WPRO,143.0,40053,3.0,352
2022-04-17,GU,Guam,WPRO,0.0,40053,0.0,352
2022-04-24,GU,Guam,WPRO,318.0,40371,1.0,353
2022-05-01,GU,Guam,WPRO,186.0,40557,0.0,353
2022-05-08,GU,Guam,WPRO,166.0,40723,2.0,355
2022-05-15,GU,Guam,WPRO,151.0,40874,6.0,361
2022-05-22,GU,Guam,WPRO,153.0,41027,0.0,361
2022-05-29,GU,Guam,WPRO,240.0,41267,2.0,363
2022-06-05,GU,Guam,WPRO,283.0,41550,2.0,365
2022-06-12,GU,Guam,WPRO,479.0,42029,4.0,369
2022-06-19,GU,Guam,WPRO,534.0,42563,2.0,371
2022-06-26,GU,Guam,WPRO,510.0,43073,0.0,371
2022-07-03,GU,Guam,WPRO,656.0,43729,0.0,371
2022-07-10,GU,Guam,WPRO,603.0,44332,2.0,373
2022-07-17,GU,Guam,WPRO,582.0,44914,3.0,376
2022-07-24,GU,Guam,WPRO,448.0,45362,1.0,377
2022-07-31,GU,Guam,WPRO,819.0,46181,3.0,380
2022-08-07,GU,Guam,WPRO,618.0,46799,3.0,383
2022-08-14,GU,Guam,WPRO,572.0,47371,3.0,386
2022-08-21,GU,Guam,WPRO,448.0,47819,3.0,389
2022-08-28,GU,Guam,WPRO,367.0,48186,0.0,389
2022-09-04,GU,Guam,WPRO,202.0,48388,1.0,390
2022-09-11,GU,Guam,WPRO,236.0,48624,4.0,394
2022-09-18,GU,Guam,WPRO,218.0,48842,7.0,401
2022-09-25,GU,Guam,WPRO,28.0,48870,0.0,401
2022-10-02,GU,Guam,WPRO,85.0,48955,0.0,401
2022-10-09,GU,Guam,WPRO,54.0,49009,0.0,401
2022-10-16,GU,Guam,WPRO,0.0,49009,0.0,401
2022-10-23,GU,Guam,WPRO,8.0,49017,0.0,401
2022-10-30,GU,Guam,WPRO,110.0,49127,2.0,403
2022-11-06,GU,Guam,WPRO,47.0,49174,1.0,404
2022-11-13,GU,Guam,WPRO,61.0,49235,2.0,406
2022-11-20,GU,Guam,WPRO,128.0,49363,1.0,407
2022-11-27,GU,Guam,WPRO,214.0,49577,2.0,409
2022-12-04,GU,Guam,WPRO,0.0,49577,1.0,410
2022-12-11,GU,Guam,WPRO,123.0,49700,0.0,410
2022-12-18,GU,Guam,WPRO,107.0,49807,1.0,411
2022-12-25,GU,Guam,WPRO,131.0,49938,0.0,411
2023-01-01,GU,Guam,WPRO,64.0,50002,0.0,411
2023-01-08,GU,Guam,WPRO,0.0,50002,0.0,411
2023-01-15,GU,Guam,WPRO,403.0,50405,0.0,411
2023-01-22,GU,Guam,WPRO,37.0,50442,0.0,411
2023-01-29,GU,Guam,WPRO,193.0,50635,0.0,411
2023-02-05,GU,Guam,WPRO,90.0,50725,2.0,413
2023-02-12,GU,Guam,WPRO,59.0,50784,0.0,413
2023-02-19,GU,Guam,WPRO,33.0,50817,0.0,413
2023-02-26,GU,Guam,WPRO,23.0,50840,0.0,413
2023-03-05,GU,Guam,WPRO,29.0,50869,0.0,413
2023-03-12,GU,Guam,WPRO,45.0,50914,0.0,413
2023-03-19,GU,Guam,WPRO,41.0,50955,0.0,413
2023-03-26,GU,Guam,WPRO,19.0,50974,0.0,413
2023-04-02,GU,Guam,WPRO,31.0,51005,0.0,413
2023-04-09,GU,Guam,WPRO,12.0,51017,0.0,413
2023-04-16,GU,Guam,WPRO,45.0,51062,0.0,413
2023-04-23,GU,Guam,WPRO,48.0,51110,0.0,413
2023-04-30,GU,Guam,WPRO,69.0,51179,0.0,413
2023-05-07,GU,Guam,WPRO,61.0,51240,0.0,413
2023-05-14,GU,Guam,WPRO,105.0,51345,0.0,413
2023-05-21,GU,Guam,WPRO,95.0,51440,0.0,413
2023-05-28,GU,Guam,WPRO,0.0,51440,0.0,413
2023-06-04,GU,Guam,WPRO,53.0,51493,0.0,413
2023-06-11,GU,Guam,WPRO,24.0,51517,0.0,413
2023-06-18,GU,Guam,WPRO,32.0,51549,0.0,413
2023-06-25,GU,Guam,WPRO,74.0,51623,0.0,413
2023-07-02,GU,Guam,WPRO,52.0,51675,0.0,413
2023-07-09,GU,Guam,WPRO,56.0,51731,2.0,415
2023-07-16,GU,Guam,WPRO,7.0,51738,0.0,415
2023-07-23,GU,Guam,WPRO,31.0,51769,0.0,415
2023-07-30,GU,Guam,WPRO,17.0,51786,0.0,415
2023-08-06,GU,Guam,WPRO,0.0,51786,0.0,415
2023-08-13,GU,Guam,WPRO,42.0,51828,1.0,416
2023-08-20,GU,Guam,WPRO,17.0,51845,0.0,416
2023-08-27,GU,Guam,WPRO,0.0,51845,0.0,416
2023-09-03,GU,Guam,WPRO,88.0,51933,0.0,416
2023-09-10,GU,Guam,WPRO,26.0,51959,0.0,416
2023-09-17,GU,Guam,WPRO,0.0,51959,0.0,416
2023-09-24,GU,Guam,WPRO,41.0,52000,0.0,416
2023-10-01,GU,Guam,WPRO,17.0,52017,0.0,416
2023-10-08,GU,Guam,WPRO,15.0,52032,1.0,417
2023-10-15,GU,Guam,WPRO,0.0,52032,0.0,417
2023-10-22,GU,Guam,WPRO,18.0,52050,0.0,417
2023-10-29,GU,Guam,WPRO,10.0,52060,0.0,417
2023-11-05,GU,Guam,WPRO,15.0,52075,0.0,417
2023-11-12,GU,Guam,WPRO,4.0,52079,0.0,417
2023-11-19,GU,Guam,WPRO,102.0,52181,0.0,417
2023-11-26,GU,Guam,WPRO,6.0,52187,0.0,417
2023-12-03,GU,Guam,WPRO,0.0,52187,0.0,417
2023-12-10,GU,Guam,WPRO,0.0,52187,0.0,417
2023-12-17,GU,Guam,WPRO,0.0,52187,0.0,417
2023-12-24,GU,Guam,WPRO,60.0,52247,2.0,419
2023-12-31,GU,Guam,WPRO,40.0,52287,0.0,419
2024-01-07,GU,Guam,WPRO,0.0,52287,0.0,419
2024-01-14,GU,Guam,WPRO,0.0,52287,0.0,419
2024-01-21,GU,Guam,WPRO,0.0,52287,0.0,419
2024-01-28,GU,Guam,WPRO,0.0,52287,0.0,419
2024-02-04,GU,Guam,WPRO,0.0,52287,0.0,419
2024-02-11,GU,Guam,WPRO,0.0,52287,0.0,419
2024-02-18,GU,Guam,WPRO,0.0,52287,0.0,419
2024-02-25,GU,Guam,WPRO,0.0,52287,0.0,419
2024-03-03,GU,Guam,WPRO,0.0,52287,0.0,419
2024-03-10,GU,Guam,WPRO,0.0,52287,0.0,419
2024-03-17,GU,Guam,WPRO,0.0,52287,0.0,419
2024-03-24,GU,Guam,WPRO,0.0,52287,0.0,419
2024-03-31,GU,Guam,WPRO,0.0,52287,0.0,419
2024-04-07,GU,Guam,WPRO,0.0,52287,0.0,419
2024-04-14,GU,Guam,WPRO,0.0,52287,0.0,419
2024-04-21,GU,Guam,WPRO,0.0,52287,0.0,419
2024-04-28,GU,Guam,WPRO,0.0,52287,0.0,419
