Date_reported,Country_code,Country,WHO_region,New_cases,Cumulative_cases,New_deaths,Cumulative_deaths
2020-03-22,HT,Haiti,AMRO,2.0,2,0.0,0
2020-03-29,HT,Haiti,AMRO,6.0,8,0.0,0
2020-04-05,HT,Haiti,AMRO,10.0,18,0.0,0
2020-04-12,HT,Haiti,AMRO,13.0,31,2.0,2
2020-04-19,HT,Haiti,AMRO,13.0,44,1.0,3
2020-04-26,HT,Haiti,AMRO,28.0,72,3.0,6
2020-05-03,HT,Haiti,AMRO,13.0,85,2.0,8
2020-05-10,HT,Haiti,AMRO,61.0,146,4.0,12
2020-05-17,HT,Haiti,AMRO,164.0,310,8.0,20
2020-05-24,HT,Haiti,AMRO,502.0,812,5.0,25
2020-05-31,HT,Haiti,AMRO,772.0,1584,10.0,35
2020-06-07,HT,Haiti,AMRO,1340.0,2924,15.0,50
2020-06-14,HT,Haiti,AMRO,1017.0,3941,14.0,64
2020-06-21,HT,Haiti,AMRO,1039.0,4980,23.0,87
2020-06-28,HT,Haiti,AMRO,742.0,5722,11.0,98
2020-07-05,HT,Haiti,AMRO,508.0,6230,12.0,110
2020-07-12,HT,Haiti,AMRO,387.0,6617,25.0,135
2020-07-19,HT,Haiti,AMRO,358.0,6975,11.0,146
2020-07-26,HT,Haiti,AMRO,285.0,7260,10.0,156
2020-08-02,HT,Haiti,AMRO,164.0,7424,5.0,161
2020-08-09,HT,Haiti,AMRO,175.0,7599,16.0,177
2020-08-16,HT,Haiti,AMRO,232.0,7831,19.0,196
2020-08-23,HT,Haiti,AMRO,219.0,8050,0.0,196
2020-08-30,HT,Haiti,AMRO,124.0,8174,5.0,201
2020-09-06,HT,Haiti,AMRO,152.0,8326,11.0,212
2020-09-13,HT,Haiti,AMRO,131.0,8457,4.0,216
2020-09-20,HT,Haiti,AMRO,143.0,8600,5.0,221
2020-09-27,HT,Haiti,AMRO,84.0,8684,6.0,227
2020-10-04,HT,Haiti,AMRO,108.0,8792,2.0,229
2020-10-11,HT,Haiti,AMRO,68.0,8860,1.0,230
2020-10-18,HT,Haiti,AMRO,65.0,8925,1.0,231
2020-10-25,HT,Haiti,AMRO,90.0,9015,0.0,231
2020-11-01,HT,Haiti,AMRO,39.0,9054,1.0,232
2020-11-08,HT,Haiti,AMRO,73.0,9127,0.0,232
2020-11-15,HT,Haiti,AMRO,41.0,9168,0.0,232
2020-11-22,HT,Haiti,AMRO,46.0,9214,0.0,232
2020-11-29,HT,Haiti,AMRO,50.0,9264,0.0,232
2020-12-06,HT,Haiti,AMRO,106.0,9370,1.0,233
2020-12-13,HT,Haiti,AMRO,121.0,9491,0.0,233
2020-12-20,HT,Haiti,AMRO,183.0,9674,1.0,234
2020-12-27,HT,Haiti,AMRO,172.0,9846,1.0,235
2021-01-03,HT,Haiti,AMRO,231.0,10077,1.0,236
2021-01-10,HT,Haiti,AMRO,164.0,10241,1.0,237
2021-01-17,HT,Haiti,AMRO,540.0,10781,3.0,240
2021-01-24,HT,Haiti,AMRO,318.0,11099,3.0,243
2021-01-31,HT,Haiti,AMRO,573.0,11672,2.0,245
2021-02-07,HT,Haiti,AMRO,297.0,11969,1.0,246
2021-02-14,HT,Haiti,AMRO,237.0,12206,1.0,247
2021-02-21,HT,Haiti,AMRO,146.0,12352,0.0,247
2021-02-28,HT,Haiti,AMRO,179.0,12531,3.0,250
2021-03-07,HT,Haiti,AMRO,101.0,12632,0.0,250
2021-03-14,HT,Haiti,AMRO,66.0,12698,1.0,251
2021-03-21,HT,Haiti,AMRO,60.0,12758,0.0,251
2021-03-28,HT,Haiti,AMRO,45.0,12803,0.0,251
2021-04-04,HT,Haiti,AMRO,54.0,12857,0.0,251
2021-04-11,HT,Haiti,AMRO,63.0,12920,0.0,251
2021-04-18,HT,Haiti,AMRO,85.0,13005,2.0,253
2021-04-25,HT,Haiti,AMRO,89.0,13094,1.0,254
2021-05-02,HT,Haiti,AMRO,76.0,13170,10.0,264
2021-05-09,HT,Haiti,AMRO,97.0,13267,5.0,269
2021-05-16,HT,Haiti,AMRO,331.0,13598,7.0,276
2021-05-23,HT,Haiti,AMRO,530.0,14128,26.0,302
2021-05-30,HT,Haiti,AMRO,917.0,15045,19.0,321
2021-06-06,HT,Haiti,AMRO,956.0,16001,21.0,342
2021-06-13,HT,Haiti,AMRO,858.0,16859,19.0,361
2021-06-20,HT,Haiti,AMRO,1043.0,17902,37.0,398
2021-06-27,HT,Haiti,AMRO,756.0,18658,39.0,437
2021-07-04,HT,Haiti,AMRO,514.0,19172,30.0,467
2021-07-11,HT,Haiti,AMRO,375.0,19547,41.0,508
2021-07-18,HT,Haiti,AMRO,264.0,19811,18.0,526
2021-07-25,HT,Haiti,AMRO,305.0,20116,26.0,552
2021-08-01,HT,Haiti,AMRO,229.0,20345,14.0,566
2021-08-08,HT,Haiti,AMRO,211.0,20556,10.0,576
2021-08-15,HT,Haiti,AMRO,163.0,20719,7.0,583
2021-08-22,HT,Haiti,AMRO,131.0,20850,1.0,584
2021-08-29,HT,Haiti,AMRO,127.0,20977,2.0,586
2021-09-05,HT,Haiti,AMRO,185.0,21162,2.0,588
2021-09-12,HT,Haiti,AMRO,156.0,21318,8.0,596
2021-09-19,HT,Haiti,AMRO,190.0,21508,11.0,607
2021-09-26,HT,Haiti,AMRO,408.0,21916,4.0,611
2021-10-03,HT,Haiti,AMRO,466.0,22382,25.0,636
2021-10-10,HT,Haiti,AMRO,529.0,22911,18.0,654
2021-10-17,HT,Haiti,AMRO,535.0,23446,4.0,658
2021-10-24,HT,Haiti,AMRO,463.0,23909,8.0,666
2021-10-31,HT,Haiti,AMRO,182.0,24091,20.0,686
2021-11-07,HT,Haiti,AMRO,292.0,24383,19.0,705
2021-11-14,HT,Haiti,AMRO,385.0,24768,6.0,711
2021-11-21,HT,Haiti,AMRO,248.0,25016,14.0,725
2021-11-28,HT,Haiti,AMRO,249.0,25265,13.0,738
2021-12-05,HT,Haiti,AMRO,409.0,25674,12.0,750
2021-12-12,HT,Haiti,AMRO,191.0,25865,12.0,762
2021-12-19,HT,Haiti,AMRO,69.0,25934,3.0,765
2021-12-26,HT,Haiti,AMRO,40.0,25974,1.0,766
2022-01-02,HT,Haiti,AMRO,281.0,26255,7.0,773
2022-01-09,HT,Haiti,AMRO,552.0,26807,7.0,780
2022-01-16,HT,Haiti,AMRO,1166.0,27973,0.0,780
2022-01-23,HT,Haiti,AMRO,736.0,28709,3.0,783
2022-01-30,HT,Haiti,AMRO,735.0,29444,16.0,799
2022-02-06,HT,Haiti,AMRO,404.0,29848,5.0,804
2022-02-13,HT,Haiti,AMRO,207.0,30055,5.0,809
2022-02-20,HT,Haiti,AMRO,218.0,30273,10.0,819
2022-02-27,HT,Haiti,AMRO,69.0,30342,1.0,820
2022-03-06,HT,Haiti,AMRO,88.0,30430,7.0,827
2022-03-13,HT,Haiti,AMRO,43.0,30473,0.0,827
2022-03-20,HT,Haiti,AMRO,36.0,30509,0.0,827
2022-03-27,HT,Haiti,AMRO,19.0,30528,6.0,833
2022-04-03,HT,Haiti,AMRO,47.0,30575,0.0,833
2022-04-10,HT,Haiti,AMRO,11.0,30586,2.0,835
2022-04-17,HT,Haiti,AMRO,54.0,30640,0.0,835
2022-04-24,HT,Haiti,AMRO,19.0,30659,0.0,835
2022-05-01,HT,Haiti,AMRO,45.0,30704,0.0,835
2022-05-08,HT,Haiti,AMRO,9.0,30713,0.0,835
2022-05-15,HT,Haiti,AMRO,33.0,30746,0.0,835
2022-05-22,HT,Haiti,AMRO,43.0,30789,0.0,835
2022-05-29,HT,Haiti,AMRO,29.0,30818,0.0,835
2022-06-05,HT,Haiti,AMRO,145.0,30963,0.0,835
2022-06-12,HT,Haiti,AMRO,112.0,31075,2.0,837
2022-06-19,HT,Haiti,AMRO,151.0,31226,0.0,837
2022-06-26,HT,Haiti,AMRO,244.0,31470,0.0,837
2022-07-03,HT,Haiti,AMRO,325.0,31795,0.0,837
2022-07-10,HT,Haiti,AMRO,185.0,31980,0.0,837
2022-07-17,HT,Haiti,AMRO,198.0,32178,1.0,838
2022-07-24,HT,Haiti,AMRO,85.0,32263,0.0,838
2022-07-31,HT,Haiti,AMRO,142.0,32405,0.0,838
2022-08-07,HT,Haiti,AMRO,298.0,32703,0.0,838
2022-08-14,HT,Haiti,AMRO,239.0,32942,2.0,840
2022-08-21,HT,Haiti,AMRO,247.0,33189,1.0,841
2022-08-28,HT,Haiti,AMRO,253.0,33442,0.0,841
2022-09-04,HT,Haiti,AMRO,177.0,33619,5.0,846
2022-09-11,HT,Haiti,AMRO,88.0,33707,11.0,857
2022-09-18,HT,Haiti,AMRO,39.0,33746,0.0,857
2022-09-25,HT,Haiti,AMRO,15.0,33761,0.0,857
2022-10-02,HT,Haiti,AMRO,0.0,33761,0.0,857
2022-10-09,HT,Haiti,AMRO,30.0,33791,0.0,857
2022-10-16,HT,Haiti,AMRO,20.0,33811,0.0,857
2022-10-23,HT,Haiti,AMRO,0.0,33811,0.0,857
2022-10-30,HT,Haiti,AMRO,17.0,33828,3.0,860
2022-11-06,HT,Haiti,AMRO,4.0,33832,0.0,860
2022-11-13,HT,Haiti,AMRO,5.0,33837,0.0,860
2022-11-20,HT,Haiti,AMRO,25.0,33862,0.0,860
2022-11-27,HT,Haiti,AMRO,0.0,33862,0.0,860
2022-12-04,HT,Haiti,AMRO,14.0,33876,0.0,860
2022-12-11,HT,Haiti,AMRO,0.0,33876,0.0,860
2022-12-18,HT,Haiti,AMRO,28.0,33904,0.0,860
2022-12-25,HT,Haiti,AMRO,8.0,33912,0.0,860
2023-01-01,HT,Haiti,AMRO,57.0,33969,0.0,860
2023-01-08,HT,Haiti,AMRO,39.0,34008,0.0,860
2023-01-15,HT,Haiti,AMRO,0.0,34008,0.0,860
2023-01-22,HT,Haiti,AMRO,68.0,34076,0.0,860
2023-01-29,HT,Haiti,AMRO,0.0,34076,0.0,860
2023-02-05,HT,Haiti,AMRO,67.0,34143,0.0,860
2023-02-12,HT,Haiti,AMRO,12.0,34155,0.0,860
2023-02-19,HT,Haiti,AMRO,0.0,34155,0.0,860
2023-02-26,HT,Haiti,AMRO,47.0,34202,0.0,860
2023-03-05,HT,Haiti,AMRO,0.0,34202,0.0,860
2023-03-12,HT,Haiti,AMRO,0.0,34202,0.0,860
2023-03-19,HT,Haiti,AMRO,0.0,34202,0.0,860
2023-03-26,HT,Haiti,AMRO,0.0,34202,0.0,860
2023-04-02,HT,Haiti,AMRO,0.0,34202,0.0,860
2023-04-09,HT,Haiti,AMRO,0.0,34202,0.0,860
2023-04-16,HT,Haiti,AMRO,12.0,34214,0.0,860
2023-04-23,HT,Haiti,AMRO,12.0,34226,0.0,860
2023-04-30,HT,Haiti,AMRO,2.0,34228,0.0,860
2023-05-07,HT,Haiti,AMRO,0.0,34228,0.0,860
2023-05-14,HT,Haiti,AMRO,0.0,34228,0.0,860
2023-05-21,HT,Haiti,AMRO,0.0,34228,0.0,860
2023-05-28,HT,Haiti,AMRO,0.0,34228,0.0,860
2023-06-04,HT,Haiti,AMRO,0.0,34228,0.0,860
2023-06-11,HT,Haiti,AMRO,0.0,34228,0.0,860
2023-06-18,HT,Haiti,AMRO,0.0,34228,0.0,860
2023-06-25,HT,Haiti,AMRO,0.0,34228,0.0,860
2023-07-02,HT,Haiti,AMRO,0.0,34228,0.0,860
2023-07-09,HT,Haiti,AMRO,0.0,34228,0.0,860
2023-07-16,HT,Haiti,AMRO,0.0,34228,0.0,860
2023-07-23,HT,Haiti,AMRO,0.0,34228,0.0,860
2023-07-30,HT,Haiti,AMRO,0.0,34228,0.0,860
2023-08-06,HT,Haiti,AMRO,0.0,34228,0.0,860
2023-08-13,HT,Haiti,AMRO,0.0,34228,0.0,860
2023-08-20,HT,Haiti,AMRO,0.0,34228,0.0,860
2023-08-27,HT,Haiti,AMRO,0.0,34228,0.0,860
2023-09-03,HT,Haiti,AMRO,0.0,34228,0.0,860
2023-09-10,HT,Haiti,AMRO,0.0,34228,0.0,860
2023-09-17,HT,Haiti,AMRO,0.0,34228,0.0,860
2023-09-24,HT,Haiti,AMRO,0.0,34228,0.0,860
2023-10-01,HT,Haiti,AMRO,0.0,34228,0.0,860
2023-10-08,HT,Haiti,AMRO,0.0,34228,0.0,860
2023-10-15,HT,Haiti,AMRO,0.0,34228,0.0,860
2023-10-22,HT,Haiti,AMRO,0.0,34228,0.0,860
2023-10-29,HT,Haiti,AMRO,0.0,34228,0.0,860
2023-11-05,HT,Haiti,AMRO,0.0,34228,0.0,860
2023-11-12,HT,Haiti,AMRO,0.0,34228,0.0,860
2023-11-19,HT,Haiti,AMRO,0.0,34228,0.0,860
2023-11-26,HT,Haiti,AMRO,0.0,34228,0.0,860
2023-12-03,HT,Haiti,AMRO,0.0,34228,0.0,860
2023-12-10,HT,Haiti,AMRO,0.0,34228,0.0,860
2023-12-17,HT,Haiti,AMRO,0.0,34228,0.0,860
2023-12-24,HT,Haiti,AMRO,0.0,34228,0.0,860
2023-12-31,HT,Haiti,AMRO,0.0,34228,0.0,860
2024-01-07,HT,Haiti,AMRO,5.0,34233,0.0,860
2024-01-14,HT,Haiti,AMRO,15.0,34248,0.0,860
2024-01-21,HT,Haiti,AMRO,20.0,34268,0.0,860
2024-01-28,HT,Haiti,AMRO,21.0,34289,0.0,860
2024-02-04,HT,Haiti,AMRO,7.0,34296,0.0,860
2024-02-11,HT,Haiti,AMRO,0.0,34296,0.0,860
2024-02-18,HT,Haiti,AMRO,1.0,34297,0.0,860
2024-02-25,HT,Haiti,AMRO,1.0,34298,0.0,860
2024-03-03,HT,Haiti,AMRO,0.0,34298,0.0,860
2024-03-10,HT,Haiti,AMRO,0.0,34298,0.0,860
2024-03-17,HT,Haiti,AMRO,0.0,34298,0.0,860
2024-03-24,HT,Haiti,AMRO,0.0,34298,0.0,860
2024-03-31,HT,Haiti,AMRO,0.0,34298,0.0,860
2024-04-07,HT,Haiti,AMRO,0.0,34298,0.0,860
2024-04-14,HT,Haiti,AMRO,0.0,34298,0.0,860
2024-04-21,HT,Haiti,AMRO,0.0,34298,0.0,860
2024-04-28,HT,Haiti,AMRO,0.0,34298,0.0,860
