Date_reported,Country_code,Country,WHO_region,New_cases,Cumulative_cases,New_deaths,Cumulative_deaths
2020-03-08,HU,Hungary,EURO,7.0,7,0.0,0
2020-03-15,HU,Hungary,EURO,24.0,31,0.0,0
2020-03-22,HU,Hungary,EURO,100.0,131,4.0,4
2020-03-29,HU,Hungary,EURO,277.0,408,9.0,13
2020-04-05,HU,Hungary,EURO,325.0,733,21.0,34
2020-04-12,HU,Hungary,EURO,677.0,1410,65.0,99
2020-04-19,HU,Hungary,EURO,506.0,1916,90.0,189
2020-04-26,HU,Hungary,EURO,584.0,2500,83.0,272
2020-05-03,HU,Hungary,EURO,498.0,2998,68.0,340
2020-05-10,HU,Hungary,EURO,265.0,3263,73.0,413
2020-05-17,HU,Hungary,EURO,246.0,3509,38.0,451
2020-05-24,HU,Hungary,EURO,232.0,3741,35.0,486
2020-05-31,HU,Hungary,EURO,126.0,3867,38.0,524
2020-06-07,HU,Hungary,EURO,103.0,3970,18.0,542
2020-06-14,HU,Hungary,EURO,94.0,4064,17.0,559
2020-06-21,HU,Hungary,EURO,30.0,4094,11.0,570
2020-06-28,HU,Hungary,EURO,44.0,4138,8.0,578
2020-07-05,HU,Hungary,EURO,45.0,4183,11.0,589
2020-07-12,HU,Hungary,EURO,46.0,4229,6.0,595
2020-07-19,HU,Hungary,EURO,86.0,4315,1.0,596
2020-07-26,HU,Hungary,EURO,120.0,4435,0.0,596
2020-08-02,HU,Hungary,EURO,91.0,4526,1.0,597
2020-08-09,HU,Hungary,EURO,127.0,4653,5.0,602
2020-08-16,HU,Hungary,EURO,224.0,4877,5.0,607
2020-08-23,HU,Hungary,EURO,256.0,5133,4.0,611
2020-08-30,HU,Hungary,EURO,536.0,5669,3.0,614
2020-09-06,HU,Hungary,EURO,2223.0,7892,10.0,624
2020-09-13,HU,Hungary,EURO,3933.0,11825,9.0,633
2020-09-20,HU,Hungary,EURO,6165.0,17990,50.0,683
2020-09-27,HU,Hungary,EURO,6024.0,24014,53.0,736
2020-10-04,HU,Hungary,EURO,6561.0,30575,86.0,822
2020-10-11,HU,Hungary,EURO,7089.0,37664,132.0,954
2020-10-18,HU,Hungary,EURO,8626.0,46290,188.0,1142
2020-10-25,HU,Hungary,EURO,12957.0,59247,283.0,1425
2020-11-01,HU,Hungary,EURO,19952.0,79199,394.0,1819
2020-11-08,HU,Hungary,EURO,30417.0,109616,619.0,2438
2020-11-15,HU,Hungary,EURO,31345.0,140961,659.0,3097
2020-11-22,HU,Hungary,EURO,33657.0,174618,703.0,3800
2020-11-29,HU,Hungary,EURO,36909.0,211527,872.0,4672
2020-12-06,HU,Hungary,EURO,38751.0,250278,1196.0,5868
2020-12-13,HU,Hungary,EURO,30122.0,280400,1097.0,6965
2020-12-20,HU,Hungary,EURO,22589.0,302989,1134.0,8099
2020-12-27,HU,Hungary,EURO,13071.0,316060,948.0,9047
2021-01-03,HU,Hungary,EURO,11935.0,327995,837.0,9884
2021-01-10,HU,Hungary,EURO,14242.0,342237,764.0,10648
2021-01-17,HU,Hungary,EURO,9591.0,351828,693.0,11341
2021-01-24,HU,Hungary,EURO,7746.0,359574,627.0,11968
2021-01-31,HU,Hungary,EURO,8012.0,367586,556.0,12524
2021-02-07,HU,Hungary,EURO,8909.0,376495,566.0,13090
2021-02-14,HU,Hungary,EURO,10967.0,387462,616.0,13706
2021-02-21,HU,Hungary,EURO,15561.0,403023,593.0,14299
2021-02-28,HU,Hungary,EURO,25576.0,428599,675.0,14974
2021-03-07,HU,Hungary,EURO,37418.0,466017,899.0,15873
2021-03-14,HU,Hungary,EURO,50473.0,516490,1079.0,16952
2021-03-21,HU,Hungary,EURO,55106.0,571596,1310.0,18262
2021-03-28,HU,Hungary,EURO,62265.0,633861,1710.0,19972
2021-04-04,HU,Hungary,EURO,52118.0,685979,1743.0,21715
2021-04-11,HU,Hungary,EURO,34185.0,720164,1702.0,23417
2021-04-18,HU,Hungary,EURO,30344.0,750508,1767.0,25184
2021-04-25,HU,Hungary,EURO,19010.0,769518,1441.0,26625
2021-05-02,HU,Hungary,EURO,13374.0,782892,1177.0,27802
2021-05-09,HU,Hungary,EURO,8817.0,791709,800.0,28602
2021-05-16,HU,Hungary,EURO,6438.0,798147,573.0,29175
2021-05-23,HU,Hungary,EURO,3941.0,802088,344.0,29519
2021-05-30,HU,Hungary,EURO,1944.0,804032,190.0,29709
2021-06-06,HU,Hungary,EURO,1976.0,806008,146.0,29855
2021-06-13,HU,Hungary,EURO,782.0,806790,50.0,29905
2021-06-20,HU,Hungary,EURO,638.0,807428,46.0,29951
2021-06-27,HU,Hungary,EURO,482.0,807910,30.0,29981
2021-07-04,HU,Hungary,EURO,287.0,808197,11.0,29992
2021-07-11,HU,Hungary,EURO,240.0,808437,12.0,30004
2021-07-18,HU,Hungary,EURO,288.0,808725,11.0,30015
2021-07-25,HU,Hungary,EURO,376.0,809101,5.0,30020
2021-08-01,HU,Hungary,EURO,390.0,809491,6.0,30026
2021-08-08,HU,Hungary,EURO,364.0,809855,7.0,30033
2021-08-15,HU,Hungary,EURO,461.0,810316,5.0,30038
2021-08-22,HU,Hungary,EURO,465.0,810781,8.0,30046
2021-08-29,HU,Hungary,EURO,925.0,811706,11.0,30057
2021-09-05,HU,Hungary,EURO,1334.0,813040,4.0,30061
2021-09-12,HU,Hungary,EURO,1692.0,814732,25.0,30086
2021-09-19,HU,Hungary,EURO,2427.0,817159,37.0,30123
2021-09-26,HU,Hungary,EURO,2919.0,820078,28.0,30151
2021-10-03,HU,Hungary,EURO,3306.0,823384,48.0,30199
2021-10-10,HU,Hungary,EURO,4026.0,827410,76.0,30275
2021-10-17,HU,Hungary,EURO,5705.0,833115,76.0,30351
2021-10-24,HU,Hungary,EURO,10710.0,843825,141.0,30492
2021-10-31,HU,Hungary,EURO,19594.0,863419,237.0,30729
2021-11-07,HU,Hungary,EURO,28745.0,892164,455.0,31184
2021-11-14,HU,Hungary,EURO,47620.0,939784,683.0,31867
2021-11-21,HU,Hungary,EURO,58704.0,998488,913.0,32780
2021-11-28,HU,Hungary,EURO,70400.0,1068888,1086.0,33866
2021-12-05,HU,Hungary,EURO,65981.0,1134869,1256.0,35122
2021-12-12,HU,Hungary,EURO,48053.0,1182922,1307.0,36429
2021-12-19,HU,Hungary,EURO,35373.0,1218295,1101.0,37530
2021-12-26,HU,Hungary,EURO,19035.0,1237330,777.0,38307
2022-01-02,HU,Hungary,EURO,19085.0,1256415,879.0,39186
2022-01-09,HU,Hungary,EURO,26542.0,1282957,594.0,39780
2022-01-16,HU,Hungary,EURO,44057.0,1327014,457.0,40237
2022-01-23,HU,Hungary,EURO,74443.0,1401457,585.0,40822
2022-01-30,HU,Hungary,EURO,106901.0,1508358,407.0,41229
2022-02-06,HU,Hungary,EURO,108488.0,1616846,512.0,41741
2022-02-13,HU,Hungary,EURO,79145.0,1695991,619.0,42360
2022-02-20,HU,Hungary,EURO,50433.0,1746424,706.0,43066
2022-02-27,HU,Hungary,EURO,32750.0,1779174,686.0,43752
2022-03-06,HU,Hungary,EURO,20872.0,1800046,534.0,44286
2022-03-13,HU,Hungary,EURO,14316.0,1814362,367.0,44653
2022-03-20,HU,Hungary,EURO,9727.0,1824089,308.0,44961
2022-03-27,HU,Hungary,EURO,15269.0,1839358,297.0,45258
2022-04-03,HU,Hungary,EURO,14840.0,1854198,252.0,45510
2022-04-10,HU,Hungary,EURO,13809.0,1868007,211.0,45721
2022-04-17,HU,Hungary,EURO,11473.0,1879480,144.0,45865
2022-04-24,HU,Hungary,EURO,11473.0,1890953,183.0,46048
2022-05-01,HU,Hungary,EURO,10064.0,1901017,153.0,46201
2022-05-08,HU,Hungary,EURO,2183.0,1903200,65.0,46266
2022-05-15,HU,Hungary,EURO,6748.0,1909948,77.0,46343
2022-05-22,HU,Hungary,EURO,4749.0,1914697,103.0,46446
2022-05-29,HU,Hungary,EURO,3080.0,1917777,61.0,46507
2022-06-05,HU,Hungary,EURO,2063.0,1919840,40.0,46547
2022-06-12,HU,Hungary,EURO,1646.0,1921486,24.0,46571
2022-06-19,HU,Hungary,EURO,1636.0,1923122,23.0,46594
2022-06-26,HU,Hungary,EURO,1961.0,1925083,32.0,46626
2022-07-03,HU,Hungary,EURO,3042.0,1928125,21.0,46647
2022-07-10,HU,Hungary,EURO,4663.0,1932788,14.0,46661
2022-07-17,HU,Hungary,EURO,8036.0,1940824,35.0,46696
2022-07-24,HU,Hungary,EURO,10255.0,1951079,40.0,46736
2022-07-31,HU,Hungary,EURO,14402.0,1965481,54.0,46790
2022-08-07,HU,Hungary,EURO,21840.0,1987321,96.0,46886
2022-08-14,HU,Hungary,EURO,18078.0,2005399,80.0,46966
2022-08-21,HU,Hungary,EURO,16249.0,2021648,117.0,47083
2022-08-28,HU,Hungary,EURO,14742.0,2036390,108.0,47191
2022-09-04,HU,Hungary,EURO,12157.0,2048547,100.0,47291
2022-09-11,HU,Hungary,EURO,10300.0,2058847,76.0,47367
2022-09-18,HU,Hungary,EURO,11596.0,2070443,42.0,47409
2022-09-25,HU,Hungary,EURO,12307.0,2082750,48.0,47457
2022-10-02,HU,Hungary,EURO,11392.0,2094142,46.0,47503
2022-10-09,HU,Hungary,EURO,13765.0,2107907,73.0,47576
2022-10-16,HU,Hungary,EURO,12636.0,2120543,104.0,47680
2022-10-23,HU,Hungary,EURO,11947.0,2132490,118.0,47798
2022-10-30,HU,Hungary,EURO,9023.0,2141513,140.0,47938
2022-11-06,HU,Hungary,EURO,7495.0,2149008,81.0,48019
2022-11-13,HU,Hungary,EURO,4556.0,2153564,92.0,48111
2022-11-20,HU,Hungary,EURO,4431.0,2157995,73.0,48184
2022-11-27,HU,Hungary,EURO,4098.0,2162093,61.0,48245
2022-12-04,HU,Hungary,EURO,4259.0,2166352,42.0,48287
2022-12-11,HU,Hungary,EURO,4704.0,2171056,50.0,48337
2022-12-18,HU,Hungary,EURO,5193.0,2176249,43.0,48380
2022-12-25,HU,Hungary,EURO,5170.0,2181419,59.0,48439
2023-01-01,HU,Hungary,EURO,4397.0,2185816,56.0,48495
2023-01-08,HU,Hungary,EURO,2921.0,2188737,65.0,48560
2023-01-15,HU,Hungary,EURO,1596.0,2190333,44.0,48604
2023-01-22,HU,Hungary,EURO,866.0,2191199,17.0,48621
2023-01-29,HU,Hungary,EURO,627.0,2191826,17.0,48638
2023-02-05,HU,Hungary,EURO,621.0,2192447,9.0,48647
2023-02-12,HU,Hungary,EURO,825.0,2193272,8.0,48655
2023-02-19,HU,Hungary,EURO,830.0,2194102,9.0,48664
2023-02-26,HU,Hungary,EURO,867.0,2194969,6.0,48670
2023-03-05,HU,Hungary,EURO,957.0,2195926,11.0,48681
2023-03-12,HU,Hungary,EURO,878.0,2196804,12.0,48693
2023-03-19,HU,Hungary,EURO,1016.0,2197820,16.0,48709
2023-03-26,HU,Hungary,EURO,641.0,2198461,11.0,48720
2023-04-02,HU,Hungary,EURO,685.0,2199146,10.0,48730
2023-04-09,HU,Hungary,EURO,618.0,2199764,15.0,48745
2023-04-16,HU,Hungary,EURO,447.0,2200211,8.0,48753
2023-04-23,HU,Hungary,EURO,528.0,2200739,11.0,48764
2023-04-30,HU,Hungary,EURO,616.0,2201355,6.0,48770
2023-05-07,HU,Hungary,EURO,469.0,2201824,8.0,48778
2023-05-14,HU,Hungary,EURO,355.0,2202179,4.0,48782
2023-05-21,HU,Hungary,EURO,312.0,2202491,4.0,48786
2023-05-28,HU,Hungary,EURO,225.0,2202716,5.0,48791
2023-06-04,HU,Hungary,EURO,171.0,2202887,3.0,48794
2023-06-11,HU,Hungary,EURO,103.0,2202990,1.0,48795
2023-06-18,HU,Hungary,EURO,92.0,2203082,2.0,48797
2023-06-25,HU,Hungary,EURO,47.0,2203129,0.0,48797
2023-07-02,HU,Hungary,EURO,42.0,2203171,1.0,48798
2023-07-09,HU,Hungary,EURO,29.0,2203200,1.0,48799
2023-07-16,HU,Hungary,EURO,22.0,2203222,0.0,48799
2023-07-23,HU,Hungary,EURO,40.0,2203262,0.0,48799
2023-07-30,HU,Hungary,EURO,27.0,2203289,1.0,48800
2023-08-06,HU,Hungary,EURO,26.0,2203315,1.0,48801
2023-08-13,HU,Hungary,EURO,41.0,2203356,1.0,48802
2023-08-20,HU,Hungary,EURO,85.0,2203441,0.0,48802
2023-08-27,HU,Hungary,EURO,123.0,2203564,1.0,48803
2023-09-03,HU,Hungary,EURO,197.0,2203761,0.0,48803
2023-09-10,HU,Hungary,EURO,329.0,2204090,0.0,48803
2023-09-17,HU,Hungary,EURO,398.0,2204488,3.0,48806
2023-09-24,HU,Hungary,EURO,834.0,2205322,1.0,48807
2023-10-01,HU,Hungary,EURO,989.0,2206311,5.0,48812
2023-10-08,HU,Hungary,EURO,869.0,2207180,3.0,48815
2023-10-15,HU,Hungary,EURO,789.0,2207969,4.0,48819
2023-10-22,HU,Hungary,EURO,981.0,2208950,3.0,48822
2023-10-29,HU,Hungary,EURO,1022.0,2209972,9.0,48831
2023-11-05,HU,Hungary,EURO,874.0,2210846,10.0,48841
2023-11-12,HU,Hungary,EURO,984.0,2211830,13.0,48854
2023-11-19,HU,Hungary,EURO,1216.0,2213046,15.0,48869
2023-11-26,HU,Hungary,EURO,1675.0,2214721,17.0,48886
2023-12-03,HU,Hungary,EURO,2463.0,2217184,16.0,48902
2023-12-10,HU,Hungary,EURO,3036.0,2220220,20.0,48922
2023-12-17,HU,Hungary,EURO,3611.0,2223831,24.0,48946
2023-12-24,HU,Hungary,EURO,2254.0,2226085,21.0,48967
2023-12-31,HU,Hungary,EURO,1074.0,2227159,24.0,48991
2024-01-07,HU,Hungary,EURO,1047.0,2228206,15.0,49006
2024-01-14,HU,Hungary,EURO,622.0,2228828,10.0,49016
2024-01-21,HU,Hungary,EURO,439.0,2229267,10.0,49026
2024-01-28,HU,Hungary,EURO,271.0,2229538,5.0,49031
2024-02-04,HU,Hungary,EURO,266.0,2229804,9.0,49040
2024-02-11,HU,Hungary,EURO,183.0,2229987,3.0,49043
2024-02-18,HU,Hungary,EURO,107.0,2230094,3.0,49046
2024-02-25,HU,Hungary,EURO,65.0,2230159,1.0,49047
2024-03-03,HU,Hungary,EURO,43.0,2230202,1.0,49048
2024-03-10,HU,Hungary,EURO,30.0,2230232,0.0,49048
2024-03-17,HU,Hungary,EURO,17.0,2230249,0.0,49048
2024-03-24,HU,Hungary,EURO,25.0,2230274,0.0,49048
2024-03-31,HU,Hungary,EURO,19.0,2230293,1.0,49049
2024-04-07,HU,Hungary,EURO,19.0,2230312,2.0,49051
2024-04-14,HU,Hungary,EURO,13.0,2230325,0.0,49051
2024-04-21,HU,Hungary,EURO,26.0,2230351,0.0,49051
2024-04-28,HU,Hungary,EURO,20.0,2230371,0.0,49051
