Date_reported,Country_code,Country,WHO_region,New_cases,Cumulative_cases,New_deaths,Cumulative_deaths
2020-03-08,ID,Indonesia,SEARO,10.0,10,0.0,0
2020-03-15,ID,Indonesia,SEARO,107.0,117,4.0,4
2020-03-22,ID,Indonesia,SEARO,397.0,514,44.0,48
2020-03-29,ID,Indonesia,SEARO,771.0,1285,66.0,114
2020-04-05,ID,Indonesia,SEARO,988.0,2273,84.0,198
2020-04-12,ID,Indonesia,SEARO,1968.0,4241,175.0,373
2020-04-19,ID,Indonesia,SEARO,2334.0,6575,209.0,582
2020-04-26,ID,Indonesia,SEARO,2307.0,8882,161.0,743
2020-05-03,ID,Indonesia,SEARO,2310.0,11192,102.0,845
2020-05-10,ID,Indonesia,SEARO,2840.0,14032,128.0,973
2020-05-17,ID,Indonesia,SEARO,3482.0,17514,175.0,1148
2020-05-24,ID,Indonesia,SEARO,4757.0,22271,224.0,1372
2020-05-31,ID,Indonesia,SEARO,4202.0,26473,241.0,1613
2020-06-07,ID,Indonesia,SEARO,4713.0,31186,238.0,1851
2020-06-14,ID,Indonesia,SEARO,7091.0,38277,283.0,2134
2020-06-21,ID,Indonesia,SEARO,7614.0,45891,331.0,2465
2020-06-28,ID,Indonesia,SEARO,8119.0,54010,289.0,2754
2020-07-05,ID,Indonesia,SEARO,9739.0,63749,417.0,3171
2020-07-12,ID,Indonesia,SEARO,11950.0,75699,435.0,3606
2020-07-19,ID,Indonesia,SEARO,10822.0,86521,537.0,4143
2020-07-26,ID,Indonesia,SEARO,12257.0,98778,638.0,4781
2020-08-02,ID,Indonesia,SEARO,12677.0,111455,455.0,5236
2020-08-09,ID,Indonesia,SEARO,13941.0,125396,487.0,5723
2020-08-16,ID,Indonesia,SEARO,14153.0,139549,427.0,6150
2020-08-23,ID,Indonesia,SEARO,13986.0,153535,530.0,6680
2020-08-30,ID,Indonesia,SEARO,18518.0,172053,663.0,7343
2020-09-06,ID,Indonesia,SEARO,22056.0,194109,682.0,8025
2020-09-13,ID,Indonesia,SEARO,24273.0,218382,698.0,8723
2020-09-20,ID,Indonesia,SEARO,26294.0,244676,830.0,9553
2020-09-27,ID,Indonesia,SEARO,30537.0,275213,833.0,10386
2020-10-04,ID,Indonesia,SEARO,28285.0,303498,765.0,11151
2020-10-11,ID,Indonesia,SEARO,29951.0,333449,693.0,11844
2020-10-18,ID,Indonesia,SEARO,28418.0,361867,667.0,12511
2020-10-25,ID,Indonesia,SEARO,27845.0,389712,788.0,13299
2020-11-01,ID,Indonesia,SEARO,23072.0,412784,644.0,13943
2020-11-08,ID,Indonesia,SEARO,24932.0,437716,671.0,14614
2020-11-15,ID,Indonesia,SEARO,29397.0,467113,597.0,15211
2020-11-22,ID,Indonesia,SEARO,30555.0,497668,673.0,15884
2020-11-29,ID,Indonesia,SEARO,36598.0,534266,931.0,16815
2020-12-06,ID,Indonesia,SEARO,41530.0,575796,925.0,17740
2020-12-13,ID,Indonesia,SEARO,42024.0,617820,1079.0,18819
2020-12-20,ID,Indonesia,SEARO,47110.0,664930,1061.0,19880
2020-12-27,ID,Indonesia,SEARO,48435.0,713365,1357.0,21237
2021-01-03,ID,Indonesia,SEARO,51985.0,765350,1497.0,22734
2021-01-10,ID,Indonesia,SEARO,62676.0,828026,1395.0,24129
2021-01-17,ID,Indonesia,SEARO,79903.0,907929,1858.0,25987
2021-01-24,ID,Indonesia,SEARO,81333.0,989262,1848.0,27835
2021-01-31,ID,Indonesia,SEARO,89052.0,1078314,2163.0,29998
2021-02-07,ID,Indonesia,SEARO,79523.0,1157837,1558.0,31556
2021-02-14,ID,Indonesia,SEARO,59631.0,1217468,1627.0,33183
2021-02-21,ID,Indonesia,SEARO,61185.0,1278653,1306.0,34489
2021-02-28,ID,Indonesia,SEARO,55981.0,1334634,1677.0,36166
2021-03-07,ID,Indonesia,SEARO,45028.0,1379662,1100.0,37266
2021-03-14,ID,Indonesia,SEARO,39793.0,1419455,1160.0,38426
2021-03-21,ID,Indonesia,SEARO,40729.0,1460184,1124.0,39550
2021-03-28,ID,Indonesia,SEARO,35901.0,1496085,899.0,40449
2021-04-04,ID,Indonesia,SEARO,38170.0,1534255,1220.0,41669
2021-04-11,ID,Indonesia,SEARO,32740.0,1566995,861.0,42530
2021-04-18,ID,Indonesia,SEARO,37353.0,1604348,894.0,43424
2021-04-25,ID,Indonesia,SEARO,36846.0,1641194,1170.0,44594
2021-05-02,ID,Indonesia,SEARO,36080.0,1677274,1202.0,45796
2021-05-09,ID,Indonesia,SEARO,36410.0,1713684,1216.0,47012
2021-05-16,ID,Indonesia,SEARO,26066.0,1739750,1081.0,48093
2021-05-23,ID,Indonesia,SEARO,35470.0,1775220,1235.0,49328
2021-05-30,ID,Indonesia,SEARO,40821.0,1816041,1076.0,50404
2021-06-06,ID,Indonesia,SEARO,39997.0,1856038,1208.0,51612
2021-06-13,ID,Indonesia,SEARO,55320.0,1911358,1267.0,52879
2021-06-20,ID,Indonesia,SEARO,78551.0,1989909,1783.0,54662
2021-06-27,ID,Indonesia,SEARO,125395.0,2115304,2476.0,57138
2021-07-04,ID,Indonesia,SEARO,168780.0,2284084,3444.0,60582
2021-07-11,ID,Indonesia,SEARO,243119.0,2527203,5882.0,66464
2021-07-18,ID,Indonesia,SEARO,350273.0,2877476,7118.0,73582
2021-07-25,ID,Indonesia,SEARO,289029.0,3166505,9697.0,83279
2021-08-01,ID,Indonesia,SEARO,273891.0,3440396,12444.0,95723
2021-08-08,ID,Indonesia,SEARO,225635.0,3666031,11373.0,107096
2021-08-15,ID,Indonesia,SEARO,188323.0,3854354,10492.0,117588
2021-08-22,ID,Indonesia,SEARO,125102.0,3979456,8784.0,126372
2021-08-29,ID,Indonesia,SEARO,94375.0,4073831,5551.0,131923
2021-09-05,ID,Indonesia,SEARO,55189.0,4129020,3938.0,135861
2021-09-12,ID,Indonesia,SEARO,38491.0,4167511,3028.0,138889
2021-09-19,ID,Indonesia,SEARO,23252.0,4190763,1579.0,140468
2021-09-26,ID,Indonesia,SEARO,17250.0,4208013,999.0,141467
2021-10-03,ID,Indonesia,SEARO,11271.0,4219284,706.0,142173
2021-10-10,ID,Indonesia,SEARO,8648.0,4227932,478.0,142651
2021-10-17,ID,Indonesia,SEARO,6826.0,4234758,301.0,142952
2021-10-24,ID,Indonesia,SEARO,5261.0,4240019,253.0,143205
2021-10-31,ID,Indonesia,SEARO,4339.0,4244358,200.0,143405
2021-11-07,ID,Indonesia,SEARO,3807.0,4248165,140.0,143545
2021-11-14,ID,Indonesia,SEARO,2690.0,4250855,114.0,143659
2021-11-21,ID,Indonesia,SEARO,2557.0,4253412,80.0,143739
2021-11-28,ID,Indonesia,SEARO,2524.0,4255936,69.0,143808
2021-12-05,ID,Indonesia,SEARO,1749.0,4257685,59.0,143867
2021-12-12,ID,Indonesia,SEARO,1458.0,4259143,69.0,143936
2021-12-19,ID,Indonesia,SEARO,1401.0,4260544,66.0,144002
2021-12-26,ID,Indonesia,SEARO,1215.0,4261759,53.0,144055
2022-01-02,ID,Indonesia,SEARO,1409.0,4263168,42.0,144097
2022-01-09,ID,Indonesia,SEARO,3027.0,4266195,32.0,144129
2022-01-16,ID,Indonesia,SEARO,5454.0,4271649,41.0,144170
2022-01-23,ID,Indonesia,SEARO,14729.0,4286378,50.0,144220
2022-01-30,ID,Indonesia,SEARO,56807.0,4343185,83.0,144303
2022-02-06,ID,Indonesia,SEARO,173295.0,4516480,251.0,144554
2022-02-13,ID,Indonesia,SEARO,291298.0,4807778,622.0,145176
2022-02-20,ID,Indonesia,SEARO,389727.0,5197505,1189.0,146365
2022-02-27,ID,Indonesia,SEARO,341889.0,5539394,1708.0,148073
2022-03-06,ID,Indonesia,SEARO,209331.0,5748725,2099.0,150172
2022-03-13,ID,Indonesia,SEARO,141770.0,5890495,1994.0,152166
2022-03-20,ID,Indonesia,SEARO,71988.0,5962483,1572.0,153738
2022-03-27,ID,Indonesia,SEARO,36470.0,5998953,932.0,154670
2022-04-03,ID,Indonesia,SEARO,21028.0,6019981,618.0,155288
2022-04-10,ID,Indonesia,SEARO,12726.0,6032707,338.0,155626
2022-04-17,ID,Indonesia,SEARO,7166.0,6039873,240.0,155866
2022-04-24,ID,Indonesia,SEARO,4277.0,6044150,234.0,156100
2022-05-01,ID,Indonesia,SEARO,2890.0,6047040,173.0,156273
2022-05-08,ID,Indonesia,SEARO,1391.0,6048431,108.0,156381
2022-05-15,ID,Indonesia,SEARO,2345.0,6050776,77.0,156458
2022-05-22,ID,Indonesia,SEARO,1814.0,6052590,64.0,156522
2022-05-29,ID,Indonesia,SEARO,1825.0,6054415,52.0,156574
2022-06-05,ID,Indonesia,SEARO,2385.0,6056800,41.0,156615
2022-06-12,ID,Indonesia,SEARO,3688.0,6060488,28.0,156643
2022-06-19,ID,Indonesia,SEARO,7587.0,6068075,44.0,156687
2022-06-26,ID,Indonesia,SEARO,12376.0,6080451,30.0,156717
2022-07-03,ID,Indonesia,SEARO,13466.0,6093917,32.0,156749
2022-07-10,ID,Indonesia,SEARO,17388.0,6111305,42.0,156791
2022-07-17,ID,Indonesia,SEARO,23648.0,6134953,58.0,156849
2022-07-24,ID,Indonesia,SEARO,33389.0,6168342,53.0,156902
2022-07-31,ID,Indonesia,SEARO,38756.0,6207098,91.0,156993
2022-08-07,ID,Indonesia,SEARO,37880.0,6244978,102.0,157095
2022-08-14,ID,Indonesia,SEARO,37796.0,6282774,131.0,157226
2022-08-21,ID,Indonesia,SEARO,32783.0,6315557,151.0,157377
2022-08-28,ID,Indonesia,SEARO,30747.0,6346304,123.0,157500
2022-09-04,ID,Indonesia,SEARO,26238.0,6372542,147.0,157647
2022-09-11,ID,Indonesia,SEARO,19950.0,6392492,123.0,157770
2022-09-18,ID,Indonesia,SEARO,16314.0,6408806,122.0,157892
2022-09-25,ID,Indonesia,SEARO,13723.0,6422529,122.0,158014
2022-10-02,ID,Indonesia,SEARO,12056.0,6434585,118.0,158132
2022-10-09,ID,Indonesia,SEARO,10363.0,6444948,73.0,158205
2022-10-16,ID,Indonesia,SEARO,11920.0,6456868,108.0,158313
2022-10-23,ID,Indonesia,SEARO,14093.0,6470961,116.0,158429
2022-10-30,ID,Indonesia,SEARO,19661.0,6490622,168.0,158597
2022-11-06,ID,Indonesia,SEARO,30670.0,6521292,232.0,158829
2022-11-13,ID,Indonesia,SEARO,40212.0,6561504,275.0,159104
2022-11-20,ID,Indonesia,SEARO,46863.0,6608367,275.0,159379
2022-11-27,ID,Indonesia,SEARO,41877.0,6650244,297.0,159676
2022-12-04,ID,Indonesia,SEARO,29959.0,6680203,302.0,159978
2022-12-11,ID,Indonesia,SEARO,18587.0,6698790,246.0,160224
2022-12-18,ID,Indonesia,SEARO,10807.0,6709597,174.0,160398
2022-12-25,ID,Indonesia,SEARO,6527.0,6716124,139.0,160537
2023-01-01,ID,Indonesia,SEARO,4057.0,6720181,82.0,160619
2023-01-08,ID,Indonesia,SEARO,3365.0,6723546,64.0,160683
2023-01-15,ID,Indonesia,SEARO,2540.0,6726086,44.0,160727
2023-01-22,ID,Indonesia,SEARO,1979.0,6728065,54.0,160781
2023-01-29,ID,Indonesia,SEARO,1508.0,6729573,22.0,160803
2023-02-05,ID,Indonesia,SEARO,1562.0,6731135,29.0,160832
2023-02-12,ID,Indonesia,SEARO,1664.0,6732799,32.0,160864
2023-02-19,ID,Indonesia,SEARO,1416.0,6734215,22.0,160886
2023-02-26,ID,Indonesia,SEARO,1413.0,6735628,22.0,160908
2023-03-05,ID,Indonesia,SEARO,1531.0,6737159,22.0,160930
2023-03-12,ID,Indonesia,SEARO,1908.0,6739067,18.0,160948
2023-03-19,ID,Indonesia,SEARO,2287.0,6741354,23.0,160971
2023-03-26,ID,Indonesia,SEARO,2679.0,6744033,23.0,160994
2023-04-02,ID,Indonesia,SEARO,3330.0,6747363,33.0,161027
2023-04-09,ID,Indonesia,SEARO,3805.0,6751168,25.0,161052
2023-04-16,ID,Indonesia,SEARO,6277.0,6757445,71.0,161123
2023-04-23,ID,Indonesia,SEARO,6495.0,6763940,54.0,161177
2023-04-30,ID,Indonesia,SEARO,10781.0,6774721,107.0,161284
2023-05-07,ID,Indonesia,SEARO,12633.0,6787354,175.0,161459
2023-05-14,ID,Indonesia,SEARO,9982.0,6797336,150.0,161609
2023-05-21,ID,Indonesia,SEARO,4754.0,6802090,65.0,161674
2023-05-28,ID,Indonesia,SEARO,4198.0,6806288,65.0,161739
2023-06-04,ID,Indonesia,SEARO,2249.0,6808537,50.0,161789
2023-06-11,ID,Indonesia,SEARO,1582.0,6810119,32.0,161821
2023-06-18,ID,Indonesia,SEARO,1009.0,6811128,23.0,161844
2023-06-25,ID,Indonesia,SEARO,652.0,6811780,21.0,161865
2023-07-02,ID,Indonesia,SEARO,307.0,6812087,13.0,161878
2023-07-09,ID,Indonesia,SEARO,302.0,6812389,6.0,161884
2023-07-16,ID,Indonesia,SEARO,281.0,6812670,11.0,161895
2023-07-23,ID,Indonesia,SEARO,148.0,6812818,8.0,161903
2023-07-30,ID,Indonesia,SEARO,148.0,6812966,11.0,161914
2023-08-06,ID,Indonesia,SEARO,129.0,6813095,2.0,161916
2023-08-13,ID,Indonesia,SEARO,72.0,6813167,0.0,161916
2023-08-20,ID,Indonesia,SEARO,66.0,6813233,0.0,161916
2023-08-27,ID,Indonesia,SEARO,68.0,6813301,2.0,161918
2023-09-03,ID,Indonesia,SEARO,66.0,6813367,0.0,161918
2023-09-10,ID,Indonesia,SEARO,11.0,6813378,0.0,161918
2023-09-17,ID,Indonesia,SEARO,51.0,6813429,0.0,161918
2023-09-24,ID,Indonesia,SEARO,0.0,6813429,0.0,161918
2023-10-01,ID,Indonesia,SEARO,0.0,6813429,0.0,161918
2023-10-08,ID,Indonesia,SEARO,0.0,6813429,0.0,161918
2023-10-15,ID,Indonesia,SEARO,0.0,6813429,0.0,161918
2023-10-22,ID,Indonesia,SEARO,0.0,6813429,0.0,161918
2023-10-29,ID,Indonesia,SEARO,0.0,6813429,0.0,161918
2023-11-05,ID,Indonesia,SEARO,0.0,6813429,0.0,161918
2023-11-12,ID,Indonesia,SEARO,0.0,6813429,0.0,161918
2023-11-19,ID,Indonesia,SEARO,0.0,6813429,0.0,161918
2023-11-26,ID,Indonesia,SEARO,0.0,6813429,0.0,161918
2023-12-03,ID,Indonesia,SEARO,0.0,6813429,0.0,161918
2023-12-10,ID,Indonesia,SEARO,1727.0,6815156,5.0,161923
2023-12-17,ID,Indonesia,SEARO,1998.0,6817154,7.0,161930
2023-12-24,ID,Indonesia,SEARO,2676.0,6819830,24.0,161954
2023-12-31,ID,Indonesia,SEARO,1940.0,6821770,18.0,161972
2024-01-07,ID,Indonesia,SEARO,1996.0,6823766,23.0,161995
2024-01-14,ID,Indonesia,SEARO,1772.0,6825538,20.0,162015
2024-01-21,ID,Indonesia,SEARO,1212.0,6826750,18.0,162033
2024-01-28,ID,Indonesia,SEARO,919.0,6827669,12.0,162045
2024-02-04,ID,Indonesia,SEARO,599.0,6828268,9.0,162054
2024-02-11,ID,Indonesia,SEARO,58.0,6828326,-4.0,162050
2024-02-18,ID,Indonesia,SEARO,0.0,6828326,0.0,162050
2024-02-25,ID,Indonesia,SEARO,41.0,6828367,0.0,162050
2024-03-03,ID,Indonesia,SEARO,441.0,6828808,5.0,162055
2024-03-10,ID,Indonesia,SEARO,48.0,6828856,1.0,162056
2024-03-17,ID,Indonesia,SEARO,28.0,6828884,0.0,162056
2024-03-24,ID,Indonesia,SEARO,35.0,6828919,0.0,162056
2024-03-31,ID,Indonesia,SEARO,23.0,6828942,0.0,162056
2024-04-07,ID,Indonesia,SEARO,15.0,6828957,0.0,162056
2024-04-14,ID,Indonesia,SEARO,6.0,6828963,2.0,162058
2024-04-21,ID,Indonesia,SEARO,6.0,6828969,0.0,162058
2024-04-28,ID,Indonesia,SEARO,0.0,6828969,0.0,162058
