Date_reported,Country_code,Country,WHO_region,New_cases,Cumulative_cases,New_deaths,Cumulative_deaths
2020-03-08,IE,Ireland,EURO,18.0,18,1.0,1
2020-03-15,IE,Ireland,EURO,72.0,90,1.0,2
2020-03-22,IE,Ireland,EURO,593.0,683,3.0,5
2020-03-29,IE,Ireland,EURO,1438.0,2121,49.0,54
2020-04-05,IE,Ireland,EURO,2152.0,4273,121.0,175
2020-04-12,IE,Ireland,EURO,3816.0,8089,279.0,454
2020-04-19,IE,Ireland,EURO,5891.0,13980,342.0,796
2020-04-26,IE,Ireland,EURO,4204.0,18184,290.0,1086
2020-05-03,IE,Ireland,EURO,2649.0,20833,201.0,1287
2020-05-10,IE,Ireland,EURO,1708.0,22541,165.0,1452
2020-05-17,IE,Ireland,EURO,1415.0,23956,83.0,1535
2020-05-24,IE,Ireland,EURO,550.0,24506,61.0,1596
2020-05-31,IE,Ireland,EURO,370.0,24876,39.0,1635
2020-06-07,IE,Ireland,EURO,287.0,25163,27.0,1662
2020-06-14,IE,Ireland,EURO,87.0,25250,23.0,1685
2020-06-21,IE,Ireland,EURO,118.0,25368,14.0,1699
2020-06-28,IE,Ireland,EURO,46.0,25414,12.0,1711
2020-07-05,IE,Ireland,EURO,84.0,25498,8.0,1719
2020-07-12,IE,Ireland,EURO,91.0,25589,4.0,1723
2020-07-19,IE,Ireland,EURO,141.0,25730,5.0,1728
2020-07-26,IE,Ireland,EURO,115.0,25845,3.0,1731
2020-08-02,IE,Ireland,EURO,220.0,26065,2.0,1733
2020-08-09,IE,Ireland,EURO,405.0,26470,1.0,1734
2020-08-16,IE,Ireland,EURO,525.0,26995,3.0,1737
2020-08-23,IE,Ireland,EURO,760.0,27755,2.0,1739
2020-08-30,IE,Ireland,EURO,824.0,28579,1.0,1740
2020-09-06,IE,Ireland,EURO,724.0,29303,1.0,1741
2020-09-13,IE,Ireland,EURO,1268.0,30571,8.0,1749
2020-09-20,IE,Ireland,EURO,1700.0,32271,14.0,1763
2020-09-27,IE,Ireland,EURO,2044.0,34315,8.0,1771
2020-10-04,IE,Ireland,EURO,2748.0,37063,12.0,1783
2020-10-11,IE,Ireland,EURO,3640.0,40703,14.0,1797
2020-10-18,IE,Ireland,EURO,6724.0,47427,28.0,1825
2020-10-25,IE,Ireland,EURO,8912.0,56339,35.0,1860
2020-11-01,IE,Ireland,EURO,5798.0,62137,42.0,1902
2020-11-08,IE,Ireland,EURO,3479.0,65616,38.0,1940
2020-11-15,IE,Ireland,EURO,2561.0,68177,39.0,1979
2020-11-22,IE,Ireland,EURO,2703.0,70880,54.0,2033
2020-11-29,IE,Ireland,EURO,1897.0,72777,36.0,2069
2020-12-06,IE,Ireland,EURO,1792.0,74569,47.0,2116
2020-12-13,IE,Ireland,EURO,2016.0,76585,35.0,2151
2020-12-20,IE,Ireland,EURO,2747.0,79332,31.0,2182
2020-12-27,IE,Ireland,EURO,5844.0,85176,48.0,2230
2021-01-03,IE,Ireland,EURO,9434.0,94610,64.0,2294
2021-01-10,IE,Ireland,EURO,42352.0,136962,105.0,2399
2021-01-17,IE,Ireland,EURO,30664.0,167626,290.0,2689
2021-01-24,IE,Ireland,EURO,17731.0,185357,417.0,3106
2021-01-31,IE,Ireland,EURO,9613.0,194970,452.0,3558
2021-02-07,IE,Ireland,EURO,7871.0,202841,388.0,3946
2021-02-14,IE,Ireland,EURO,5957.0,208798,281.0,4227
2021-02-21,IE,Ireland,EURO,5680.0,214478,190.0,4417
2021-02-28,IE,Ireland,EURO,4851.0,219329,150.0,4567
2021-03-07,IE,Ireland,EURO,3918.0,223247,96.0,4663
2021-03-14,IE,Ireland,EURO,3651.0,226898,62.0,4725
2021-03-21,IE,Ireland,EURO,3486.0,230384,60.0,4785
2021-03-28,IE,Ireland,EURO,4021.0,234405,43.0,4828
2021-04-04,IE,Ireland,EURO,3860.0,238265,48.0,4876
2021-04-11,IE,Ireland,EURO,3005.0,241270,32.0,4908
2021-04-18,IE,Ireland,EURO,2627.0,243897,27.0,4935
2021-04-25,IE,Ireland,EURO,2924.0,246821,20.0,4955
2021-05-02,IE,Ireland,EURO,3127.0,249948,16.0,4971
2021-05-09,IE,Ireland,EURO,3034.0,252982,12.0,4983
2021-05-16,IE,Ireland,EURO,2966.0,255948,9.0,4992
2021-05-23,IE,Ireland,EURO,3109.0,259057,11.0,5003
2021-05-30,IE,Ireland,EURO,2871.0,261928,10.0,5013
2021-06-06,IE,Ireland,EURO,2919.0,264847,9.0,5022
2021-06-13,IE,Ireland,EURO,2289.0,267136,1.0,5023
2021-06-20,IE,Ireland,EURO,2193.0,269329,9.0,5032
2021-06-27,IE,Ireland,EURO,2226.0,271555,3.0,5035
2021-07-04,IE,Ireland,EURO,2819.0,274374,6.0,5041
2021-07-11,IE,Ireland,EURO,3439.0,277813,2.0,5043
2021-07-18,IE,Ireland,EURO,5219.0,283032,4.0,5047
2021-07-25,IE,Ireland,EURO,8571.0,291603,5.0,5052
2021-08-01,IE,Ireland,EURO,9024.0,300627,9.0,5061
2021-08-08,IE,Ireland,EURO,9251.0,309878,10.0,5071
2021-08-15,IE,Ireland,EURO,12115.0,321993,16.0,5087
2021-08-22,IE,Ireland,EURO,12389.0,334382,15.0,5102
2021-08-29,IE,Ireland,EURO,12766.0,347148,28.0,5130
2021-09-05,IE,Ireland,EURO,11324.0,358472,44.0,5174
2021-09-12,IE,Ireland,EURO,9911.0,368383,45.0,5219
2021-09-19,IE,Ireland,EURO,8840.0,377223,46.0,5265
2021-09-26,IE,Ireland,EURO,9196.0,386419,36.0,5301
2021-10-03,IE,Ireland,EURO,9106.0,395525,49.0,5350
2021-10-10,IE,Ireland,EURO,8844.0,404369,48.0,5398
2021-10-17,IE,Ireland,EURO,11721.0,416090,48.0,5446
2021-10-24,IE,Ireland,EURO,14171.0,430261,63.0,5509
2021-10-31,IE,Ireland,EURO,14940.0,445201,55.0,5564
2021-11-07,IE,Ireland,EURO,21608.0,466809,77.0,5641
2021-11-14,IE,Ireland,EURO,27728.0,494537,49.0,5690
2021-11-21,IE,Ireland,EURO,28823.0,523360,48.0,5738
2021-11-28,IE,Ireland,EURO,32704.0,556064,70.0,5808
2021-12-05,IE,Ireland,EURO,31944.0,588008,67.0,5875
2021-12-12,IE,Ireland,EURO,31480.0,619488,56.0,5931
2021-12-19,IE,Ireland,EURO,29191.0,648679,70.0,6001
2021-12-26,IE,Ireland,EURO,47414.0,696093,53.0,6054
2022-01-02,IE,Ireland,EURO,97002.0,793095,53.0,6107
2022-01-09,IE,Ireland,EURO,141823.0,934918,61.0,6168
2022-01-16,IE,Ireland,EURO,147583.0,1082501,89.0,6257
2022-01-23,IE,Ireland,EURO,56367.0,1138868,60.0,6317
2022-01-30,IE,Ireland,EURO,35097.0,1173965,78.0,6395
2022-02-06,IE,Ireland,EURO,36269.0,1210234,88.0,6483
2022-02-13,IE,Ireland,EURO,36892.0,1247126,59.0,6542
2022-02-20,IE,Ireland,EURO,32010.0,1279136,45.0,6587
2022-02-27,IE,Ireland,EURO,27088.0,1306224,60.0,6647
2022-03-06,IE,Ireland,EURO,22888.0,1329112,53.0,6700
2022-03-13,IE,Ireland,EURO,26726.0,1355838,65.0,6765
2022-03-20,IE,Ireland,EURO,34473.0,1390311,68.0,6833
2022-03-27,IE,Ireland,EURO,46646.0,1436957,84.0,6917
2022-04-03,IE,Ireland,EURO,42205.0,1479162,99.0,7016
2022-04-10,IE,Ireland,EURO,22014.0,1501176,103.0,7119
2022-04-17,IE,Ireland,EURO,13440.0,1514616,106.0,7225
2022-04-24,IE,Ireland,EURO,8932.0,1523548,81.0,7306
2022-05-01,IE,Ireland,EURO,7576.0,1531124,57.0,7363
2022-05-08,IE,Ireland,EURO,5251.0,1536375,56.0,7419
2022-05-15,IE,Ireland,EURO,13088.0,1549463,28.0,7447
2022-05-22,IE,Ireland,EURO,8038.0,1557501,28.0,7475
2022-05-29,IE,Ireland,EURO,4138.0,1561639,23.0,7498
2022-06-05,IE,Ireland,EURO,4467.0,1566106,19.0,7517
2022-06-12,IE,Ireland,EURO,6053.0,1572159,16.0,7533
2022-06-19,IE,Ireland,EURO,8220.0,1580379,24.0,7557
2022-06-26,IE,Ireland,EURO,11608.0,1591987,29.0,7586
2022-07-03,IE,Ireland,EURO,12852.0,1604839,44.0,7630
2022-07-10,IE,Ireland,EURO,14090.0,1618929,31.0,7661
2022-07-17,IE,Ireland,EURO,14291.0,1633220,50.0,7711
2022-07-24,IE,Ireland,EURO,7832.0,1641052,58.0,7769
2022-07-31,IE,Ireland,EURO,4541.0,1645593,40.0,7809
2022-08-07,IE,Ireland,EURO,2954.0,1648547,39.0,7848
2022-08-14,IE,Ireland,EURO,3193.0,1651740,41.0,7889
2022-08-21,IE,Ireland,EURO,2263.0,1654003,30.0,7919
2022-08-28,IE,Ireland,EURO,1641.0,1655644,19.0,7938
2022-09-04,IE,Ireland,EURO,1902.0,1657546,20.0,7958
2022-09-11,IE,Ireland,EURO,1780.0,1659326,15.0,7973
2022-09-18,IE,Ireland,EURO,1555.0,1660881,13.0,7986
2022-09-25,IE,Ireland,EURO,1875.0,1662756,16.0,8002
2022-10-02,IE,Ireland,EURO,1921.0,1664677,24.0,8026
2022-10-09,IE,Ireland,EURO,2261.0,1666938,32.0,8058
2022-10-16,IE,Ireland,EURO,2210.0,1669148,26.0,8084
2022-10-23,IE,Ireland,EURO,2036.0,1671184,36.0,8120
2022-10-30,IE,Ireland,EURO,1682.0,1672866,32.0,8152
2022-11-06,IE,Ireland,EURO,1905.0,1674771,33.0,8185
2022-11-13,IE,Ireland,EURO,1805.0,1676576,35.0,8220
2022-11-20,IE,Ireland,EURO,1565.0,1678141,34.0,8254
2022-11-27,IE,Ireland,EURO,1551.0,1679692,30.0,8284
2022-12-04,IE,Ireland,EURO,1745.0,1681437,32.0,8316
2022-12-11,IE,Ireland,EURO,2103.0,1683540,36.0,8352
2022-12-18,IE,Ireland,EURO,2699.0,1686239,29.0,8381
2022-12-25,IE,Ireland,EURO,3525.0,1689764,56.0,8437
2023-01-01,IE,Ireland,EURO,3004.0,1692768,65.0,8502
2023-01-08,IE,Ireland,EURO,3660.0,1696428,59.0,8561
2023-01-15,IE,Ireland,EURO,2245.0,1698673,64.0,8625
2023-01-22,IE,Ireland,EURO,1123.0,1699796,46.0,8671
2023-01-29,IE,Ireland,EURO,897.0,1700693,25.0,8696
2023-02-05,IE,Ireland,EURO,754.0,1701447,33.0,8729
2023-02-12,IE,Ireland,EURO,668.0,1702115,21.0,8750
2023-02-19,IE,Ireland,EURO,791.0,1702906,18.0,8768
2023-02-26,IE,Ireland,EURO,650.0,1703556,17.0,8785
2023-03-05,IE,Ireland,EURO,585.0,1704141,17.0,8802
2023-03-12,IE,Ireland,EURO,749.0,1704890,10.0,8812
2023-03-19,IE,Ireland,EURO,922.0,1705812,17.0,8829
2023-03-26,IE,Ireland,EURO,982.0,1706794,20.0,8849
2023-04-02,IE,Ireland,EURO,1345.0,1708139,19.0,8868
2023-04-09,IE,Ireland,EURO,707.0,1708846,20.0,8888
2023-04-16,IE,Ireland,EURO,588.0,1709434,15.0,8903
2023-04-23,IE,Ireland,EURO,612.0,1710046,16.0,8919
2023-04-30,IE,Ireland,EURO,504.0,1710550,26.0,8945
2023-05-07,IE,Ireland,EURO,477.0,1711027,19.0,8964
2023-05-14,IE,Ireland,EURO,492.0,1711519,17.0,8981
2023-05-21,IE,Ireland,EURO,423.0,1711942,29.0,9010
2023-05-28,IE,Ireland,EURO,517.0,1712459,12.0,9022
2023-06-04,IE,Ireland,EURO,435.0,1712894,18.0,9040
2023-06-11,IE,Ireland,EURO,311.0,1713205,21.0,9061
2023-06-18,IE,Ireland,EURO,281.0,1713486,12.0,9073
2023-06-25,IE,Ireland,EURO,223.0,1713709,8.0,9081
2023-07-02,IE,Ireland,EURO,130.0,1713839,7.0,9088
2023-07-09,IE,Ireland,EURO,172.0,1714011,11.0,9099
2023-07-16,IE,Ireland,EURO,212.0,1714223,4.0,9103
2023-07-23,IE,Ireland,EURO,261.0,1714484,4.0,9107
2023-07-30,IE,Ireland,EURO,365.0,1714849,12.0,9119
2023-08-06,IE,Ireland,EURO,625.0,1715474,8.0,9127
2023-08-13,IE,Ireland,EURO,691.0,1716165,15.0,9142
2023-08-20,IE,Ireland,EURO,844.0,1717009,15.0,9157
2023-08-27,IE,Ireland,EURO,931.0,1717940,24.0,9181
2023-09-03,IE,Ireland,EURO,756.0,1718696,20.0,9201
2023-09-10,IE,Ireland,EURO,801.0,1719497,21.0,9222
2023-09-17,IE,Ireland,EURO,718.0,1720215,13.0,9235
2023-09-24,IE,Ireland,EURO,583.0,1720798,13.0,9248
2023-10-01,IE,Ireland,EURO,741.0,1721539,10.0,9258
2023-10-08,IE,Ireland,EURO,706.0,1722245,17.0,9275
2023-10-15,IE,Ireland,EURO,567.0,1722812,17.0,9292
2023-10-22,IE,Ireland,EURO,609.0,1723421,12.0,9304
2023-10-29,IE,Ireland,EURO,502.0,1723923,13.0,9317
2023-11-05,IE,Ireland,EURO,412.0,1724335,13.0,9330
2023-11-12,IE,Ireland,EURO,530.0,1724865,14.0,9344
2023-11-19,IE,Ireland,EURO,484.0,1725349,9.0,9353
2023-11-26,IE,Ireland,EURO,420.0,1725769,4.0,9357
2023-12-03,IE,Ireland,EURO,441.0,1726210,22.0,9379
2023-12-10,IE,Ireland,EURO,511.0,1726721,11.0,9390
2023-12-17,IE,Ireland,EURO,711.0,1727432,19.0,9409
2023-12-24,IE,Ireland,EURO,928.0,1728360,25.0,9434
2023-12-31,IE,Ireland,EURO,595.0,1728955,13.0,9447
2024-01-07,IE,Ireland,EURO,1189.0,1730144,20.0,9467
2024-01-14,IE,Ireland,EURO,957.0,1731101,17.0,9484
2024-01-21,IE,Ireland,EURO,742.0,1731843,16.0,9500
2024-01-28,IE,Ireland,EURO,817.0,1732660,26.0,9526
2024-02-04,IE,Ireland,EURO,572.0,1733232,17.0,9543
2024-02-11,IE,Ireland,EURO,412.0,1733644,13.0,9556
2024-02-18,IE,Ireland,EURO,373.0,1734017,6.0,9562
2024-02-25,IE,Ireland,EURO,263.0,1734280,4.0,9566
2024-03-03,IE,Ireland,EURO,222.0,1734502,6.0,9572
2024-03-10,IE,Ireland,EURO,167.0,1734669,2.0,9574
2024-03-17,IE,Ireland,EURO,168.0,1734837,3.0,9577
2024-03-24,IE,Ireland,EURO,169.0,1735006,8.0,9585
2024-03-31,IE,Ireland,EURO,142.0,1735148,3.0,9588
2024-04-07,IE,Ireland,EURO,145.0,1735293,2.0,9590
2024-04-14,IE,Ireland,EURO,187.0,1735480,2.0,9592
2024-04-21,IE,Ireland,EURO,163.0,1735643,1.0,9593
2024-04-28,IE,Ireland,EURO,187.0,1735830,1.0,9594
