Date_reported,Country_code,Country,WHO_region,New_cases,Cumulative_cases,New_deaths,Cumulative_deaths
2020-03-01,IQ,Iraq,EMRO,13.0,13,0.0,0
2020-03-08,IQ,Iraq,EMRO,41.0,54,2.0,2
2020-03-15,IQ,Iraq,EMRO,58.0,112,7.0,9
2020-03-22,IQ,Iraq,EMRO,102.0,214,8.0,17
2020-03-29,IQ,Iraq,EMRO,292.0,506,25.0,42
2020-04-05,IQ,Iraq,EMRO,372.0,878,14.0,56
2020-04-12,IQ,Iraq,EMRO,440.0,1318,16.0,72
2020-04-19,IQ,Iraq,EMRO,195.0,1513,10.0,82
2020-04-26,IQ,Iraq,EMRO,250.0,1763,4.0,86
2020-05-03,IQ,Iraq,EMRO,456.0,2219,9.0,95
2020-05-10,IQ,Iraq,EMRO,460.0,2679,12.0,107
2020-05-17,IQ,Iraq,EMRO,581.0,3260,14.0,121
2020-05-24,IQ,Iraq,EMRO,1012.0,4272,31.0,152
2020-05-31,IQ,Iraq,EMRO,1907.0,6179,43.0,195
2020-06-07,IQ,Iraq,EMRO,4919.0,11098,123.0,318
2020-06-14,IQ,Iraq,EMRO,7852.0,18950,231.0,549
2020-06-21,IQ,Iraq,EMRO,10272.0,29222,464.0,1013
2020-06-28,IQ,Iraq,EMRO,14040.0,43262,647.0,1660
2020-07-05,IQ,Iraq,EMRO,15092.0,58354,708.0,2368
2020-07-12,IQ,Iraq,EMRO,16840.0,75194,687.0,3055
2020-07-19,IQ,Iraq,EMRO,15026.0,90220,636.0,3691
2020-07-26,IQ,Iraq,EMRO,17353.0,107573,593.0,4284
2020-08-02,IQ,Iraq,EMRO,19131.0,126704,521.0,4805
2020-08-09,IQ,Iraq,EMRO,20685.0,147389,505.0,5310
2020-08-16,IQ,Iraq,EMRO,25194.0,172583,475.0,5785
2020-08-23,IQ,Iraq,EMRO,28467.0,201050,568.0,6353
2020-08-30,IQ,Iraq,EMRO,26396.0,227446,538.0,6891
2020-09-06,IQ,Iraq,EMRO,29273.0,256719,531.0,7422
2020-09-13,IQ,Iraq,EMRO,30059.0,286778,519.0,7941
2020-09-20,IQ,Iraq,EMRO,28819.0,315597,550.0,8491
2020-09-27,IQ,Iraq,EMRO,30372.0,345969,444.0,8935
2020-10-04,IQ,Iraq,EMRO,29962.0,375931,412.0,9347
2020-10-11,IQ,Iraq,EMRO,24193.0,400124,443.0,9790
2020-10-18,IQ,Iraq,EMRO,23400.0,423524,408.0,10198
2020-10-25,IQ,Iraq,EMRO,25629.0,449153,370.0,10568
2020-11-01,IQ,Iraq,EMRO,23477.0,472630,342.0,10910
2020-11-08,IQ,Iraq,EMRO,23389.0,496019,373.0,11283
2020-11-15,IQ,Iraq,EMRO,20896.0,516915,340.0,11623
2020-11-22,IQ,Iraq,EMRO,16640.0,533555,302.0,11925
2020-11-29,IQ,Iraq,EMRO,15266.0,548821,275.0,12200
2020-12-06,IQ,Iraq,EMRO,13699.0,562520,211.0,12411
2020-12-13,IQ,Iraq,EMRO,11102.0,573622,154.0,12565
2020-12-20,IQ,Iraq,EMRO,9496.0,583118,115.0,12680
2020-12-27,IQ,Iraq,EMRO,7661.0,590779,87.0,12767
2021-01-03,IQ,Iraq,EMRO,6254.0,597033,62.0,12829
2021-01-10,IQ,Iraq,EMRO,5298.0,602331,52.0,12881
2021-01-17,IQ,Iraq,EMRO,5256.0,607587,54.0,12935
2021-01-24,IQ,Iraq,EMRO,5283.0,612870,53.0,12988
2021-01-31,IQ,Iraq,EMRO,6052.0,618922,53.0,13041
2021-02-07,IQ,Iraq,EMRO,8494.0,627416,70.0,13111
2021-02-14,IQ,Iraq,EMRO,14212.0,641628,53.0,13164
2021-02-21,IQ,Iraq,EMRO,23122.0,664750,81.0,13245
2021-02-28,IQ,Iraq,EMRO,27491.0,692241,138.0,13383
2021-03-07,IQ,Iraq,EMRO,30948.0,723189,165.0,13548
2021-03-14,IQ,Iraq,EMRO,31129.0,754318,171.0,13719
2021-03-21,IQ,Iraq,EMRO,35072.0,789390,250.0,13969
2021-03-28,IQ,Iraq,EMRO,37767.0,827157,208.0,14177
2021-04-04,IQ,Iraq,EMRO,41043.0,868200,253.0,14430
2021-04-11,IQ,Iraq,EMRO,49955.0,918155,248.0,14678
2021-04-18,IQ,Iraq,EMRO,52832.0,970987,270.0,14948
2021-04-25,IQ,Iraq,EMRO,54301.0,1025288,269.0,15217
2021-05-02,IQ,Iraq,EMRO,45078.0,1070366,281.0,15498
2021-05-09,IQ,Iraq,EMRO,38192.0,1108558,243.0,15741
2021-05-16,IQ,Iraq,EMRO,28359.0,1136917,189.0,15930
2021-05-23,IQ,Iraq,EMRO,27232.0,1164149,228.0,16158
2021-05-30,IQ,Iraq,EMRO,29459.0,1193608,176.0,16334
2021-06-06,IQ,Iraq,EMRO,28070.0,1221678,184.0,16518
2021-06-13,IQ,Iraq,EMRO,29013.0,1250691,172.0,16690
2021-06-20,IQ,Iraq,EMRO,32614.0,1283305,170.0,16860
2021-06-27,IQ,Iraq,EMRO,37927.0,1321232,201.0,17061
2021-07-04,IQ,Iraq,EMRO,43979.0,1365211,220.0,17281
2021-07-11,IQ,Iraq,EMRO,56535.0,1421746,234.0,17515
2021-07-18,IQ,Iraq,EMRO,61268.0,1483014,274.0,17789
2021-07-25,IQ,Iraq,EMRO,60487.0,1543501,443.0,18232
2021-08-01,IQ,Iraq,EMRO,83098.0,1626599,425.0,18657
2021-08-08,IQ,Iraq,EMRO,77764.0,1704363,489.0,19146
2021-08-15,IQ,Iraq,EMRO,64390.0,1768753,460.0,19606
2021-08-22,IQ,Iraq,EMRO,50702.0,1819455,504.0,20110
2021-08-29,IQ,Iraq,EMRO,48897.0,1868352,522.0,20632
2021-09-05,IQ,Iraq,EMRO,44043.0,1912395,410.0,21042
2021-09-12,IQ,Iraq,EMRO,34816.0,1947211,403.0,21445
2021-09-19,IQ,Iraq,EMRO,25494.0,1972705,330.0,21775
2021-09-26,IQ,Iraq,EMRO,18923.0,1991628,297.0,22072
2021-10-03,IQ,Iraq,EMRO,15599.0,2007227,272.0,22344
2021-10-10,IQ,Iraq,EMRO,14882.0,2022109,193.0,22537
2021-10-17,IQ,Iraq,EMRO,11628.0,2033737,201.0,22738
2021-10-24,IQ,Iraq,EMRO,11290.0,2045027,199.0,22937
2021-10-31,IQ,Iraq,EMRO,9175.0,2054202,201.0,23138
2021-11-07,IQ,Iraq,EMRO,7737.0,2061939,181.0,23319
2021-11-14,IQ,Iraq,EMRO,6449.0,2068388,164.0,23483
2021-11-21,IQ,Iraq,EMRO,5447.0,2073835,159.0,23642
2021-11-28,IQ,Iraq,EMRO,5249.0,2079084,130.0,23772
2021-12-05,IQ,Iraq,EMRO,4805.0,2083889,101.0,23873
2021-12-12,IQ,Iraq,EMRO,3608.0,2087497,92.0,23965
2021-12-19,IQ,Iraq,EMRO,2711.0,2090208,86.0,24051
2021-12-26,IQ,Iraq,EMRO,2104.0,2092312,71.0,24122
2022-01-02,IQ,Iraq,EMRO,1579.0,2093891,41.0,24163
2022-01-09,IQ,Iraq,EMRO,2915.0,2096806,37.0,24200
2022-01-16,IQ,Iraq,EMRO,13877.0,2110683,42.0,24242
2022-01-23,IQ,Iraq,EMRO,38623.0,2149306,41.0,24283
2022-01-30,IQ,Iraq,EMRO,48477.0,2197783,78.0,24361
2022-02-06,IQ,Iraq,EMRO,46827.0,2244610,138.0,24499
2022-02-13,IQ,Iraq,EMRO,28925.0,2273535,179.0,24678
2022-02-20,IQ,Iraq,EMRO,16476.0,2290011,173.0,24851
2022-02-27,IQ,Iraq,EMRO,10634.0,2300645,109.0,24960
2022-03-06,IQ,Iraq,EMRO,6910.0,2307555,81.0,25041
2022-03-13,IQ,Iraq,EMRO,4737.0,2312292,56.0,25097
2022-03-20,IQ,Iraq,EMRO,3499.0,2315791,30.0,25127
2022-03-27,IQ,Iraq,EMRO,1956.0,2317747,22.0,25149
2022-04-03,IQ,Iraq,EMRO,2379.0,2320126,21.0,25170
2022-04-10,IQ,Iraq,EMRO,1655.0,2321781,13.0,25183
2022-04-17,IQ,Iraq,EMRO,1259.0,2323040,15.0,25198
2022-04-24,IQ,Iraq,EMRO,1101.0,2324141,6.0,25204
2022-05-01,IQ,Iraq,EMRO,951.0,2325092,7.0,25211
2022-05-08,IQ,Iraq,EMRO,430.0,2325522,2.0,25213
2022-05-15,IQ,Iraq,EMRO,834.0,2326356,3.0,25216
2022-05-22,IQ,Iraq,EMRO,836.0,2327192,0.0,25216
2022-05-29,IQ,Iraq,EMRO,645.0,2327837,3.0,25219
2022-06-05,IQ,Iraq,EMRO,745.0,2328582,1.0,25220
2022-06-12,IQ,Iraq,EMRO,1080.0,2329662,2.0,25222
2022-06-19,IQ,Iraq,EMRO,2210.0,2331872,6.0,25228
2022-06-26,IQ,Iraq,EMRO,6237.0,2338109,1.0,25229
2022-07-03,IQ,Iraq,EMRO,15791.0,2353900,14.0,25243
2022-07-10,IQ,Iraq,EMRO,29194.0,2383094,10.0,25253
2022-07-17,IQ,Iraq,EMRO,19217.0,2402311,14.0,25267
2022-07-24,IQ,Iraq,EMRO,25573.0,2427884,19.0,25286
2022-07-31,IQ,Iraq,EMRO,15888.0,2443772,27.0,25313
2022-08-07,IQ,Iraq,EMRO,6865.0,2450637,12.0,25325
2022-08-14,IQ,Iraq,EMRO,3576.0,2454213,13.0,25338
2022-08-21,IQ,Iraq,EMRO,2342.0,2456555,5.0,25343
2022-08-28,IQ,Iraq,EMRO,1316.0,2457871,3.0,25346
2022-09-04,IQ,Iraq,EMRO,638.0,2458509,2.0,25348
2022-09-11,IQ,Iraq,EMRO,413.0,2458922,3.0,25351
2022-09-18,IQ,Iraq,EMRO,256.0,2459178,1.0,25352
2022-09-25,IQ,Iraq,EMRO,327.0,2459505,0.0,25352
2022-10-02,IQ,Iraq,EMRO,813.0,2460318,4.0,25356
2022-10-09,IQ,Iraq,EMRO,526.0,2460844,0.0,25356
2022-10-16,IQ,Iraq,EMRO,205.0,2461049,2.0,25358
2022-10-23,IQ,Iraq,EMRO,180.0,2461229,0.0,25358
2022-10-30,IQ,Iraq,EMRO,221.0,2461450,2.0,25360
2022-11-06,IQ,Iraq,EMRO,357.0,2461807,1.0,25361
2022-11-13,IQ,Iraq,EMRO,465.0,2462272,0.0,25361
2022-11-20,IQ,Iraq,EMRO,697.0,2462969,1.0,25362
2022-11-27,IQ,Iraq,EMRO,698.0,2463667,2.0,25364
2022-12-04,IQ,Iraq,EMRO,649.0,2464316,1.0,25365
2022-12-11,IQ,Iraq,EMRO,455.0,2464771,2.0,25367
2022-12-18,IQ,Iraq,EMRO,324.0,2465095,6.0,25373
2022-12-25,IQ,Iraq,EMRO,278.0,2465373,1.0,25374
2023-01-01,IQ,Iraq,EMRO,172.0,2465545,1.0,25375
2023-01-08,IQ,Iraq,EMRO,0.0,2465545,0.0,25375
2023-01-15,IQ,Iraq,EMRO,0.0,2465545,0.0,25375
2023-01-22,IQ,Iraq,EMRO,0.0,2465545,0.0,25375
2023-01-29,IQ,Iraq,EMRO,0.0,2465545,0.0,25375
2023-02-05,IQ,Iraq,EMRO,0.0,2465545,0.0,25375
2023-02-12,IQ,Iraq,EMRO,0.0,2465545,0.0,25375
2023-02-19,IQ,Iraq,EMRO,0.0,2465545,0.0,25375
2023-02-26,IQ,Iraq,EMRO,0.0,2465545,0.0,25375
2023-03-05,IQ,Iraq,EMRO,0.0,2465545,0.0,25375
2023-03-12,IQ,Iraq,EMRO,0.0,2465545,0.0,25375
2023-03-19,IQ,Iraq,EMRO,0.0,2465545,0.0,25375
2023-03-26,IQ,Iraq,EMRO,0.0,2465545,0.0,25375
2023-04-02,IQ,Iraq,EMRO,0.0,2465545,0.0,25375
2023-04-09,IQ,Iraq,EMRO,0.0,2465545,0.0,25375
2023-04-16,IQ,Iraq,EMRO,0.0,2465545,0.0,25375
2023-04-23,IQ,Iraq,EMRO,0.0,2465545,0.0,25375
2023-04-30,IQ,Iraq,EMRO,0.0,2465545,0.0,25375
2023-05-07,IQ,Iraq,EMRO,0.0,2465545,0.0,25375
2023-05-14,IQ,Iraq,EMRO,0.0,2465545,0.0,25375
2023-05-21,IQ,Iraq,EMRO,0.0,2465545,0.0,25375
2023-05-28,IQ,Iraq,EMRO,0.0,2465545,0.0,25375
2023-06-04,IQ,Iraq,EMRO,0.0,2465545,0.0,25375
2023-06-11,IQ,Iraq,EMRO,0.0,2465545,0.0,25375
2023-06-18,IQ,Iraq,EMRO,0.0,2465545,0.0,25375
2023-06-25,IQ,Iraq,EMRO,0.0,2465545,0.0,25375
2023-07-02,IQ,Iraq,EMRO,0.0,2465545,0.0,25375
2023-07-09,IQ,Iraq,EMRO,0.0,2465545,0.0,25375
2023-07-16,IQ,Iraq,EMRO,0.0,2465545,0.0,25375
2023-07-23,IQ,Iraq,EMRO,0.0,2465545,0.0,25375
2023-07-30,IQ,Iraq,EMRO,0.0,2465545,0.0,25375
2023-08-06,IQ,Iraq,EMRO,0.0,2465545,0.0,25375
2023-08-13,IQ,Iraq,EMRO,0.0,2465545,0.0,25375
2023-08-20,IQ,Iraq,EMRO,0.0,2465545,0.0,25375
2023-08-27,IQ,Iraq,EMRO,0.0,2465545,0.0,25375
2023-09-03,IQ,Iraq,EMRO,0.0,2465545,0.0,25375
2023-09-10,IQ,Iraq,EMRO,0.0,2465545,0.0,25375
2023-09-17,IQ,Iraq,EMRO,0.0,2465545,0.0,25375
2023-09-24,IQ,Iraq,EMRO,0.0,2465545,0.0,25375
2023-10-01,IQ,Iraq,EMRO,0.0,2465545,0.0,25375
2023-10-08,IQ,Iraq,EMRO,0.0,2465545,0.0,25375
2023-10-15,IQ,Iraq,EMRO,0.0,2465545,0.0,25375
2023-10-22,IQ,Iraq,EMRO,0.0,2465545,0.0,25375
2023-10-29,IQ,Iraq,EMRO,0.0,2465545,0.0,25375
2023-11-05,IQ,Iraq,EMRO,0.0,2465545,0.0,25375
2023-11-12,IQ,Iraq,EMRO,0.0,2465545,0.0,25375
2023-11-19,IQ,Iraq,EMRO,0.0,2465545,0.0,25375
2023-11-26,IQ,Iraq,EMRO,0.0,2465545,0.0,25375
2023-12-03,IQ,Iraq,EMRO,0.0,2465545,0.0,25375
2023-12-10,IQ,Iraq,EMRO,0.0,2465545,0.0,25375
2023-12-17,IQ,Iraq,EMRO,0.0,2465545,0.0,25375
2023-12-24,IQ,Iraq,EMRO,0.0,2465545,0.0,25375
2023-12-31,IQ,Iraq,EMRO,0.0,2465545,0.0,25375
2024-01-07,IQ,Iraq,EMRO,0.0,2465545,0.0,25375
2024-01-14,IQ,Iraq,EMRO,0.0,2465545,0.0,25375
2024-01-21,IQ,Iraq,EMRO,0.0,2465545,0.0,25375
2024-01-28,IQ,Iraq,EMRO,0.0,2465545,0.0,25375
2024-02-04,IQ,Iraq,EMRO,0.0,2465545,0.0,25375
2024-02-11,IQ,Iraq,EMRO,0.0,2465545,0.0,25375
2024-02-18,IQ,Iraq,EMRO,0.0,2465545,0.0,25375
2024-02-25,IQ,Iraq,EMRO,0.0,2465545,0.0,25375
2024-03-03,IQ,Iraq,EMRO,0.0,2465545,0.0,25375
2024-03-10,IQ,Iraq,EMRO,0.0,2465545,0.0,25375
2024-03-17,IQ,Iraq,EMRO,0.0,2465545,0.0,25375
2024-03-24,IQ,Iraq,EMRO,0.0,2465545,0.0,25375
2024-03-31,IQ,Iraq,EMRO,0.0,2465545,0.0,25375
2024-04-07,IQ,Iraq,EMRO,0.0,2465545,0.0,25375
2024-04-14,IQ,Iraq,EMRO,0.0,2465545,0.0,25375
2024-04-21,IQ,Iraq,EMRO,0.0,2465545,0.0,25375
2024-04-28,IQ,Iraq,EMRO,0.0,2465545,0.0,25375
