Date_reported,Country_code,Country,WHO_region,New_cases,Cumulative_cases,New_deaths,Cumulative_deaths
2020-02-09,IS,Iceland,EURO,15.0,15,0.0,0
2020-02-16,IS,Iceland,EURO,0.0,15,0.0,0
2020-02-23,IS,Iceland,EURO,0.0,15,0.0,0
2020-03-01,IS,Iceland,EURO,7.0,22,0.0,0
2020-03-08,IS,Iceland,EURO,53.0,75,0.0,0
2020-03-15,IS,Iceland,EURO,117.0,192,0.0,0
2020-03-22,IS,Iceland,EURO,461.0,653,1.0,1
2020-03-29,IS,Iceland,EURO,509.0,1162,1.0,2
2020-04-05,IS,Iceland,EURO,440.0,1602,4.0,6
2020-04-12,IS,Iceland,EURO,135.0,1737,2.0,8
2020-04-19,IS,Iceland,EURO,53.0,1790,1.0,9
2020-04-26,IS,Iceland,EURO,16.0,1806,1.0,10
2020-05-03,IS,Iceland,EURO,7.0,1813,0.0,10
2020-05-10,IS,Iceland,EURO,2.0,1815,0.0,10
2020-05-17,IS,Iceland,EURO,1.0,1816,0.0,10
2020-05-24,IS,Iceland,EURO,2.0,1818,0.0,10
2020-05-31,IS,Iceland,EURO,2.0,1820,0.0,10
2020-06-07,IS,Iceland,EURO,1.0,1821,0.0,10
2020-06-14,IS,Iceland,EURO,2.0,1823,0.0,10
2020-06-21,IS,Iceland,EURO,5.0,1828,0.0,10
2020-06-28,IS,Iceland,EURO,6.0,1834,0.0,10
2020-07-05,IS,Iceland,EURO,9.0,1843,0.0,10
2020-07-12,IS,Iceland,EURO,3.0,1846,0.0,10
2020-07-19,IS,Iceland,EURO,6.0,1852,0.0,10
2020-07-26,IS,Iceland,EURO,16.0,1868,0.0,10
2020-08-02,IS,Iceland,EURO,59.0,1927,0.0,10
2020-08-09,IS,Iceland,EURO,47.0,1974,0.0,10
2020-08-16,IS,Iceland,EURO,54.0,2028,0.0,10
2020-08-23,IS,Iceland,EURO,55.0,2083,0.0,10
2020-08-30,IS,Iceland,EURO,41.0,2124,0.0,10
2020-09-06,IS,Iceland,EURO,32.0,2156,0.0,10
2020-09-13,IS,Iceland,EURO,25.0,2181,0.0,10
2020-09-20,IS,Iceland,EURO,212.0,2393,0.0,10
2020-09-27,IS,Iceland,EURO,280.0,2673,0.0,10
2020-10-04,IS,Iceland,EURO,321.0,2994,0.0,10
2020-10-11,IS,Iceland,EURO,603.0,3597,1.0,11
2020-10-18,IS,Iceland,EURO,532.0,4129,1.0,12
2020-10-25,IS,Iceland,EURO,397.0,4526,0.0,12
2020-11-01,IS,Iceland,EURO,408.0,4934,5.0,17
2020-11-08,IS,Iceland,EURO,174.0,5108,7.0,24
2020-11-15,IS,Iceland,EURO,108.0,5216,1.0,25
2020-11-22,IS,Iceland,EURO,80.0,5296,1.0,26
2020-11-29,IS,Iceland,EURO,107.0,5403,0.0,26
2020-12-06,IS,Iceland,EURO,105.0,5508,1.0,27
2020-12-13,IS,Iceland,EURO,64.0,5572,1.0,28
2020-12-20,IS,Iceland,EURO,89.0,5661,0.0,28
2020-12-27,IS,Iceland,EURO,82.0,5743,0.0,28
2021-01-03,IS,Iceland,EURO,73.0,5816,1.0,29
2021-01-10,IS,Iceland,EURO,102.0,5918,0.0,29
2021-01-17,IS,Iceland,EURO,70.0,5988,0.0,29
2021-01-24,IS,Iceland,EURO,19.0,6007,0.0,29
2021-01-31,IS,Iceland,EURO,22.0,6029,0.0,29
2021-02-07,IS,Iceland,EURO,12.0,6041,0.0,29
2021-02-14,IS,Iceland,EURO,15.0,6056,0.0,29
2021-02-21,IS,Iceland,EURO,10.0,6066,0.0,29
2021-02-28,IS,Iceland,EURO,10.0,6076,0.0,29
2021-03-07,IS,Iceland,EURO,11.0,6087,0.0,29
2021-03-14,IS,Iceland,EURO,19.0,6106,0.0,29
2021-03-21,IS,Iceland,EURO,38.0,6144,0.0,29
2021-03-28,IS,Iceland,EURO,61.0,6205,0.0,29
2021-04-04,IS,Iceland,EURO,50.0,6255,0.0,29
2021-04-11,IS,Iceland,EURO,34.0,6289,0.0,29
2021-04-18,IS,Iceland,EURO,62.0,6351,0.0,29
2021-04-25,IS,Iceland,EURO,65.0,6416,0.0,29
2021-05-02,IS,Iceland,EURO,54.0,6470,0.0,29
2021-05-09,IS,Iceland,EURO,35.0,6505,0.0,29
2021-05-16,IS,Iceland,EURO,30.0,6535,0.0,29
2021-05-23,IS,Iceland,EURO,7.0,6542,1.0,30
2021-05-30,IS,Iceland,EURO,30.0,6572,0.0,30
2021-06-06,IS,Iceland,EURO,28.0,6600,0.0,30
2021-06-13,IS,Iceland,EURO,11.0,6611,0.0,30
2021-06-20,IS,Iceland,EURO,10.0,6621,0.0,30
2021-06-27,IS,Iceland,EURO,17.0,6638,0.0,30
2021-07-04,IS,Iceland,EURO,16.0,6654,0.0,30
2021-07-11,IS,Iceland,EURO,25.0,6679,0.0,30
2021-07-18,IS,Iceland,EURO,99.0,6778,0.0,30
2021-07-25,IS,Iceland,EURO,519.0,7297,0.0,30
2021-08-01,IS,Iceland,EURO,815.0,8112,0.0,30
2021-08-08,IS,Iceland,EURO,776.0,8888,0.0,30
2021-08-15,IS,Iceland,EURO,680.0,9568,0.0,30
2021-08-22,IS,Iceland,EURO,605.0,10173,0.0,30
2021-08-29,IS,Iceland,EURO,525.0,10698,3.0,33
2021-09-05,IS,Iceland,EURO,355.0,11053,0.0,33
2021-09-12,IS,Iceland,EURO,219.0,11272,0.0,33
2021-09-19,IS,Iceland,EURO,189.0,11461,0.0,33
2021-09-26,IS,Iceland,EURO,251.0,11712,0.0,33
2021-10-03,IS,Iceland,EURO,235.0,11947,0.0,33
2021-10-10,IS,Iceland,EURO,285.0,12232,0.0,33
2021-10-17,IS,Iceland,EURO,373.0,12605,0.0,33
2021-10-24,IS,Iceland,EURO,525.0,13130,0.0,33
2021-10-31,IS,Iceland,EURO,601.0,13731,1.0,34
2021-11-07,IS,Iceland,EURO,827.0,14558,0.0,34
2021-11-14,IS,Iceland,EURO,1175.0,15733,0.0,34
2021-11-21,IS,Iceland,EURO,1058.0,16791,0.0,34
2021-11-28,IS,Iceland,EURO,975.0,17766,1.0,35
2021-12-05,IS,Iceland,EURO,868.0,18634,0.0,35
2021-12-12,IS,Iceland,EURO,901.0,19535,1.0,36
2021-12-19,IS,Iceland,EURO,1352.0,20887,1.0,37
2021-12-26,IS,Iceland,EURO,3319.0,24206,0.0,37
2022-01-02,IS,Iceland,EURO,6853.0,31059,1.0,38
2022-01-09,IS,Iceland,EURO,8921.0,39980,3.0,41
2022-01-16,IS,Iceland,EURO,131.0,40111,0.0,41
2022-01-23,IS,Iceland,EURO,9874.0,49985,0.0,41
2022-01-30,IS,Iceland,EURO,9188.0,59173,2.0,43
2022-02-06,IS,Iceland,EURO,10475.0,69648,3.0,46
2022-02-13,IS,Iceland,EURO,13792.0,83440,5.0,51
2022-02-20,IS,Iceland,EURO,17366.0,100806,5.0,56
2022-02-27,IS,Iceland,EURO,13322.0,114128,3.0,59
2022-03-06,IS,Iceland,EURO,16895.0,131023,8.0,67
2022-03-13,IS,Iceland,EURO,19640.0,150663,6.0,73
2022-03-20,IS,Iceland,EURO,13313.0,163976,10.0,83
2022-03-27,IS,Iceland,EURO,7342.0,171318,4.0,87
2022-04-03,IS,Iceland,EURO,3024.0,174342,8.0,95
2022-04-10,IS,Iceland,EURO,1622.0,175964,9.0,104
2022-04-17,IS,Iceland,EURO,875.0,176839,1.0,105
2022-04-24,IS,Iceland,EURO,866.0,177705,5.0,110
2022-05-01,IS,Iceland,EURO,551.0,178256,0.0,110
2022-05-08,IS,Iceland,EURO,451.0,178707,1.0,111
2022-05-15,IS,Iceland,EURO,778.0,179485,0.0,111
2022-05-22,IS,Iceland,EURO,863.0,180348,0.0,111
2022-05-29,IS,Iceland,EURO,809.0,181157,0.0,111
2022-06-05,IS,Iceland,EURO,1159.0,182316,0.0,111
2022-06-12,IS,Iceland,EURO,1412.0,183728,0.0,111
2022-06-19,IS,Iceland,EURO,1535.0,185263,2.0,113
2022-06-26,IS,Iceland,EURO,2409.0,187672,2.0,115
2022-07-03,IS,Iceland,EURO,3196.0,190868,2.0,117
2022-07-10,IS,Iceland,EURO,3196.0,194064,0.0,117
2022-07-17,IS,Iceland,EURO,2338.0,196402,0.0,117
2022-07-24,IS,Iceland,EURO,1695.0,198097,0.0,117
2022-07-31,IS,Iceland,EURO,1337.0,199434,0.0,117
2022-08-07,IS,Iceland,EURO,803.0,200237,0.0,117
2022-08-14,IS,Iceland,EURO,860.0,201097,0.0,117
2022-08-21,IS,Iceland,EURO,717.0,201814,0.0,117
2022-08-28,IS,Iceland,EURO,547.0,202361,0.0,117
2022-09-04,IS,Iceland,EURO,424.0,202785,0.0,117
2022-09-11,IS,Iceland,EURO,357.0,203142,0.0,117
2022-09-18,IS,Iceland,EURO,250.0,203392,0.0,117
2022-09-25,IS,Iceland,EURO,239.0,203631,0.0,117
2022-10-02,IS,Iceland,EURO,240.0,203871,0.0,117
2022-10-09,IS,Iceland,EURO,188.0,204059,0.0,117
2022-10-16,IS,Iceland,EURO,217.0,204276,0.0,117
2022-10-23,IS,Iceland,EURO,324.0,204600,0.0,117
2022-10-30,IS,Iceland,EURO,295.0,204895,0.0,117
2022-11-06,IS,Iceland,EURO,305.0,205200,0.0,117
2022-11-13,IS,Iceland,EURO,310.0,205510,69.0,186
2022-11-20,IS,Iceland,EURO,276.0,205786,0.0,186
2022-11-27,IS,Iceland,EURO,274.0,206060,0.0,186
2022-12-04,IS,Iceland,EURO,207.0,206267,0.0,186
2022-12-11,IS,Iceland,EURO,207.0,206474,0.0,186
2022-12-18,IS,Iceland,EURO,384.0,206858,0.0,186
2022-12-25,IS,Iceland,EURO,355.0,207213,0.0,186
2023-01-01,IS,Iceland,EURO,223.0,207436,0.0,186
2023-01-08,IS,Iceland,EURO,192.0,207628,0.0,186
2023-01-15,IS,Iceland,EURO,0.0,207628,0.0,186
2023-01-22,IS,Iceland,EURO,76.0,207704,0.0,186
2023-01-29,IS,Iceland,EURO,105.0,207809,0.0,186
2023-02-05,IS,Iceland,EURO,190.0,207999,0.0,186
2023-02-12,IS,Iceland,EURO,115.0,208114,0.0,186
2023-02-19,IS,Iceland,EURO,101.0,208215,0.0,186
2023-02-26,IS,Iceland,EURO,117.0,208332,0.0,186
2023-03-05,IS,Iceland,EURO,75.0,208407,0.0,186
2023-03-12,IS,Iceland,EURO,32.0,208439,0.0,186
2023-03-19,IS,Iceland,EURO,44.0,208483,0.0,186
2023-03-26,IS,Iceland,EURO,28.0,208511,0.0,186
2023-04-02,IS,Iceland,EURO,37.0,208548,0.0,186
2023-04-09,IS,Iceland,EURO,28.0,208576,0.0,186
2023-04-16,IS,Iceland,EURO,16.0,208592,0.0,186
2023-04-23,IS,Iceland,EURO,8.0,208600,0.0,186
2023-04-30,IS,Iceland,EURO,10.0,208610,0.0,186
2023-05-07,IS,Iceland,EURO,10.0,208620,0.0,186
2023-05-14,IS,Iceland,EURO,10.0,208630,0.0,186
2023-05-21,IS,Iceland,EURO,16.0,208646,0.0,186
2023-05-28,IS,Iceland,EURO,19.0,208665,0.0,186
2023-06-04,IS,Iceland,EURO,23.0,208688,0.0,186
2023-06-11,IS,Iceland,EURO,19.0,208707,0.0,186
2023-06-18,IS,Iceland,EURO,21.0,208728,0.0,186
2023-06-25,IS,Iceland,EURO,7.0,208735,0.0,186
2023-07-02,IS,Iceland,EURO,8.0,208743,0.0,186
2023-07-09,IS,Iceland,EURO,8.0,208751,0.0,186
2023-07-16,IS,Iceland,EURO,6.0,208757,0.0,186
2023-07-23,IS,Iceland,EURO,35.0,208792,0.0,186
2023-07-30,IS,Iceland,EURO,22.0,208814,0.0,186
2023-08-06,IS,Iceland,EURO,31.0,208845,0.0,186
2023-08-13,IS,Iceland,EURO,38.0,208883,0.0,186
2023-08-20,IS,Iceland,EURO,32.0,208915,0.0,186
2023-08-27,IS,Iceland,EURO,42.0,208957,0.0,186
2023-09-03,IS,Iceland,EURO,41.0,208998,0.0,186
2023-09-10,IS,Iceland,EURO,44.0,209042,0.0,186
2023-09-17,IS,Iceland,EURO,43.0,209085,0.0,186
2023-09-24,IS,Iceland,EURO,57.0,209142,0.0,186
2023-10-01,IS,Iceland,EURO,54.0,209196,0.0,186
2023-10-08,IS,Iceland,EURO,47.0,209243,0.0,186
2023-10-15,IS,Iceland,EURO,43.0,209286,0.0,186
2023-10-22,IS,Iceland,EURO,42.0,209328,0.0,186
2023-10-29,IS,Iceland,EURO,0.0,209328,0.0,186
2023-11-05,IS,Iceland,EURO,42.0,209370,0.0,186
2023-11-12,IS,Iceland,EURO,43.0,209413,0.0,186
2023-11-19,IS,Iceland,EURO,62.0,209475,0.0,186
2023-11-26,IS,Iceland,EURO,59.0,209534,0.0,186
2023-12-03,IS,Iceland,EURO,52.0,209586,0.0,186
2023-12-10,IS,Iceland,EURO,64.0,209650,0.0,186
2023-12-17,IS,Iceland,EURO,56.0,209706,0.0,186
2023-12-24,IS,Iceland,EURO,48.0,209754,0.0,186
2023-12-31,IS,Iceland,EURO,37.0,209791,0.0,186
2024-01-07,IS,Iceland,EURO,41.0,209832,0.0,186
2024-01-14,IS,Iceland,EURO,26.0,209858,0.0,186
2024-01-21,IS,Iceland,EURO,12.0,209870,0.0,186
2024-01-28,IS,Iceland,EURO,8.0,209878,0.0,186
2024-02-04,IS,Iceland,EURO,6.0,209884,0.0,186
2024-02-11,IS,Iceland,EURO,5.0,209889,0.0,186
2024-02-18,IS,Iceland,EURO,6.0,209895,0.0,186
2024-02-25,IS,Iceland,EURO,4.0,209899,0.0,186
2024-03-03,IS,Iceland,EURO,4.0,209903,0.0,186
2024-03-10,IS,Iceland,EURO,3.0,209906,0.0,186
2024-03-17,IS,Iceland,EURO,7.0,209913,0.0,186
2024-03-24,IS,Iceland,EURO,1.0,209914,0.0,186
2024-03-31,IS,Iceland,EURO,1.0,209915,0.0,186
2024-04-07,IS,Iceland,EURO,0.0,209915,0.0,186
2024-04-14,IS,Iceland,EURO,5.0,209920,0.0,186
2024-04-21,IS,Iceland,EURO,8.0,209928,0.0,186
2024-04-28,IS,Iceland,EURO,0.0,209928,0.0,186
