Date_reported,Country_code,Country,WHO_region,New_cases,Cumulative_cases,New_deaths,Cumulative_deaths
2021-06-27,KG,Kyrgyzstan,EURO,6331.0,6331,45.0,45
2021-07-04,KG,Kyrgyzstan,EURO,10124.0,16455,64.0,109
2021-07-11,KG,Kyrgyzstan,EURO,8908.0,25363,67.0,176
2021-07-18,KG,Kyrgyzstan,EURO,9338.0,34701,73.0,249
2021-07-25,KG,Kyrgyzstan,EURO,7804.0,42505,75.0,324
2021-08-01,KG,Kyrgyzstan,EURO,6623.0,49128,83.0,407
2021-08-08,KG,Kyrgyzstan,EURO,4757.0,53885,63.0,470
2021-08-15,KG,Kyrgyzstan,EURO,2827.0,56712,44.0,514
2021-08-22,KG,Kyrgyzstan,EURO,1821.0,58533,38.0,552
2021-08-29,KG,Kyrgyzstan,EURO,1441.0,59974,35.0,587
2021-09-05,KG,Kyrgyzstan,EURO,993.0,60967,30.0,617
2021-09-12,KG,Kyrgyzstan,EURO,644.0,61611,20.0,637
2021-09-19,KG,Kyrgyzstan,EURO,554.0,62165,16.0,653
2021-09-26,KG,Kyrgyzstan,EURO,537.0,62702,12.0,665
2021-10-03,KG,Kyrgyzstan,EURO,466.0,63168,6.0,671
2021-10-10,KG,Kyrgyzstan,EURO,553.0,63721,12.0,683
2021-10-17,KG,Kyrgyzstan,EURO,577.0,64298,16.0,699
2021-10-24,KG,Kyrgyzstan,EURO,716.0,65014,19.0,718
2021-10-31,KG,Kyrgyzstan,EURO,698.0,65712,17.0,735
2021-11-07,KG,Kyrgyzstan,EURO,555.0,66267,17.0,752
2021-11-14,KG,Kyrgyzstan,EURO,543.0,66810,18.0,770
2021-11-21,KG,Kyrgyzstan,EURO,459.0,67269,20.0,790
2021-11-28,KG,Kyrgyzstan,EURO,401.0,67670,16.0,806
2021-12-05,KG,Kyrgyzstan,EURO,364.0,68034,17.0,823
2021-12-12,KG,Kyrgyzstan,EURO,342.0,68376,10.0,833
2021-12-19,KG,Kyrgyzstan,EURO,227.0,68603,14.0,847
2021-12-26,KG,Kyrgyzstan,EURO,288.0,68891,13.0,860
2022-01-02,KG,Kyrgyzstan,EURO,321.0,69212,8.0,868
2022-01-09,KG,Kyrgyzstan,EURO,1238.0,70450,14.0,882
2022-01-16,KG,Kyrgyzstan,EURO,4403.0,74853,14.0,896
2022-01-23,KG,Kyrgyzstan,EURO,5352.0,80205,18.0,914
2022-01-30,KG,Kyrgyzstan,EURO,1.0,80206,0.0,914
2022-02-06,KG,Kyrgyzstan,EURO,1203.0,81409,25.0,939
2022-02-13,KG,Kyrgyzstan,EURO,547.0,81956,25.0,964
2022-02-20,KG,Kyrgyzstan,EURO,271.0,82227,16.0,980
2022-02-27,KG,Kyrgyzstan,EURO,163.0,82390,11.0,991
2022-03-06,KG,Kyrgyzstan,EURO,141.0,82531,9.0,1000
2022-03-13,KG,Kyrgyzstan,EURO,101.0,82632,7.0,1007
2022-03-20,KG,Kyrgyzstan,EURO,76.0,82708,7.0,1014
2022-03-27,KG,Kyrgyzstan,EURO,74.0,82782,4.0,1018
2022-04-03,KG,Kyrgyzstan,EURO,76.0,82858,6.0,1024
2022-04-10,KG,Kyrgyzstan,EURO,2.0,82860,0.0,1024
2022-04-17,KG,Kyrgyzstan,EURO,10.0,82870,0.0,1024
2022-04-24,KG,Kyrgyzstan,EURO,10.0,82880,0.0,1024
2022-05-01,KG,Kyrgyzstan,EURO,3.0,82883,0.0,1024
2022-05-08,KG,Kyrgyzstan,EURO,0.0,82883,0.0,1024
2022-05-15,KG,Kyrgyzstan,EURO,3.0,82886,0.0,1024
2022-05-22,KG,Kyrgyzstan,EURO,0.0,82886,0.0,1024
2022-05-29,KG,Kyrgyzstan,EURO,5.0,82891,0.0,1024
2022-06-05,KG,Kyrgyzstan,EURO,2.0,82893,0.0,1024
2022-06-12,KG,Kyrgyzstan,EURO,12.0,82905,0.0,1024
2022-06-19,KG,Kyrgyzstan,EURO,7.0,82912,0.0,1024
2022-06-26,KG,Kyrgyzstan,EURO,29.0,82941,0.0,1024
2022-07-03,KG,Kyrgyzstan,EURO,48.0,82989,0.0,1024
2022-07-10,KG,Kyrgyzstan,EURO,114.0,83103,0.0,1024
2022-07-17,KG,Kyrgyzstan,EURO,489.0,83592,0.0,1024
2022-07-24,KG,Kyrgyzstan,EURO,981.0,84573,0.0,1024
2022-07-31,KG,Kyrgyzstan,EURO,1091.0,85664,0.0,1024
2022-08-07,KG,Kyrgyzstan,EURO,895.0,86559,0.0,1024
2022-08-14,KG,Kyrgyzstan,EURO,527.0,87086,0.0,1024
2022-08-21,KG,Kyrgyzstan,EURO,339.0,87425,0.0,1024
2022-08-28,KG,Kyrgyzstan,EURO,179.0,87604,0.0,1024
2022-09-04,KG,Kyrgyzstan,EURO,119.0,87723,0.0,1024
2022-09-11,KG,Kyrgyzstan,EURO,85.0,87808,0.0,1024
2022-09-18,KG,Kyrgyzstan,EURO,78.0,87886,0.0,1024
2022-09-25,KG,Kyrgyzstan,EURO,85.0,87971,0.0,1024
2022-10-02,KG,Kyrgyzstan,EURO,77.0,88048,0.0,1024
2022-10-09,KG,Kyrgyzstan,EURO,90.0,88138,0.0,1024
2022-10-16,KG,Kyrgyzstan,EURO,84.0,88222,0.0,1024
2022-10-23,KG,Kyrgyzstan,EURO,65.0,88287,0.0,1024
2022-10-30,KG,Kyrgyzstan,EURO,53.0,88340,0.0,1024
2022-11-06,KG,Kyrgyzstan,EURO,13.0,88353,0.0,1024
2022-11-13,KG,Kyrgyzstan,EURO,19.0,88372,0.0,1024
2022-11-20,KG,Kyrgyzstan,EURO,28.0,88400,0.0,1024
2022-11-27,KG,Kyrgyzstan,EURO,19.0,88419,0.0,1024
2022-12-04,KG,Kyrgyzstan,EURO,12.0,88431,0.0,1024
2022-12-11,KG,Kyrgyzstan,EURO,10.0,88441,0.0,1024
2022-12-18,KG,Kyrgyzstan,EURO,4.0,88445,0.0,1024
2022-12-25,KG,Kyrgyzstan,EURO,10.0,88455,0.0,1024
2023-01-01,KG,Kyrgyzstan,EURO,12.0,88467,0.0,1024
2023-01-08,KG,Kyrgyzstan,EURO,6.0,88473,0.0,1024
2023-01-15,KG,Kyrgyzstan,EURO,2.0,88475,0.0,1024
2023-01-22,KG,Kyrgyzstan,EURO,3.0,88478,0.0,1024
2023-01-29,KG,Kyrgyzstan,EURO,1.0,88479,0.0,1024
2023-02-05,KG,Kyrgyzstan,EURO,7.0,88486,0.0,1024
2023-02-12,KG,Kyrgyzstan,EURO,12.0,88498,0.0,1024
2023-02-19,KG,Kyrgyzstan,EURO,22.0,88520,0.0,1024
2023-02-26,KG,Kyrgyzstan,EURO,40.0,88560,0.0,1024
2023-03-05,KG,Kyrgyzstan,EURO,35.0,88595,0.0,1024
2023-03-12,KG,Kyrgyzstan,EURO,32.0,88627,0.0,1024
2023-03-19,KG,Kyrgyzstan,EURO,29.0,88656,0.0,1024
2023-03-26,KG,Kyrgyzstan,EURO,36.0,88692,0.0,1024
2023-04-02,KG,Kyrgyzstan,EURO,27.0,88719,0.0,1024
2023-04-09,KG,Kyrgyzstan,EURO,17.0,88736,0.0,1024
2023-04-16,KG,Kyrgyzstan,EURO,17.0,88753,0.0,1024
2023-04-23,KG,Kyrgyzstan,EURO,10.0,88763,0.0,1024
2023-04-30,KG,Kyrgyzstan,EURO,12.0,88775,0.0,1024
2023-05-07,KG,Kyrgyzstan,EURO,1.0,88776,0.0,1024
2023-05-14,KG,Kyrgyzstan,EURO,1.0,88777,0.0,1024
2023-05-21,KG,Kyrgyzstan,EURO,2.0,88779,0.0,1024
2023-05-28,KG,Kyrgyzstan,EURO,5.0,88784,0.0,1024
2023-06-04,KG,Kyrgyzstan,EURO,2.0,88786,0.0,1024
2023-06-11,KG,Kyrgyzstan,EURO,3.0,88789,0.0,1024
2023-06-18,KG,Kyrgyzstan,EURO,4.0,88793,0.0,1024
2023-06-25,KG,Kyrgyzstan,EURO,8.0,88801,0.0,1024
2023-07-02,KG,Kyrgyzstan,EURO,2.0,88803,0.0,1024
2023-07-09,KG,Kyrgyzstan,EURO,5.0,88808,0.0,1024
2023-07-16,KG,Kyrgyzstan,EURO,5.0,88813,0.0,1024
2023-07-23,KG,Kyrgyzstan,EURO,2.0,88815,0.0,1024
2023-07-30,KG,Kyrgyzstan,EURO,8.0,88823,0.0,1024
2023-08-06,KG,Kyrgyzstan,EURO,4.0,88827,0.0,1024
2023-08-13,KG,Kyrgyzstan,EURO,4.0,88831,0.0,1024
2023-08-20,KG,Kyrgyzstan,EURO,11.0,88842,0.0,1024
2023-08-27,KG,Kyrgyzstan,EURO,9.0,88851,0.0,1024
2023-09-03,KG,Kyrgyzstan,EURO,7.0,88858,0.0,1024
2023-09-10,KG,Kyrgyzstan,EURO,9.0,88867,0.0,1024
2023-09-17,KG,Kyrgyzstan,EURO,9.0,88876,0.0,1024
2023-09-24,KG,Kyrgyzstan,EURO,13.0,88889,0.0,1024
2023-10-01,KG,Kyrgyzstan,EURO,11.0,88900,0.0,1024
2023-10-08,KG,Kyrgyzstan,EURO,5.0,88905,0.0,1024
2023-10-15,KG,Kyrgyzstan,EURO,3.0,88908,0.0,1024
2023-10-22,KG,Kyrgyzstan,EURO,9.0,88917,0.0,1024
2023-10-29,KG,Kyrgyzstan,EURO,7.0,88924,0.0,1024
2023-11-05,KG,Kyrgyzstan,EURO,0.0,88924,0.0,1024
2023-11-12,KG,Kyrgyzstan,EURO,2.0,88926,0.0,1024
2023-11-19,KG,Kyrgyzstan,EURO,1.0,88927,0.0,1024
2023-11-26,KG,Kyrgyzstan,EURO,4.0,88931,0.0,1024
2023-12-03,KG,Kyrgyzstan,EURO,1.0,88932,0.0,1024
2023-12-10,KG,Kyrgyzstan,EURO,0.0,88932,0.0,1024
2023-12-17,KG,Kyrgyzstan,EURO,2.0,88934,0.0,1024
2023-12-24,KG,Kyrgyzstan,EURO,3.0,88937,0.0,1024
2023-12-31,KG,Kyrgyzstan,EURO,6.0,88943,0.0,1024
2024-01-07,KG,Kyrgyzstan,EURO,1.0,88944,0.0,1024
2024-01-14,KG,Kyrgyzstan,EURO,4.0,88948,0.0,1024
2024-01-21,KG,Kyrgyzstan,EURO,5.0,88953,0.0,1024
2024-01-28,KG,Kyrgyzstan,EURO,0.0,88953,0.0,1024
2024-02-04,KG,Kyrgyzstan,EURO,0.0,88953,0.0,1024
2024-02-11,KG,Kyrgyzstan,EURO,0.0,88953,0.0,1024
2024-02-18,KG,Kyrgyzstan,EURO,0.0,88953,0.0,1024
2024-02-25,KG,Kyrgyzstan,EURO,0.0,88953,0.0,1024
2024-03-03,KG,Kyrgyzstan,EURO,0.0,88953,0.0,1024
2024-03-10,KG,Kyrgyzstan,EURO,0.0,88953,0.0,1024
2024-03-17,KG,Kyrgyzstan,EURO,0.0,88953,0.0,1024
2024-03-24,KG,Kyrgyzstan,EURO,0.0,88953,0.0,1024
2024-03-31,KG,Kyrgyzstan,EURO,0.0,88953,0.0,1024
2024-04-07,KG,Kyrgyzstan,EURO,0.0,88953,0.0,1024
2024-04-14,KG,Kyrgyzstan,EURO,0.0,88953,0.0,1024
2024-04-21,KG,Kyrgyzstan,EURO,0.0,88953,0.0,1024
2024-04-28,KG,Kyrgyzstan,EURO,0.0,88953,0.0,1024
