Date_reported,Country_code,Country,WHO_region,New_cases,Cumulative_cases,New_deaths,Cumulative_deaths
2020-02-02,KH,Cambodia,WPRO,1.0,1,0.0,0
2020-02-09,KH,Cambodia,WPRO,0.0,1,0.0,0
2020-02-16,KH,Cambodia,WPRO,0.0,1,0.0,0
2020-02-23,KH,Cambodia,WPRO,0.0,1,0.0,0
2020-03-01,KH,Cambodia,WPRO,0.0,1,0.0,0
2020-03-08,KH,Cambodia,WPRO,1.0,2,0.0,0
2020-03-15,KH,Cambodia,WPRO,5.0,7,0.0,0
2020-03-22,KH,Cambodia,WPRO,46.0,53,0.0,0
2020-03-29,KH,Cambodia,WPRO,49.0,102,0.0,0
2020-04-05,KH,Cambodia,WPRO,12.0,114,0.0,0
2020-04-12,KH,Cambodia,WPRO,8.0,122,0.0,0
2020-04-19,KH,Cambodia,WPRO,0.0,122,0.0,0
2020-04-26,KH,Cambodia,WPRO,0.0,122,0.0,0
2020-05-03,KH,Cambodia,WPRO,0.0,122,0.0,0
2020-05-10,KH,Cambodia,WPRO,0.0,122,0.0,0
2020-05-17,KH,Cambodia,WPRO,0.0,122,0.0,0
2020-05-24,KH,Cambodia,WPRO,2.0,124,0.0,0
2020-05-31,KH,Cambodia,WPRO,1.0,125,0.0,0
2020-06-07,KH,Cambodia,WPRO,1.0,126,0.0,0
2020-06-14,KH,Cambodia,WPRO,0.0,126,0.0,0
2020-06-21,KH,Cambodia,WPRO,3.0,129,0.0,0
2020-06-28,KH,Cambodia,WPRO,10.0,139,0.0,0
2020-07-05,KH,Cambodia,WPRO,2.0,141,0.0,0
2020-07-12,KH,Cambodia,WPRO,15.0,156,0.0,0
2020-07-19,KH,Cambodia,WPRO,15.0,171,0.0,0
2020-07-26,KH,Cambodia,WPRO,54.0,225,0.0,0
2020-08-02,KH,Cambodia,WPRO,15.0,240,0.0,0
2020-08-09,KH,Cambodia,WPRO,8.0,248,0.0,0
2020-08-16,KH,Cambodia,WPRO,25.0,273,0.0,0
2020-08-23,KH,Cambodia,WPRO,0.0,273,0.0,0
2020-08-30,KH,Cambodia,WPRO,0.0,273,0.0,0
2020-09-06,KH,Cambodia,WPRO,1.0,274,0.0,0
2020-09-13,KH,Cambodia,WPRO,1.0,275,0.0,0
2020-09-20,KH,Cambodia,WPRO,0.0,275,0.0,0
2020-09-27,KH,Cambodia,WPRO,1.0,276,0.0,0
2020-10-04,KH,Cambodia,WPRO,2.0,278,0.0,0
2020-10-11,KH,Cambodia,WPRO,5.0,283,0.0,0
2020-10-18,KH,Cambodia,WPRO,0.0,283,0.0,0
2020-10-25,KH,Cambodia,WPRO,4.0,287,0.0,0
2020-11-01,KH,Cambodia,WPRO,4.0,291,0.0,0
2020-11-08,KH,Cambodia,WPRO,4.0,295,0.0,0
2020-11-15,KH,Cambodia,WPRO,7.0,302,0.0,0
2020-11-22,KH,Cambodia,WPRO,4.0,306,0.0,0
2020-11-29,KH,Cambodia,WPRO,9.0,315,0.0,0
2020-12-06,KH,Cambodia,WPRO,31.0,346,0.0,0
2020-12-13,KH,Cambodia,WPRO,13.0,359,0.0,0
2020-12-20,KH,Cambodia,WPRO,3.0,362,0.0,0
2020-12-27,KH,Cambodia,WPRO,2.0,364,0.0,0
2021-01-03,KH,Cambodia,WPRO,18.0,382,0.0,0
2021-01-10,KH,Cambodia,WPRO,10.0,392,0.0,0
2021-01-17,KH,Cambodia,WPRO,47.0,439,0.0,0
2021-01-24,KH,Cambodia,WPRO,19.0,458,0.0,0
2021-01-31,KH,Cambodia,WPRO,8.0,466,0.0,0
2021-02-07,KH,Cambodia,WPRO,8.0,474,0.0,0
2021-02-14,KH,Cambodia,WPRO,5.0,479,0.0,0
2021-02-21,KH,Cambodia,WPRO,89.0,568,0.0,0
2021-02-28,KH,Cambodia,WPRO,252.0,820,0.0,0
2021-03-07,KH,Cambodia,WPRO,191.0,1011,0.0,0
2021-03-14,KH,Cambodia,WPRO,314.0,1325,1.0,1
2021-03-21,KH,Cambodia,WPRO,428.0,1753,2.0,3
2021-03-28,KH,Cambodia,WPRO,520.0,2273,7.0,10
2021-04-04,KH,Cambodia,WPRO,479.0,2752,9.0,19
2021-04-11,KH,Cambodia,WPRO,1763.0,4515,10.0,29
2021-04-18,KH,Cambodia,WPRO,2498.0,7013,14.0,43
2021-04-25,KH,Cambodia,WPRO,3542.0,10555,31.0,74
2021-05-02,KH,Cambodia,WPRO,4806.0,15361,32.0,106
2021-05-09,KH,Cambodia,WPRO,4382.0,19743,20.0,126
2021-05-16,KH,Cambodia,WPRO,2801.0,22544,28.0,154
2021-05-23,KH,Cambodia,WPRO,3217.0,25761,25.0,179
2021-05-30,KH,Cambodia,WPRO,4333.0,30094,35.0,214
2021-06-06,KH,Cambodia,WPRO,4150.0,34244,49.0,263
2021-06-13,KH,Cambodia,WPRO,4183.0,38427,72.0,335
2021-06-20,KH,Cambodia,WPRO,4284.0,42711,96.0,431
2021-06-27,KH,Cambodia,WPRO,4938.0,47649,109.0,540
2021-07-04,KH,Cambodia,WPRO,6642.0,54291,180.0,720
2021-07-11,KH,Cambodia,WPRO,6668.0,60959,182.0,902
2021-07-18,KH,Cambodia,WPRO,6222.0,67181,204.0,1106
2021-07-25,KH,Cambodia,WPRO,5742.0,72923,177.0,1283
2021-08-01,KH,Cambodia,WPRO,4991.0,77914,137.0,1420
2021-08-08,KH,Cambodia,WPRO,3977.0,81891,142.0,1562
2021-08-15,KH,Cambodia,WPRO,3557.0,85448,121.0,1683
2021-08-22,KH,Cambodia,WPRO,3783.0,89231,109.0,1792
2021-08-29,KH,Cambodia,WPRO,2977.0,92208,89.0,1881
2021-09-05,KH,Cambodia,WPRO,3092.0,95300,76.0,1957
2021-09-12,KH,Cambodia,WPRO,4204.0,99504,83.0,2040
2021-09-19,KH,Cambodia,WPRO,4590.0,104094,69.0,2109
2021-09-26,KH,Cambodia,WPRO,4993.0,109087,134.0,2243
2021-10-03,KH,Cambodia,WPRO,4169.0,113256,140.0,2383
2021-10-10,KH,Cambodia,WPRO,1554.0,114810,123.0,2506
2021-10-17,KH,Cambodia,WPRO,1855.0,116665,152.0,2658
2021-10-24,KH,Cambodia,WPRO,1107.0,117772,76.0,2734
2021-10-31,KH,Cambodia,WPRO,750.0,118522,54.0,2788
2021-11-07,KH,Cambodia,WPRO,570.0,119092,41.0,2829
2021-11-14,KH,Cambodia,WPRO,444.0,119536,38.0,2867
2021-11-21,KH,Cambodia,WPRO,331.0,119867,33.0,2900
2021-11-28,KH,Cambodia,WPRO,220.0,120087,31.0,2931
2021-12-05,KH,Cambodia,WPRO,169.0,120256,29.0,2960
2021-12-12,KH,Cambodia,WPRO,99.0,120355,25.0,2985
2021-12-19,KH,Cambodia,WPRO,61.0,120416,20.0,3005
2021-12-26,KH,Cambodia,WPRO,33.0,120449,3.0,3008
2022-01-02,KH,Cambodia,WPRO,61.0,120510,5.0,3013
2022-01-09,KH,Cambodia,WPRO,111.0,120621,2.0,3015
2022-01-16,KH,Cambodia,WPRO,175.0,120796,0.0,3015
2022-01-23,KH,Cambodia,WPRO,230.0,121026,0.0,3015
2022-01-30,KH,Cambodia,WPRO,273.0,121299,0.0,3015
2022-02-06,KH,Cambodia,WPRO,474.0,121773,0.0,3015
2022-02-13,KH,Cambodia,WPRO,1670.0,123443,0.0,3015
2022-02-20,KH,Cambodia,WPRO,3046.0,126489,2.0,3017
2022-02-27,KH,Cambodia,WPRO,3431.0,129920,15.0,3032
2022-03-06,KH,Cambodia,WPRO,2482.0,132402,9.0,3041
2022-03-13,KH,Cambodia,WPRO,1666.0,134068,6.0,3047
2022-03-20,KH,Cambodia,WPRO,918.0,134986,4.0,3051
2022-03-27,KH,Cambodia,WPRO,475.0,135461,3.0,3054
2022-04-03,KH,Cambodia,WPRO,286.0,135747,0.0,3054
2022-04-10,KH,Cambodia,WPRO,200.0,135947,1.0,3055
2022-04-17,KH,Cambodia,WPRO,113.0,136060,0.0,3055
2022-04-24,KH,Cambodia,WPRO,156.0,136216,1.0,3056
2022-05-01,KH,Cambodia,WPRO,36.0,136252,0.0,3056
2022-05-08,KH,Cambodia,WPRO,10.0,136262,0.0,3056
2022-05-15,KH,Cambodia,WPRO,0.0,136262,0.0,3056
2022-05-22,KH,Cambodia,WPRO,0.0,136262,0.0,3056
2022-05-29,KH,Cambodia,WPRO,0.0,136262,0.0,3056
2022-06-05,KH,Cambodia,WPRO,0.0,136262,0.0,3056
2022-06-12,KH,Cambodia,WPRO,0.0,136262,0.0,3056
2022-06-19,KH,Cambodia,WPRO,0.0,136262,0.0,3056
2022-06-26,KH,Cambodia,WPRO,0.0,136262,0.0,3056
2022-07-03,KH,Cambodia,WPRO,28.0,136290,0.0,3056
2022-07-10,KH,Cambodia,WPRO,53.0,136343,0.0,3056
2022-07-17,KH,Cambodia,WPRO,94.0,136437,0.0,3056
2022-07-24,KH,Cambodia,WPRO,128.0,136565,0.0,3056
2022-07-31,KH,Cambodia,WPRO,188.0,136753,0.0,3056
2022-08-07,KH,Cambodia,WPRO,224.0,136977,0.0,3056
2022-08-14,KH,Cambodia,WPRO,230.0,137207,0.0,3056
2022-08-21,KH,Cambodia,WPRO,187.0,137394,0.0,3056
2022-08-28,KH,Cambodia,WPRO,144.0,137538,0.0,3056
2022-09-04,KH,Cambodia,WPRO,112.0,137650,0.0,3056
2022-09-11,KH,Cambodia,WPRO,55.0,137705,0.0,3056
2022-09-18,KH,Cambodia,WPRO,50.0,137755,0.0,3056
2022-09-25,KH,Cambodia,WPRO,78.0,137833,0.0,3056
2022-10-02,KH,Cambodia,WPRO,48.0,137881,0.0,3056
2022-10-09,KH,Cambodia,WPRO,40.0,137921,0.0,3056
2022-10-16,KH,Cambodia,WPRO,42.0,137963,0.0,3056
2022-10-23,KH,Cambodia,WPRO,16.0,137979,0.0,3056
2022-10-30,KH,Cambodia,WPRO,6.0,137985,0.0,3056
2022-11-06,KH,Cambodia,WPRO,11.0,137996,0.0,3056
2022-11-13,KH,Cambodia,WPRO,0.0,137996,0.0,3056
2022-11-20,KH,Cambodia,WPRO,28.0,138024,0.0,3056
2022-11-27,KH,Cambodia,WPRO,35.0,138059,0.0,3056
2022-12-04,KH,Cambodia,WPRO,72.0,138131,0.0,3056
2022-12-11,KH,Cambodia,WPRO,107.0,138238,0.0,3056
2022-12-18,KH,Cambodia,WPRO,141.0,138379,0.0,3056
2022-12-25,KH,Cambodia,WPRO,116.0,138495,0.0,3056
2023-01-01,KH,Cambodia,WPRO,89.0,138584,0.0,3056
2023-01-08,KH,Cambodia,WPRO,38.0,138622,0.0,3056
2023-01-15,KH,Cambodia,WPRO,37.0,138659,0.0,3056
2023-01-22,KH,Cambodia,WPRO,17.0,138676,0.0,3056
2023-01-29,KH,Cambodia,WPRO,9.0,138685,0.0,3056
2023-02-05,KH,Cambodia,WPRO,12.0,138697,0.0,3056
2023-02-12,KH,Cambodia,WPRO,6.0,138703,0.0,3056
2023-02-19,KH,Cambodia,WPRO,3.0,138706,0.0,3056
2023-02-26,KH,Cambodia,WPRO,8.0,138714,0.0,3056
2023-03-05,KH,Cambodia,WPRO,5.0,138719,0.0,3056
2023-03-12,KH,Cambodia,WPRO,0.0,138719,0.0,3056
2023-03-19,KH,Cambodia,WPRO,2.0,138721,0.0,3056
2023-03-26,KH,Cambodia,WPRO,2.0,138723,0.0,3056
2023-04-02,KH,Cambodia,WPRO,2.0,138725,0.0,3056
2023-04-09,KH,Cambodia,WPRO,1.0,138726,0.0,3056
2023-04-16,KH,Cambodia,WPRO,0.0,138726,0.0,3056
2023-04-23,KH,Cambodia,WPRO,5.0,138731,0.0,3056
2023-04-30,KH,Cambodia,WPRO,2.0,138733,0.0,3056
2023-05-07,KH,Cambodia,WPRO,2.0,138735,0.0,3056
2023-05-14,KH,Cambodia,WPRO,1.0,138736,0.0,3056
2023-05-21,KH,Cambodia,WPRO,3.0,138739,0.0,3056
2023-05-28,KH,Cambodia,WPRO,28.0,138767,0.0,3056
2023-06-04,KH,Cambodia,WPRO,36.0,138803,0.0,3056
2023-06-11,KH,Cambodia,WPRO,39.0,138842,0.0,3056
2023-06-18,KH,Cambodia,WPRO,40.0,138882,0.0,3056
2023-06-25,KH,Cambodia,WPRO,13.0,138895,0.0,3056
2023-07-02,KH,Cambodia,WPRO,23.0,138918,0.0,3056
2023-07-09,KH,Cambodia,WPRO,13.0,138931,0.0,3056
2023-07-16,KH,Cambodia,WPRO,4.0,138935,0.0,3056
2023-07-23,KH,Cambodia,WPRO,2.0,138937,0.0,3056
2023-07-30,KH,Cambodia,WPRO,0.0,138937,0.0,3056
2023-08-06,KH,Cambodia,WPRO,3.0,138940,0.0,3056
2023-08-13,KH,Cambodia,WPRO,0.0,138940,0.0,3056
2023-08-20,KH,Cambodia,WPRO,0.0,138940,0.0,3056
2023-08-27,KH,Cambodia,WPRO,0.0,138940,0.0,3056
2023-09-03,KH,Cambodia,WPRO,0.0,138940,0.0,3056
2023-09-10,KH,Cambodia,WPRO,0.0,138940,0.0,3056
2023-09-17,KH,Cambodia,WPRO,1.0,138941,0.0,3056
2023-09-24,KH,Cambodia,WPRO,0.0,138941,0.0,3056
2023-10-01,KH,Cambodia,WPRO,0.0,138941,0.0,3056
2023-10-08,KH,Cambodia,WPRO,0.0,138941,0.0,3056
2023-10-15,KH,Cambodia,WPRO,0.0,138941,0.0,3056
2023-10-22,KH,Cambodia,WPRO,0.0,138941,0.0,3056
2023-10-29,KH,Cambodia,WPRO,2.0,138943,0.0,3056
2023-11-05,KH,Cambodia,WPRO,2.0,138945,0.0,3056
2023-11-12,KH,Cambodia,WPRO,2.0,138947,0.0,3056
2023-11-19,KH,Cambodia,WPRO,3.0,138950,0.0,3056
2023-11-26,KH,Cambodia,WPRO,4.0,138954,0.0,3056
2023-12-03,KH,Cambodia,WPRO,2.0,138956,0.0,3056
2023-12-10,KH,Cambodia,WPRO,7.0,138963,0.0,3056
2023-12-17,KH,Cambodia,WPRO,14.0,138977,0.0,3056
2023-12-24,KH,Cambodia,WPRO,14.0,138991,0.0,3056
2023-12-31,KH,Cambodia,WPRO,23.0,139014,0.0,3056
2024-01-07,KH,Cambodia,WPRO,25.0,139039,0.0,3056
2024-01-14,KH,Cambodia,WPRO,15.0,139054,0.0,3056
2024-01-21,KH,Cambodia,WPRO,9.0,139063,0.0,3056
2024-01-28,KH,Cambodia,WPRO,19.0,139082,0.0,3056
2024-02-04,KH,Cambodia,WPRO,3.0,139085,0.0,3056
2024-02-11,KH,Cambodia,WPRO,2.0,139087,0.0,3056
2024-02-18,KH,Cambodia,WPRO,4.0,139091,0.0,3056
2024-02-25,KH,Cambodia,WPRO,2.0,139093,0.0,3056
2024-03-03,KH,Cambodia,WPRO,2.0,139095,0.0,3056
2024-03-10,KH,Cambodia,WPRO,1.0,139096,0.0,3056
2024-03-17,KH,Cambodia,WPRO,1.0,139097,0.0,3056
2024-03-24,KH,Cambodia,WPRO,3.0,139100,0.0,3056
2024-03-31,KH,Cambodia,WPRO,0.0,139100,0.0,3056
2024-04-07,KH,Cambodia,WPRO,2.0,139102,0.0,3056
2024-04-14,KH,Cambodia,WPRO,1.0,139103,0.0,3056
2024-04-21,KH,Cambodia,WPRO,0.0,139103,0.0,3056
2024-04-28,KH,Cambodia,WPRO,10.0,139113,0.0,3056
