Date_reported,Country_code,Country,WHO_region,New_cases,Cumulative_cases,New_deaths,Cumulative_deaths
2020-05-03,KM,Comoros,AFRO,3.0,3,0.0,0
2020-05-10,KM,Comoros,AFRO,8.0,11,1.0,1
2020-05-17,KM,Comoros,AFRO,0.0,11,0.0,1
2020-05-24,KM,Comoros,AFRO,23.0,34,0.0,1
2020-05-31,KM,Comoros,AFRO,28.0,62,1.0,2
2020-06-07,KM,Comoros,AFRO,9.0,71,0.0,2
2020-06-14,KM,Comoros,AFRO,35.0,106,0.0,2
2020-06-21,KM,Comoros,AFRO,71.0,177,3.0,5
2020-06-28,KM,Comoros,AFRO,46.0,223,2.0,7
2020-07-05,KM,Comoros,AFRO,18.0,241,0.0,7
2020-07-12,KM,Comoros,AFRO,6.0,247,0.0,7
2020-07-19,KM,Comoros,AFRO,17.0,264,0.0,7
2020-07-26,KM,Comoros,AFRO,20.0,284,0.0,7
2020-08-02,KM,Comoros,AFRO,32.0,316,0.0,7
2020-08-09,KM,Comoros,AFRO,13.0,329,0.0,7
2020-08-16,KM,Comoros,AFRO,6.0,335,0.0,7
2020-08-23,KM,Comoros,AFRO,12.0,347,0.0,7
2020-08-30,KM,Comoros,AFRO,6.0,353,0.0,7
2020-09-06,KM,Comoros,AFRO,25.0,378,0.0,7
2020-09-13,KM,Comoros,AFRO,9.0,387,0.0,7
2020-09-20,KM,Comoros,AFRO,13.0,400,0.0,7
2020-09-27,KM,Comoros,AFRO,4.0,404,0.0,7
2020-10-04,KM,Comoros,AFRO,10.0,414,0.0,7
2020-10-11,KM,Comoros,AFRO,8.0,422,0.0,7
2020-10-18,KM,Comoros,AFRO,12.0,434,0.0,7
2020-10-25,KM,Comoros,AFRO,21.0,455,0.0,7
2020-11-01,KM,Comoros,AFRO,20.0,475,0.0,7
2020-11-08,KM,Comoros,AFRO,18.0,493,0.0,7
2020-11-15,KM,Comoros,AFRO,16.0,509,0.0,7
2020-11-22,KM,Comoros,AFRO,17.0,526,0.0,7
2020-11-29,KM,Comoros,AFRO,15.0,541,0.0,7
2020-12-06,KM,Comoros,AFRO,5.0,546,0.0,7
2020-12-13,KM,Comoros,AFRO,12.0,558,0.0,7
2020-12-20,KM,Comoros,AFRO,38.0,596,0.0,7
2020-12-27,KM,Comoros,AFRO,65.0,661,0.0,7
2021-01-03,KM,Comoros,AFRO,133.0,794,6.0,13
2021-01-10,KM,Comoros,AFRO,286.0,1080,5.0,18
2021-01-17,KM,Comoros,AFRO,427.0,1507,23.0,41
2021-01-24,KM,Comoros,AFRO,683.0,2190,29.0,70
2021-01-31,KM,Comoros,AFRO,458.0,2648,20.0,90
2021-02-07,KM,Comoros,AFRO,368.0,3016,18.0,108
2021-02-14,KM,Comoros,AFRO,246.0,3262,20.0,128
2021-02-21,KM,Comoros,AFRO,158.0,3420,15.0,143
2021-02-28,KM,Comoros,AFRO,81.0,3501,1.0,144
2021-03-07,KM,Comoros,AFRO,25.0,3526,2.0,146
2021-03-14,KM,Comoros,AFRO,30.0,3556,0.0,146
2021-03-21,KM,Comoros,AFRO,40.0,3596,0.0,146
2021-03-28,KM,Comoros,AFRO,24.0,3620,0.0,146
2021-04-04,KM,Comoros,AFRO,99.0,3719,0.0,146
2021-04-11,KM,Comoros,AFRO,70.0,3789,0.0,146
2021-04-18,KM,Comoros,AFRO,30.0,3819,0.0,146
2021-04-25,KM,Comoros,AFRO,10.0,3829,0.0,146
2021-05-02,KM,Comoros,AFRO,10.0,3839,0.0,146
2021-05-09,KM,Comoros,AFRO,15.0,3854,0.0,146
2021-05-16,KM,Comoros,AFRO,9.0,3863,0.0,146
2021-05-23,KM,Comoros,AFRO,9.0,3872,0.0,146
2021-05-30,KM,Comoros,AFRO,9.0,3881,0.0,146
2021-06-06,KM,Comoros,AFRO,7.0,3888,0.0,146
2021-06-13,KM,Comoros,AFRO,11.0,3899,0.0,146
2021-06-20,KM,Comoros,AFRO,9.0,3908,0.0,146
2021-06-27,KM,Comoros,AFRO,16.0,3924,0.0,146
2021-07-04,KM,Comoros,AFRO,34.0,3958,0.0,146
2021-07-11,KM,Comoros,AFRO,38.0,3996,0.0,146
2021-07-18,KM,Comoros,AFRO,15.0,4011,1.0,147
2021-07-25,KM,Comoros,AFRO,10.0,4021,0.0,147
2021-08-01,KM,Comoros,AFRO,7.0,4028,0.0,147
2021-08-08,KM,Comoros,AFRO,3.0,4031,0.0,147
2021-08-15,KM,Comoros,AFRO,7.0,4038,0.0,147
2021-08-22,KM,Comoros,AFRO,10.0,4048,0.0,147
2021-08-29,KM,Comoros,AFRO,14.0,4062,0.0,147
2021-09-05,KM,Comoros,AFRO,22.0,4084,0.0,147
2021-09-12,KM,Comoros,AFRO,10.0,4094,0.0,147
2021-09-19,KM,Comoros,AFRO,12.0,4106,0.0,147
2021-09-26,KM,Comoros,AFRO,11.0,4117,0.0,147
2021-10-03,KM,Comoros,AFRO,38.0,4155,0.0,147
2021-10-10,KM,Comoros,AFRO,10.0,4165,0.0,147
2021-10-17,KM,Comoros,AFRO,21.0,4186,0.0,147
2021-10-24,KM,Comoros,AFRO,19.0,4205,0.0,147
2021-10-31,KM,Comoros,AFRO,54.0,4259,0.0,147
2021-11-07,KM,Comoros,AFRO,56.0,4315,0.0,147
2021-11-14,KM,Comoros,AFRO,73.0,4388,2.0,149
2021-11-21,KM,Comoros,AFRO,62.0,4450,1.0,150
2021-11-28,KM,Comoros,AFRO,48.0,4498,0.0,150
2021-12-05,KM,Comoros,AFRO,44.0,4542,0.0,150
2021-12-12,KM,Comoros,AFRO,25.0,4567,1.0,151
2021-12-19,KM,Comoros,AFRO,100.0,4667,0.0,151
2021-12-26,KM,Comoros,AFRO,936.0,5603,2.0,153
2022-01-02,KM,Comoros,AFRO,1232.0,6835,5.0,158
2022-01-09,KM,Comoros,AFRO,759.0,7594,0.0,158
2022-01-16,KM,Comoros,AFRO,151.0,7745,1.0,159
2022-01-23,KM,Comoros,AFRO,66.0,7811,0.0,159
2022-01-30,KM,Comoros,AFRO,18.0,7829,1.0,160
2022-02-06,KM,Comoros,AFRO,99.0,7928,0.0,160
2022-02-13,KM,Comoros,AFRO,70.0,7998,0.0,160
2022-02-20,KM,Comoros,AFRO,22.0,8020,0.0,160
2022-02-27,KM,Comoros,AFRO,13.0,8033,0.0,160
2022-03-06,KM,Comoros,AFRO,15.0,8048,0.0,160
2022-03-13,KM,Comoros,AFRO,15.0,8063,0.0,160
2022-03-20,KM,Comoros,AFRO,13.0,8076,0.0,160
2022-03-27,KM,Comoros,AFRO,7.0,8083,0.0,160
2022-04-03,KM,Comoros,AFRO,10.0,8093,0.0,160
2022-04-10,KM,Comoros,AFRO,6.0,8099,0.0,160
2022-04-17,KM,Comoros,AFRO,4.0,8103,0.0,160
2022-04-24,KM,Comoros,AFRO,2.0,8105,0.0,160
2022-05-01,KM,Comoros,AFRO,2.0,8107,0.0,160
2022-05-08,KM,Comoros,AFRO,1.0,8108,0.0,160
2022-05-15,KM,Comoros,AFRO,2.0,8110,0.0,160
2022-05-22,KM,Comoros,AFRO,9.0,8119,0.0,160
2022-05-29,KM,Comoros,AFRO,6.0,8125,0.0,160
2022-06-05,KM,Comoros,AFRO,6.0,8131,0.0,160
2022-06-12,KM,Comoros,AFRO,4.0,8135,0.0,160
2022-06-19,KM,Comoros,AFRO,1.0,8136,0.0,160
2022-06-26,KM,Comoros,AFRO,8.0,8144,0.0,160
2022-07-03,KM,Comoros,AFRO,40.0,8184,0.0,160
2022-07-10,KM,Comoros,AFRO,48.0,8232,0.0,160
2022-07-17,KM,Comoros,AFRO,38.0,8270,0.0,160
2022-07-24,KM,Comoros,AFRO,31.0,8301,0.0,160
2022-07-31,KM,Comoros,AFRO,28.0,8329,0.0,160
2022-08-07,KM,Comoros,AFRO,23.0,8352,0.0,160
2022-08-14,KM,Comoros,AFRO,51.0,8403,0.0,160
2022-08-21,KM,Comoros,AFRO,22.0,8425,0.0,160
2022-08-28,KM,Comoros,AFRO,25.0,8450,0.0,160
2022-09-04,KM,Comoros,AFRO,5.0,8455,0.0,160
2022-09-11,KM,Comoros,AFRO,12.0,8467,0.0,160
2022-09-18,KM,Comoros,AFRO,4.0,8471,0.0,160
2022-09-25,KM,Comoros,AFRO,1.0,8472,0.0,160
2022-10-02,KM,Comoros,AFRO,3.0,8475,0.0,160
2022-10-09,KM,Comoros,AFRO,5.0,8480,0.0,160
2022-10-16,KM,Comoros,AFRO,91.0,8571,0.0,160
2022-10-23,KM,Comoros,AFRO,101.0,8672,0.0,160
2022-10-30,KM,Comoros,AFRO,165.0,8837,0.0,160
2022-11-06,KM,Comoros,AFRO,69.0,8906,0.0,160
2022-11-13,KM,Comoros,AFRO,30.0,8936,0.0,160
2022-11-20,KM,Comoros,AFRO,20.0,8956,0.0,160
2022-11-27,KM,Comoros,AFRO,9.0,8965,0.0,160
2022-12-04,KM,Comoros,AFRO,3.0,8968,0.0,160
2022-12-11,KM,Comoros,AFRO,11.0,8979,0.0,160
2022-12-18,KM,Comoros,AFRO,0.0,8979,0.0,160
2022-12-25,KM,Comoros,AFRO,3.0,8982,0.0,160
2023-01-01,KM,Comoros,AFRO,3.0,8985,0.0,160
2023-01-08,KM,Comoros,AFRO,1.0,8986,0.0,160
2023-01-15,KM,Comoros,AFRO,1.0,8987,0.0,160
2023-01-22,KM,Comoros,AFRO,5.0,8992,0.0,160
2023-01-29,KM,Comoros,AFRO,1.0,8993,0.0,160
2023-02-05,KM,Comoros,AFRO,0.0,8993,0.0,160
2023-02-12,KM,Comoros,AFRO,0.0,8993,0.0,160
2023-02-19,KM,Comoros,AFRO,5.0,8998,0.0,160
2023-02-26,KM,Comoros,AFRO,5.0,9003,0.0,160
2023-03-05,KM,Comoros,AFRO,20.0,9023,0.0,160
2023-03-12,KM,Comoros,AFRO,29.0,9052,0.0,160
2023-03-19,KM,Comoros,AFRO,15.0,9067,0.0,160
2023-03-26,KM,Comoros,AFRO,13.0,9080,0.0,160
2023-04-02,KM,Comoros,AFRO,7.0,9087,0.0,160
2023-04-09,KM,Comoros,AFRO,12.0,9099,0.0,160
2023-04-16,KM,Comoros,AFRO,6.0,9105,0.0,160
2023-04-23,KM,Comoros,AFRO,0.0,9105,0.0,160
2023-04-30,KM,Comoros,AFRO,4.0,9109,0.0,160
2023-05-07,KM,Comoros,AFRO,0.0,9109,0.0,160
2023-05-14,KM,Comoros,AFRO,0.0,9109,0.0,160
2023-05-21,KM,Comoros,AFRO,0.0,9109,0.0,160
2023-05-28,KM,Comoros,AFRO,0.0,9109,0.0,160
2023-06-04,KM,Comoros,AFRO,0.0,9109,0.0,160
2023-06-11,KM,Comoros,AFRO,0.0,9109,0.0,160
2023-06-18,KM,Comoros,AFRO,0.0,9109,0.0,160
2023-06-25,KM,Comoros,AFRO,0.0,9109,0.0,160
2023-07-02,KM,Comoros,AFRO,0.0,9109,0.0,160
2023-07-09,KM,Comoros,AFRO,0.0,9109,0.0,160
2023-07-16,KM,Comoros,AFRO,0.0,9109,0.0,160
2023-07-23,KM,Comoros,AFRO,0.0,9109,0.0,160
2023-07-30,KM,Comoros,AFRO,0.0,9109,0.0,160
2023-08-06,KM,Comoros,AFRO,0.0,9109,0.0,160
2023-08-13,KM,Comoros,AFRO,0.0,9109,0.0,160
2023-08-20,KM,Comoros,AFRO,0.0,9109,0.0,160
2023-08-27,KM,Comoros,AFRO,0.0,9109,0.0,160
2023-09-03,KM,Comoros,AFRO,0.0,9109,0.0,160
2023-09-10,KM,Comoros,AFRO,0.0,9109,0.0,160
2023-09-17,KM,Comoros,AFRO,0.0,9109,0.0,160
2023-09-24,KM,Comoros,AFRO,0.0,9109,0.0,160
2023-10-01,KM,Comoros,AFRO,0.0,9109,0.0,160
2023-10-08,KM,Comoros,AFRO,0.0,9109,0.0,160
2023-10-15,KM,Comoros,AFRO,0.0,9109,0.0,160
2023-10-22,KM,Comoros,AFRO,0.0,9109,0.0,160
2023-10-29,KM,Comoros,AFRO,0.0,9109,0.0,160
2023-11-05,KM,Comoros,AFRO,0.0,9109,0.0,160
2023-11-12,KM,Comoros,AFRO,0.0,9109,0.0,160
2023-11-19,KM,Comoros,AFRO,0.0,9109,0.0,160
2023-11-26,KM,Comoros,AFRO,0.0,9109,0.0,160
2023-12-03,KM,Comoros,AFRO,0.0,9109,0.0,160
2023-12-10,KM,Comoros,AFRO,0.0,9109,0.0,160
2023-12-17,KM,Comoros,AFRO,0.0,9109,0.0,160
2023-12-24,KM,Comoros,AFRO,0.0,9109,0.0,160
2023-12-31,KM,Comoros,AFRO,0.0,9109,0.0,160
2024-01-07,KM,Comoros,AFRO,0.0,9109,0.0,160
2024-01-14,KM,Comoros,AFRO,0.0,9109,0.0,160
2024-01-21,KM,Comoros,AFRO,0.0,9109,0.0,160
2024-01-28,KM,Comoros,AFRO,0.0,9109,0.0,160
2024-02-04,KM,Comoros,AFRO,0.0,9109,0.0,160
2024-02-11,KM,Comoros,AFRO,0.0,9109,0.0,160
2024-02-18,KM,Comoros,AFRO,0.0,9109,0.0,160
2024-02-25,KM,Comoros,AFRO,0.0,9109,0.0,160
2024-03-03,KM,Comoros,AFRO,0.0,9109,0.0,160
2024-03-10,KM,Comoros,AFRO,0.0,9109,0.0,160
2024-03-17,KM,Comoros,AFRO,0.0,9109,0.0,160
2024-03-24,KM,Comoros,AFRO,0.0,9109,0.0,160
2024-03-31,KM,Comoros,AFRO,0.0,9109,0.0,160
2024-04-07,KM,Comoros,AFRO,0.0,9109,0.0,160
2024-04-14,KM,Comoros,AFRO,0.0,9109,0.0,160
2024-04-21,KM,Comoros,AFRO,0.0,9109,0.0,160
2024-04-28,KM,Comoros,AFRO,0.0,9109,0.0,160
