Date_reported,Country_code,Country,WHO_region,New_cases,Cumulative_cases,New_deaths,Cumulative_deaths
2020-03-01,KW,Kuwait,EMRO,45.0,45,0.0,0
2020-03-08,KW,Kuwait,EMRO,16.0,61,0.0,0
2020-03-15,KW,Kuwait,EMRO,43.0,104,0.0,0
2020-03-22,KW,Kuwait,EMRO,72.0,176,0.0,0
2020-03-29,KW,Kuwait,EMRO,59.0,235,0.0,0
2020-04-05,KW,Kuwait,EMRO,244.0,479,0.0,0
2020-04-12,KW,Kuwait,EMRO,675.0,1154,1.0,1
2020-04-19,KW,Kuwait,EMRO,597.0,1751,5.0,6
2020-04-26,KW,Kuwait,EMRO,1141.0,2892,13.0,19
2020-05-03,KW,Kuwait,EMRO,1727.0,4619,14.0,33
2020-05-10,KW,Kuwait,EMRO,3004.0,7623,16.0,49
2020-05-17,KW,Kuwait,EMRO,6179.0,13802,58.0,107
2020-05-24,KW,Kuwait,EMRO,6662.0,20464,41.0,148
2020-05-31,KW,Kuwait,EMRO,5728.0,26192,57.0,205
2020-06-07,KW,Kuwait,EMRO,4939.0,31131,49.0,254
2020-06-14,KW,Kuwait,EMRO,4335.0,35466,35.0,289
2020-06-21,KW,Kuwait,EMRO,3679.0,39145,30.0,319
2020-06-28,KW,Kuwait,EMRO,5246.0,44391,25.0,344
2020-07-05,KW,Kuwait,EMRO,4912.0,49303,21.0,365
2020-07-12,KW,Kuwait,EMRO,4755.0,54058,21.0,386
2020-07-19,KW,Kuwait,EMRO,4846.0,58904,21.0,407
2020-07-26,KW,Kuwait,EMRO,4405.0,63309,22.0,429
2020-08-02,KW,Kuwait,EMRO,4139.0,67448,24.0,453
2020-08-09,KW,Kuwait,EMRO,3751.0,71199,21.0,474
2020-08-16,KW,Kuwait,EMRO,4498.0,75697,24.0,498
2020-08-23,KW,Kuwait,EMRO,4260.0,79957,15.0,513
2020-08-30,KW,Kuwait,EMRO,4267.0,84224,15.0,528
2020-09-06,KW,Kuwait,EMRO,4739.0,88963,12.0,540
2020-09-13,KW,Kuwait,EMRO,5248.0,94211,18.0,558
2020-09-20,KW,Kuwait,EMRO,4838.0,99049,23.0,581
2020-09-27,KW,Kuwait,EMRO,4150.0,103199,16.0,597
2020-10-04,KW,Kuwait,EMRO,3259.0,106458,23.0,620
2020-10-11,KW,Kuwait,EMRO,4110.0,110568,35.0,655
2020-10-18,KW,Kuwait,EMRO,4915.0,115483,39.0,694
2020-10-25,KW,Kuwait,EMRO,5444.0,120927,50.0,744
2020-11-01,KW,Kuwait,EMRO,4999.0,125926,35.0,779
2020-11-08,KW,Kuwait,EMRO,5279.0,131205,29.0,808
2020-11-15,KW,Kuwait,EMRO,5136.0,136341,27.0,835
2020-11-22,KW,Kuwait,EMRO,3393.0,139734,28.0,863
2020-11-29,KW,Kuwait,EMRO,2461.0,142195,12.0,875
2020-12-06,KW,Kuwait,EMRO,1969.0,144164,14.0,889
2020-12-13,KW,Kuwait,EMRO,1880.0,146044,22.0,911
2020-12-20,KW,Kuwait,EMRO,1731.0,147775,7.0,918
2020-12-27,KW,Kuwait,EMRO,1674.0,149449,11.0,929
2021-01-03,KW,Kuwait,EMRO,1625.0,151074,8.0,937
2021-01-10,KW,Kuwait,EMRO,2826.0,153900,5.0,942
2021-01-17,KW,Kuwait,EMRO,3499.0,157399,5.0,947
2021-01-24,KW,Kuwait,EMRO,3502.0,160901,5.0,952
2021-01-31,KW,Kuwait,EMRO,3721.0,164622,7.0,959
2021-02-07,KW,Kuwait,EMRO,5414.0,170036,5.0,964
2021-02-14,KW,Kuwait,EMRO,6867.0,176903,34.0,998
2021-02-21,KW,Kuwait,EMRO,6419.0,183322,41.0,1039
2021-02-28,KW,Kuwait,EMRO,6568.0,189890,39.0,1078
2021-03-07,KW,Kuwait,EMRO,9538.0,199428,42.0,1120
2021-03-14,KW,Kuwait,EMRO,9032.0,208460,45.0,1165
2021-03-21,KW,Kuwait,EMRO,9473.0,217933,50.0,1215
2021-03-28,KW,Kuwait,EMRO,9245.0,227178,64.0,1279
2021-04-04,KW,Kuwait,EMRO,8811.0,235989,60.0,1339
2021-04-11,KW,Kuwait,EMRO,9715.0,245704,64.0,1403
2021-04-18,KW,Kuwait,EMRO,10156.0,255860,37.0,1440
2021-04-25,KW,Kuwait,EMRO,9544.0,265404,71.0,1511
2021-05-02,KW,Kuwait,EMRO,9866.0,275270,58.0,1569
2021-05-09,KW,Kuwait,EMRO,8806.0,284076,66.0,1635
2021-05-16,KW,Kuwait,EMRO,6725.0,290801,52.0,1687
2021-05-23,KW,Kuwait,EMRO,7422.0,298223,37.0,1724
2021-05-30,KW,Kuwait,EMRO,8494.0,306717,40.0,1764
2021-06-06,KW,Kuwait,EMRO,9183.0,315900,30.0,1794
2021-06-13,KW,Kuwait,EMRO,10551.0,326451,23.0,1817
2021-06-20,KW,Kuwait,EMRO,10920.0,337371,45.0,1862
2021-06-27,KW,Kuwait,EMRO,12552.0,349923,57.0,1919
2021-07-04,KW,Kuwait,EMRO,12095.0,362018,86.0,2005
2021-07-11,KW,Kuwait,EMRO,12086.0,374104,95.0,2100
2021-07-18,KW,Kuwait,EMRO,10469.0,384573,111.0,2211
2021-07-25,KW,Kuwait,EMRO,7208.0,391781,68.0,2279
2021-08-01,KW,Kuwait,EMRO,6050.0,397831,41.0,2320
2021-08-08,KW,Kuwait,EMRO,4963.0,402794,46.0,2366
2021-08-15,KW,Kuwait,EMRO,3440.0,406234,20.0,2386
2021-08-22,KW,Kuwait,EMRO,1844.0,408078,17.0,2403
2021-08-29,KW,Kuwait,EMRO,1285.0,409363,13.0,2416
2021-09-05,KW,Kuwait,EMRO,907.0,410270,7.0,2423
2021-09-12,KW,Kuwait,EMRO,464.0,410734,7.0,2430
2021-09-19,KW,Kuwait,EMRO,390.0,411124,8.0,2438
2021-09-26,KW,Kuwait,EMRO,323.0,411447,7.0,2445
2021-10-03,KW,Kuwait,EMRO,284.0,411731,6.0,2451
2021-10-10,KW,Kuwait,EMRO,317.0,412048,3.0,2454
2021-10-17,KW,Kuwait,EMRO,249.0,412297,2.0,2456
2021-10-24,KW,Kuwait,EMRO,209.0,412506,4.0,2460
2021-10-31,KW,Kuwait,EMRO,147.0,412653,1.0,2461
2021-11-07,KW,Kuwait,EMRO,168.0,412821,1.0,2462
2021-11-14,KW,Kuwait,EMRO,161.0,412982,0.0,2462
2021-11-21,KW,Kuwait,EMRO,138.0,413120,2.0,2464
2021-11-28,KW,Kuwait,EMRO,146.0,413266,1.0,2465
2021-12-05,KW,Kuwait,EMRO,198.0,413464,0.0,2465
2021-12-12,KW,Kuwait,EMRO,208.0,413672,1.0,2466
2021-12-19,KW,Kuwait,EMRO,351.0,414023,0.0,2466
2021-12-26,KW,Kuwait,EMRO,888.0,414911,2.0,2468
2022-01-02,KW,Kuwait,EMRO,2812.0,417723,0.0,2468
2022-01-09,KW,Kuwait,EMRO,13197.0,430920,3.0,2471
2022-01-16,KW,Kuwait,EMRO,29908.0,460828,4.0,2475
2022-01-23,KW,Kuwait,EMRO,32279.0,493107,10.0,2485
2022-01-30,KW,Kuwait,EMRO,40955.0,534062,9.0,2494
2022-02-06,KW,Kuwait,EMRO,40525.0,574587,14.0,2508
2022-02-13,KW,Kuwait,EMRO,24452.0,599039,11.0,2519
2022-02-20,KW,Kuwait,EMRO,12781.0,611820,9.0,2528
2022-02-27,KW,Kuwait,EMRO,6883.0,618703,8.0,2536
2022-03-06,KW,Kuwait,EMRO,3786.0,622489,8.0,2544
2022-03-13,KW,Kuwait,EMRO,2972.0,625461,6.0,2550
2022-03-20,KW,Kuwait,EMRO,1682.0,627143,3.0,2553
2022-03-27,KW,Kuwait,EMRO,1317.0,628460,0.0,2553
2022-04-03,KW,Kuwait,EMRO,1065.0,629525,1.0,2554
2022-04-10,KW,Kuwait,EMRO,797.0,630322,1.0,2555
2022-04-17,KW,Kuwait,EMRO,624.0,630946,0.0,2555
2022-04-24,KW,Kuwait,EMRO,463.0,631409,0.0,2555
2022-05-01,KW,Kuwait,EMRO,319.0,631728,0.0,2555
2022-05-08,KW,Kuwait,EMRO,201.0,631929,0.0,2555
2022-05-15,KW,Kuwait,EMRO,440.0,632369,0.0,2555
2022-05-22,KW,Kuwait,EMRO,412.0,632781,0.0,2555
2022-05-29,KW,Kuwait,EMRO,535.0,633316,0.0,2555
2022-06-05,KW,Kuwait,EMRO,851.0,634167,0.0,2555
2022-06-12,KW,Kuwait,EMRO,1701.0,635868,0.0,2555
2022-06-19,KW,Kuwait,EMRO,2840.0,638708,0.0,2555
2022-06-26,KW,Kuwait,EMRO,3277.0,641985,0.0,2555
2022-07-03,KW,Kuwait,EMRO,3130.0,645115,0.0,2555
2022-07-10,KW,Kuwait,EMRO,2820.0,647935,1.0,2556
2022-07-17,KW,Kuwait,EMRO,2150.0,650085,2.0,2558
2022-07-24,KW,Kuwait,EMRO,2935.0,653020,1.0,2559
2022-07-31,KW,Kuwait,EMRO,1651.0,654671,3.0,2562
2022-08-07,KW,Kuwait,EMRO,1061.0,655732,0.0,2562
2022-08-14,KW,Kuwait,EMRO,724.0,656456,1.0,2563
2022-08-21,KW,Kuwait,EMRO,586.0,657042,0.0,2563
2022-08-28,KW,Kuwait,EMRO,353.0,657395,0.0,2563
2022-09-04,KW,Kuwait,EMRO,350.0,657745,0.0,2563
2022-09-11,KW,Kuwait,EMRO,396.0,658141,0.0,2563
2022-09-18,KW,Kuwait,EMRO,576.0,658717,0.0,2563
2022-09-25,KW,Kuwait,EMRO,627.0,659344,0.0,2563
2022-10-02,KW,Kuwait,EMRO,579.0,659923,1.0,2564
2022-10-09,KW,Kuwait,EMRO,744.0,660667,0.0,2564
2022-10-16,KW,Kuwait,EMRO,666.0,661333,1.0,2565
2022-10-23,KW,Kuwait,EMRO,454.0,661787,1.0,2566
2022-10-30,KW,Kuwait,EMRO,336.0,662123,3.0,2569
2022-11-06,KW,Kuwait,EMRO,236.0,662359,0.0,2569
2022-11-13,KW,Kuwait,EMRO,165.0,662524,1.0,2570
2022-11-20,KW,Kuwait,EMRO,107.0,662631,0.0,2570
2022-11-27,KW,Kuwait,EMRO,96.0,662727,0.0,2570
2022-12-04,KW,Kuwait,EMRO,61.0,662788,0.0,2570
2022-12-11,KW,Kuwait,EMRO,70.0,662858,0.0,2570
2022-12-18,KW,Kuwait,EMRO,0.0,662858,0.0,2570
2022-12-25,KW,Kuwait,EMRO,60.0,662918,0.0,2570
2023-01-01,KW,Kuwait,EMRO,52.0,662970,0.0,2570
2023-01-08,KW,Kuwait,EMRO,48.0,663018,0.0,2570
2023-01-15,KW,Kuwait,EMRO,63.0,663081,0.0,2570
2023-01-22,KW,Kuwait,EMRO,65.0,663146,0.0,2570
2023-01-29,KW,Kuwait,EMRO,0.0,663146,0.0,2570
2023-02-05,KW,Kuwait,EMRO,0.0,663146,0.0,2570
2023-02-12,KW,Kuwait,EMRO,128.0,663274,0.0,2570
2023-02-19,KW,Kuwait,EMRO,182.0,663456,0.0,2570
2023-02-26,KW,Kuwait,EMRO,0.0,663456,0.0,2570
2023-03-05,KW,Kuwait,EMRO,403.0,663859,0.0,2570
2023-03-12,KW,Kuwait,EMRO,543.0,664402,0.0,2570
2023-03-19,KW,Kuwait,EMRO,370.0,664772,0.0,2570
2023-03-26,KW,Kuwait,EMRO,350.0,665122,0.0,2570
2023-04-02,KW,Kuwait,EMRO,264.0,665386,0.0,2570
2023-04-09,KW,Kuwait,EMRO,141.0,665527,0.0,2570
2023-04-16,KW,Kuwait,EMRO,118.0,665645,0.0,2570
2023-04-23,KW,Kuwait,EMRO,96.0,665741,0.0,2570
2023-04-30,KW,Kuwait,EMRO,61.0,665802,0.0,2570
2023-05-07,KW,Kuwait,EMRO,49.0,665851,0.0,2570
2023-05-14,KW,Kuwait,EMRO,34.0,665885,0.0,2570
2023-05-21,KW,Kuwait,EMRO,24.0,665909,0.0,2570
2023-05-28,KW,Kuwait,EMRO,22.0,665931,0.0,2570
2023-06-04,KW,Kuwait,EMRO,11.0,665942,0.0,2570
2023-06-11,KW,Kuwait,EMRO,13.0,665955,0.0,2570
2023-06-18,KW,Kuwait,EMRO,12.0,665967,0.0,2570
2023-06-25,KW,Kuwait,EMRO,7.0,665974,0.0,2570
2023-07-02,KW,Kuwait,EMRO,8.0,665982,0.0,2570
2023-07-09,KW,Kuwait,EMRO,23.0,666005,0.0,2570
2023-07-16,KW,Kuwait,EMRO,6.0,666011,0.0,2570
2023-07-23,KW,Kuwait,EMRO,0.0,666011,0.0,2570
2023-07-30,KW,Kuwait,EMRO,0.0,666011,0.0,2570
2023-08-06,KW,Kuwait,EMRO,10.0,666021,0.0,2570
2023-08-13,KW,Kuwait,EMRO,22.0,666043,0.0,2570
2023-08-20,KW,Kuwait,EMRO,38.0,666081,0.0,2570
2023-08-27,KW,Kuwait,EMRO,42.0,666123,0.0,2570
2023-09-03,KW,Kuwait,EMRO,30.0,666153,0.0,2570
2023-09-10,KW,Kuwait,EMRO,53.0,666206,0.0,2570
2023-09-17,KW,Kuwait,EMRO,78.0,666284,0.0,2570
2023-09-24,KW,Kuwait,EMRO,0.0,666284,0.0,2570
2023-10-01,KW,Kuwait,EMRO,49.0,666333,0.0,2570
2023-10-08,KW,Kuwait,EMRO,58.0,666391,0.0,2570
2023-10-15,KW,Kuwait,EMRO,41.0,666432,0.0,2570
2023-10-22,KW,Kuwait,EMRO,28.0,666460,0.0,2570
2023-10-29,KW,Kuwait,EMRO,26.0,666486,0.0,2570
2023-11-05,KW,Kuwait,EMRO,15.0,666501,0.0,2570
2023-11-12,KW,Kuwait,EMRO,11.0,666512,0.0,2570
2023-11-19,KW,Kuwait,EMRO,8.0,666520,0.0,2570
2023-11-26,KW,Kuwait,EMRO,9.0,666529,0.0,2570
2023-12-03,KW,Kuwait,EMRO,9.0,666538,0.0,2570
2023-12-10,KW,Kuwait,EMRO,13.0,666551,0.0,2570
2023-12-17,KW,Kuwait,EMRO,0.0,666551,0.0,2570
2023-12-24,KW,Kuwait,EMRO,35.0,666586,0.0,2570
2023-12-31,KW,Kuwait,EMRO,0.0,666586,0.0,2570
2024-01-07,KW,Kuwait,EMRO,67.0,666653,0.0,2570
2024-01-14,KW,Kuwait,EMRO,103.0,666756,0.0,2570
2024-01-21,KW,Kuwait,EMRO,120.0,666876,0.0,2570
2024-01-28,KW,Kuwait,EMRO,84.0,666960,0.0,2570
2024-02-04,KW,Kuwait,EMRO,66.0,667026,0.0,2570
2024-02-11,KW,Kuwait,EMRO,68.0,667094,0.0,2570
2024-02-18,KW,Kuwait,EMRO,45.0,667139,0.0,2570
2024-02-25,KW,Kuwait,EMRO,0.0,667139,0.0,2570
2024-03-03,KW,Kuwait,EMRO,0.0,667139,0.0,2570
2024-03-10,KW,Kuwait,EMRO,19.0,667158,0.0,2570
2024-03-17,KW,Kuwait,EMRO,7.0,667165,0.0,2570
2024-03-24,KW,Kuwait,EMRO,20.0,667185,0.0,2570
2024-03-31,KW,Kuwait,EMRO,0.0,667185,0.0,2570
2024-04-07,KW,Kuwait,EMRO,8.0,667193,0.0,2570
2024-04-14,KW,Kuwait,EMRO,0.0,667193,0.0,2570
2024-04-21,KW,Kuwait,EMRO,0.0,667193,0.0,2570
2024-04-28,KW,Kuwait,EMRO,0.0,667193,0.0,2570
