Date_reported,Country_code,Country,WHO_region,New_cases,Cumulative_cases,New_deaths,Cumulative_deaths
2020-03-15,KZ,Kazakhstan,EURO,6.0,6,0.0,0
2020-03-22,KZ,Kazakhstan,EURO,51.0,57,0.0,0
2020-03-29,KZ,Kazakhstan,EURO,227.0,284,1.0,1
2020-04-05,KZ,Kazakhstan,EURO,247.0,531,4.0,5
2020-04-12,KZ,Kazakhstan,EURO,366.0,897,5.0,10
2020-04-19,KZ,Kazakhstan,EURO,730.0,1627,9.0,19
2020-04-26,KZ,Kazakhstan,EURO,974.0,2601,6.0,25
2020-05-03,KZ,Kazakhstan,EURO,1276.0,3877,1.0,26
2020-05-10,KZ,Kazakhstan,EURO,1179.0,5056,5.0,31
2020-05-17,KZ,Kazakhstan,EURO,1101.0,6157,3.0,34
2020-05-24,KZ,Kazakhstan,EURO,2165.0,8322,1.0,35
2020-05-31,KZ,Kazakhstan,EURO,2536.0,10858,3.0,38
2020-06-07,KZ,Kazakhstan,EURO,1836.0,12694,16.0,54
2020-06-14,KZ,Kazakhstan,EURO,1802.0,14496,19.0,73
2020-06-21,KZ,Kazakhstan,EURO,3345.0,17841,45.0,118
2020-06-28,KZ,Kazakhstan,EURO,10222.0,28063,55.0,173
2020-07-05,KZ,Kazakhstan,EURO,19108.0,47171,69.0,242
2020-07-12,KZ,Kazakhstan,EURO,11082.0,58253,110.0,352
2020-07-19,KZ,Kazakhstan,EURO,12086.0,70339,23.0,375
2020-07-26,KZ,Kazakhstan,EURO,11381.0,81720,210.0,585
2020-08-02,KZ,Kazakhstan,EURO,15054.0,96774,238.0,823
2020-08-09,KZ,Kazakhstan,EURO,15048.0,111822,286.0,1109
2020-08-16,KZ,Kazakhstan,EURO,9339.0,121161,324.0,1433
2020-08-23,KZ,Kazakhstan,EURO,6042.0,127203,200.0,1633
2020-08-30,KZ,Kazakhstan,EURO,4139.0,131342,148.0,1781
2020-09-06,KZ,Kazakhstan,EURO,2582.0,133924,97.0,1878
2020-09-13,KZ,Kazakhstan,EURO,2460.0,136384,70.0,1948
2020-09-20,KZ,Kazakhstan,EURO,1964.0,138348,51.0,1999
2020-09-27,KZ,Kazakhstan,EURO,1827.0,140175,44.0,2043
2020-10-04,KZ,Kazakhstan,EURO,1573.0,141748,32.0,2075
2020-10-11,KZ,Kazakhstan,EURO,1884.0,143632,31.0,2106
2020-10-18,KZ,Kazakhstan,EURO,1688.0,145320,30.0,2136
2020-10-25,KZ,Kazakhstan,EURO,1977.0,147297,42.0,2178
2020-11-01,KZ,Kazakhstan,EURO,3083.0,150380,41.0,2219
2020-11-08,KZ,Kazakhstan,EURO,4840.0,155220,40.0,2259
2020-11-15,KZ,Kazakhstan,EURO,5392.0,160612,47.0,2306
2020-11-22,KZ,Kazakhstan,EURO,6013.0,166625,59.0,2365
2020-11-29,KZ,Kazakhstan,EURO,6344.0,172969,52.0,2417
2020-12-06,KZ,Kazakhstan,EURO,6375.0,179344,60.0,2477
2020-12-13,KZ,Kazakhstan,EURO,6169.0,185513,65.0,2542
2020-12-20,KZ,Kazakhstan,EURO,5456.0,190969,67.0,2609
2020-12-27,KZ,Kazakhstan,EURO,6173.0,197142,60.0,2669
2021-01-03,KZ,Kazakhstan,EURO,5738.0,202880,80.0,2749
2021-01-10,KZ,Kazakhstan,EURO,5716.0,208596,96.0,2845
2021-01-17,KZ,Kazakhstan,EURO,6331.0,214927,40.0,2885
2021-01-24,KZ,Kazakhstan,EURO,9468.0,224395,71.0,2956
2021-01-31,KZ,Kazakhstan,EURO,10174.0,234569,79.0,3035
2021-02-07,KZ,Kazakhstan,EURO,8838.0,243407,91.0,3126
2021-02-14,KZ,Kazakhstan,EURO,7069.0,250476,59.0,3185
2021-02-21,KZ,Kazakhstan,EURO,5912.0,256388,61.0,3246
2021-02-28,KZ,Kazakhstan,EURO,5705.0,262093,65.0,3311
2021-03-07,KZ,Kazakhstan,EURO,5564.0,267657,78.0,3389
2021-03-14,KZ,Kazakhstan,EURO,5864.0,273521,67.0,3456
2021-03-21,KZ,Kazakhstan,EURO,8277.0,281798,55.0,3511
2021-03-28,KZ,Kazakhstan,EURO,8994.0,290792,2291.0,5802
2021-04-04,KZ,Kazakhstan,EURO,13130.0,303922,110.0,5912
2021-04-11,KZ,Kazakhstan,EURO,16959.0,320881,116.0,6028
2021-04-18,KZ,Kazakhstan,EURO,17964.0,338845,151.0,6179
2021-04-25,KZ,Kazakhstan,EURO,19989.0,358834,194.0,6373
2021-05-02,KZ,Kazakhstan,EURO,19736.0,378570,188.0,6561
2021-05-09,KZ,Kazakhstan,EURO,17560.0,396130,197.0,6758
2021-05-16,KZ,Kazakhstan,EURO,16106.0,412236,218.0,6976
2021-05-23,KZ,Kazakhstan,EURO,15637.0,427873,173.0,7149
2021-05-30,KZ,Kazakhstan,EURO,12496.0,440369,0.0,7149
2021-06-06,KZ,Kazakhstan,EURO,9489.0,449858,172.0,7321
2021-06-13,KZ,Kazakhstan,EURO,7616.0,457474,144.0,7465
2021-06-20,KZ,Kazakhstan,EURO,7711.0,465185,121.0,7586
2021-06-27,KZ,Kazakhstan,EURO,9854.0,475039,80.0,7666
2021-07-04,KZ,Kazakhstan,EURO,16238.0,491277,93.0,7759
2021-07-11,KZ,Kazakhstan,EURO,21408.0,512685,175.0,7934
2021-07-18,KZ,Kazakhstan,EURO,34825.0,547510,239.0,8173
2021-07-25,KZ,Kazakhstan,EURO,41346.0,588856,365.0,8538
2021-08-01,KZ,Kazakhstan,EURO,52691.0,641547,539.0,9077
2021-08-08,KZ,Kazakhstan,EURO,56033.0,697580,832.0,9909
2021-08-15,KZ,Kazakhstan,EURO,55346.0,752926,882.0,10791
2021-08-22,KZ,Kazakhstan,EURO,51785.0,804711,934.0,11725
2021-08-29,KZ,Kazakhstan,EURO,44846.0,849557,930.0,12655
2021-09-05,KZ,Kazakhstan,EURO,34667.0,884224,1077.0,13732
2021-09-12,KZ,Kazakhstan,EURO,28017.0,912241,691.0,14423
2021-09-19,KZ,Kazakhstan,EURO,22208.0,934449,608.0,15031
2021-09-26,KZ,Kazakhstan,EURO,17936.0,952385,799.0,15830
2021-10-03,KZ,Kazakhstan,EURO,14827.0,967212,312.0,16142
2021-10-10,KZ,Kazakhstan,EURO,13917.0,981129,298.0,16440
2021-10-17,KZ,Kazakhstan,EURO,13335.0,994464,242.0,16682
2021-10-24,KZ,Kazakhstan,EURO,12491.0,1006955,251.0,16933
2021-10-31,KZ,Kazakhstan,EURO,11886.0,1018841,198.0,17131
2021-11-07,KZ,Kazakhstan,EURO,10087.0,1028928,187.0,17318
2021-11-14,KZ,Kazakhstan,EURO,8710.0,1037638,194.0,17512
2021-11-21,KZ,Kazakhstan,EURO,8145.0,1045783,158.0,17670
2021-11-28,KZ,Kazakhstan,EURO,6839.0,1052622,135.0,17805
2021-12-05,KZ,Kazakhstan,EURO,5483.0,1058105,127.0,17932
2021-12-12,KZ,Kazakhstan,EURO,4793.0,1062898,104.0,18036
2021-12-19,KZ,Kazakhstan,EURO,3649.0,1066547,80.0,18116
2021-12-26,KZ,Kazakhstan,EURO,3317.0,1069864,69.0,18185
2022-01-02,KZ,Kazakhstan,EURO,3135.0,1072999,51.0,18236
2022-01-09,KZ,Kazakhstan,EURO,6672.0,1079671,42.0,18278
2022-01-16,KZ,Kazakhstan,EURO,54927.0,1134598,34.0,18312
2022-01-23,KZ,Kazakhstan,EURO,97258.0,1231856,70.0,18382
2022-01-30,KZ,Kazakhstan,EURO,80452.0,1312308,108.0,18490
2022-02-06,KZ,Kazakhstan,EURO,45666.0,1357974,151.0,18641
2022-02-13,KZ,Kazakhstan,EURO,19486.0,1377460,130.0,18771
2022-02-20,KZ,Kazakhstan,EURO,8870.0,1386330,95.0,18866
2022-02-27,KZ,Kazakhstan,EURO,3843.0,1390173,63.0,18929
2022-03-06,KZ,Kazakhstan,EURO,1838.0,1392011,44.0,18973
2022-03-13,KZ,Kazakhstan,EURO,849.0,1392860,20.0,18993
2022-03-20,KZ,Kazakhstan,EURO,567.0,1393427,11.0,19004
2022-03-27,KZ,Kazakhstan,EURO,216.0,1393643,6.0,19010
2022-04-03,KZ,Kazakhstan,EURO,249.0,1393892,2.0,19012
2022-04-10,KZ,Kazakhstan,EURO,178.0,1394070,1.0,19013
2022-04-17,KZ,Kazakhstan,EURO,154.0,1394224,0.0,19013
2022-04-24,KZ,Kazakhstan,EURO,125.0,1394349,0.0,19013
2022-05-01,KZ,Kazakhstan,EURO,174.0,1394523,0.0,19013
2022-05-08,KZ,Kazakhstan,EURO,109.0,1394632,1.0,19014
2022-05-15,KZ,Kazakhstan,EURO,78.0,1394710,1.0,19015
2022-05-22,KZ,Kazakhstan,EURO,87.0,1394797,0.0,19015
2022-05-29,KZ,Kazakhstan,EURO,90.0,1394887,0.0,19015
2022-06-05,KZ,Kazakhstan,EURO,70.0,1394957,1.0,19016
2022-06-12,KZ,Kazakhstan,EURO,98.0,1395055,1.0,19017
2022-06-19,KZ,Kazakhstan,EURO,112.0,1395167,0.0,19017
2022-06-26,KZ,Kazakhstan,EURO,299.0,1395466,1.0,19018
2022-07-03,KZ,Kazakhstan,EURO,959.0,1396425,0.0,19018
2022-07-10,KZ,Kazakhstan,EURO,2293.0,1398718,0.0,19018
2022-07-17,KZ,Kazakhstan,EURO,7190.0,1405908,2.0,19020
2022-07-24,KZ,Kazakhstan,EURO,15001.0,1420909,1.0,19021
2022-07-31,KZ,Kazakhstan,EURO,18815.0,1439724,0.0,19021
2022-08-07,KZ,Kazakhstan,EURO,16803.0,1456527,5.0,19026
2022-08-14,KZ,Kazakhstan,EURO,10234.0,1466761,4.0,19030
2022-08-21,KZ,Kazakhstan,EURO,6630.0,1473391,4.0,19034
2022-08-28,KZ,Kazakhstan,EURO,4094.0,1477485,7.0,19041
2022-09-04,KZ,Kazakhstan,EURO,2363.0,1479848,0.0,19041
2022-09-11,KZ,Kazakhstan,EURO,1677.0,1481525,4.0,19045
2022-09-18,KZ,Kazakhstan,EURO,990.0,1482515,3.0,19048
2022-09-25,KZ,Kazakhstan,EURO,688.0,1483203,0.0,19048
2022-10-02,KZ,Kazakhstan,EURO,533.0,1483736,2.0,19050
2022-10-09,KZ,Kazakhstan,EURO,334.0,1484070,2.0,19052
2022-10-16,KZ,Kazakhstan,EURO,324.0,1484394,0.0,19052
2022-10-23,KZ,Kazakhstan,EURO,243.0,1484637,0.0,19052
2022-10-30,KZ,Kazakhstan,EURO,279.0,1484916,0.0,19052
2022-11-06,KZ,Kazakhstan,EURO,285.0,1485201,0.0,19052
2022-11-13,KZ,Kazakhstan,EURO,363.0,1485564,1.0,19053
2022-11-20,KZ,Kazakhstan,EURO,494.0,1486058,0.0,19053
2022-11-27,KZ,Kazakhstan,EURO,712.0,1486770,0.0,19053
2022-12-04,KZ,Kazakhstan,EURO,1039.0,1487809,0.0,19053
2022-12-11,KZ,Kazakhstan,EURO,1304.0,1489113,3.0,19056
2022-12-18,KZ,Kazakhstan,EURO,1434.0,1490547,1.0,19057
2022-12-25,KZ,Kazakhstan,EURO,1674.0,1492221,0.0,19057
2023-01-01,KZ,Kazakhstan,EURO,1513.0,1493734,1.0,19058
2023-01-08,KZ,Kazakhstan,EURO,987.0,1494721,2.0,19060
2023-01-15,KZ,Kazakhstan,EURO,859.0,1495580,3.0,19063
2023-01-22,KZ,Kazakhstan,EURO,517.0,1496097,2.0,19065
2023-01-29,KZ,Kazakhstan,EURO,381.0,1496478,0.0,19065
2023-02-05,KZ,Kazakhstan,EURO,419.0,1496897,0.0,19065
2023-02-12,KZ,Kazakhstan,EURO,552.0,1497449,1.0,19066
2023-02-19,KZ,Kazakhstan,EURO,618.0,1498067,2.0,19068
2023-02-26,KZ,Kazakhstan,EURO,568.0,1498635,0.0,19068
2023-03-05,KZ,Kazakhstan,EURO,491.0,1499126,2.0,19070
2023-03-12,KZ,Kazakhstan,EURO,411.0,1499537,1.0,19071
2023-03-19,KZ,Kazakhstan,EURO,564.0,1500101,0.0,19071
2023-03-26,KZ,Kazakhstan,EURO,305.0,1500406,0.0,19071
2023-04-02,KZ,Kazakhstan,EURO,530.0,1500936,1.0,19072
2023-04-09,KZ,Kazakhstan,EURO,424.0,1501360,0.0,19072
2023-04-16,KZ,Kazakhstan,EURO,458.0,1501818,0.0,19072
2023-04-23,KZ,Kazakhstan,EURO,404.0,1502222,0.0,19072
2023-04-30,KZ,Kazakhstan,EURO,388.0,1502610,0.0,19072
2023-05-07,KZ,Kazakhstan,EURO,247.0,1502857,0.0,19072
2023-05-14,KZ,Kazakhstan,EURO,0.0,1502857,0.0,19072
2023-05-21,KZ,Kazakhstan,EURO,0.0,1502857,0.0,19072
2023-05-28,KZ,Kazakhstan,EURO,0.0,1502857,0.0,19072
2023-06-04,KZ,Kazakhstan,EURO,0.0,1502857,0.0,19072
2023-06-11,KZ,Kazakhstan,EURO,0.0,1502857,0.0,19072
2023-06-18,KZ,Kazakhstan,EURO,0.0,1502857,0.0,19072
2023-06-25,KZ,Kazakhstan,EURO,0.0,1502857,0.0,19072
2023-07-02,KZ,Kazakhstan,EURO,0.0,1502857,0.0,19072
2023-07-09,KZ,Kazakhstan,EURO,0.0,1502857,0.0,19072
2023-07-16,KZ,Kazakhstan,EURO,0.0,1502857,0.0,19072
2023-07-23,KZ,Kazakhstan,EURO,0.0,1502857,0.0,19072
2023-07-30,KZ,Kazakhstan,EURO,0.0,1502857,0.0,19072
2023-08-06,KZ,Kazakhstan,EURO,0.0,1502857,0.0,19072
2023-08-13,KZ,Kazakhstan,EURO,0.0,1502857,0.0,19072
2023-08-20,KZ,Kazakhstan,EURO,0.0,1502857,0.0,19072
2023-08-27,KZ,Kazakhstan,EURO,0.0,1502857,0.0,19072
2023-09-03,KZ,Kazakhstan,EURO,0.0,1502857,0.0,19072
2023-09-10,KZ,Kazakhstan,EURO,0.0,1502857,0.0,19072
2023-09-17,KZ,Kazakhstan,EURO,0.0,1502857,0.0,19072
2023-09-24,KZ,Kazakhstan,EURO,0.0,1502857,0.0,19072
2023-10-01,KZ,Kazakhstan,EURO,0.0,1502857,0.0,19072
2023-10-08,KZ,Kazakhstan,EURO,0.0,1502857,0.0,19072
2023-10-15,KZ,Kazakhstan,EURO,0.0,1502857,0.0,19072
2023-10-22,KZ,Kazakhstan,EURO,0.0,1502857,0.0,19072
2023-10-29,KZ,Kazakhstan,EURO,0.0,1502857,0.0,19072
2023-11-05,KZ,Kazakhstan,EURO,44.0,1502901,0.0,19072
2023-11-12,KZ,Kazakhstan,EURO,57.0,1502958,0.0,19072
2023-11-19,KZ,Kazakhstan,EURO,42.0,1503000,0.0,19072
2023-11-26,KZ,Kazakhstan,EURO,39.0,1503039,0.0,19072
2023-12-03,KZ,Kazakhstan,EURO,36.0,1503075,0.0,19072
2023-12-10,KZ,Kazakhstan,EURO,37.0,1503112,0.0,19072
2023-12-17,KZ,Kazakhstan,EURO,33.0,1503145,0.0,19072
2023-12-24,KZ,Kazakhstan,EURO,38.0,1503183,0.0,19072
2023-12-31,KZ,Kazakhstan,EURO,22.0,1503205,0.0,19072
2024-01-07,KZ,Kazakhstan,EURO,23.0,1503228,0.0,19072
2024-01-14,KZ,Kazakhstan,EURO,81.0,1503309,0.0,19072
2024-01-21,KZ,Kazakhstan,EURO,132.0,1503441,0.0,19072
2024-01-28,KZ,Kazakhstan,EURO,124.0,1503565,0.0,19072
2024-02-04,KZ,Kazakhstan,EURO,122.0,1503687,0.0,19072
2024-02-11,KZ,Kazakhstan,EURO,0.0,1503687,0.0,19072
2024-02-18,KZ,Kazakhstan,EURO,0.0,1503687,0.0,19072
2024-02-25,KZ,Kazakhstan,EURO,0.0,1503687,0.0,19072
2024-03-03,KZ,Kazakhstan,EURO,0.0,1503687,0.0,19072
2024-03-10,KZ,Kazakhstan,EURO,0.0,1503687,0.0,19072
2024-03-17,KZ,Kazakhstan,EURO,0.0,1503687,0.0,19072
2024-03-24,KZ,Kazakhstan,EURO,0.0,1503687,0.0,19072
2024-03-31,KZ,Kazakhstan,EURO,0.0,1503687,0.0,19072
2024-04-07,KZ,Kazakhstan,EURO,0.0,1503687,0.0,19072
2024-04-14,KZ,Kazakhstan,EURO,0.0,1503687,0.0,19072
2024-04-21,KZ,Kazakhstan,EURO,0.0,1503687,0.0,19072
2024-04-28,KZ,Kazakhstan,EURO,0.0,1503687,0.0,19072
