Date_reported,Country_code,Country,WHO_region,New_cases,Cumulative_cases,New_deaths,Cumulative_deaths
2020-03-29,LA,Lao People's Democratic Republic,WPRO,6.0,6,0.0,0
2020-04-05,LA,Lao People's Democratic Republic,WPRO,4.0,10,0.0,0
2020-04-12,LA,Lao People's Democratic Republic,WPRO,6.0,16,0.0,0
2020-04-19,LA,Lao People's Democratic Republic,WPRO,3.0,19,0.0,0
2020-04-26,LA,Lao People's Democratic Republic,WPRO,0.0,19,0.0,0
2020-05-03,LA,Lao People's Democratic Republic,WPRO,0.0,19,0.0,0
2020-05-10,LA,Lao People's Democratic Republic,WPRO,0.0,19,0.0,0
2020-05-17,LA,Lao People's Democratic Republic,WPRO,0.0,19,0.0,0
2020-05-24,LA,Lao People's Democratic Republic,WPRO,0.0,19,0.0,0
2020-05-31,LA,Lao People's Democratic Republic,WPRO,0.0,19,0.0,0
2020-06-07,LA,Lao People's Democratic Republic,WPRO,0.0,19,0.0,0
2020-06-14,LA,Lao People's Democratic Republic,WPRO,0.0,19,0.0,0
2020-06-21,LA,Lao People's Democratic Republic,WPRO,0.0,19,0.0,0
2020-06-28,LA,Lao People's Democratic Republic,WPRO,0.0,19,0.0,0
2020-07-05,LA,Lao People's Democratic Republic,WPRO,0.0,19,0.0,0
2020-07-12,LA,Lao People's Democratic Republic,WPRO,0.0,19,0.0,0
2020-07-19,LA,Lao People's Democratic Republic,WPRO,0.0,19,0.0,0
2020-07-26,LA,Lao People's Democratic Republic,WPRO,1.0,20,0.0,0
2020-08-02,LA,Lao People's Democratic Republic,WPRO,0.0,20,0.0,0
2020-08-09,LA,Lao People's Democratic Republic,WPRO,0.0,20,0.0,0
2020-08-16,LA,Lao People's Democratic Republic,WPRO,2.0,22,0.0,0
2020-08-23,LA,Lao People's Democratic Republic,WPRO,0.0,22,0.0,0
2020-08-30,LA,Lao People's Democratic Republic,WPRO,0.0,22,0.0,0
2020-09-06,LA,Lao People's Democratic Republic,WPRO,0.0,22,0.0,0
2020-09-13,LA,Lao People's Democratic Republic,WPRO,1.0,23,0.0,0
2020-09-20,LA,Lao People's Democratic Republic,WPRO,0.0,23,0.0,0
2020-09-27,LA,Lao People's Democratic Republic,WPRO,0.0,23,0.0,0
2020-10-04,LA,Lao People's Democratic Republic,WPRO,0.0,23,0.0,0
2020-10-11,LA,Lao People's Democratic Republic,WPRO,0.0,23,0.0,0
2020-10-18,LA,Lao People's Democratic Republic,WPRO,0.0,23,0.0,0
2020-10-25,LA,Lao People's Democratic Republic,WPRO,1.0,24,0.0,0
2020-11-01,LA,Lao People's Democratic Republic,WPRO,0.0,24,0.0,0
2020-11-08,LA,Lao People's Democratic Republic,WPRO,0.0,24,0.0,0
2020-11-15,LA,Lao People's Democratic Republic,WPRO,0.0,24,0.0,0
2020-11-22,LA,Lao People's Democratic Republic,WPRO,1.0,25,0.0,0
2020-11-29,LA,Lao People's Democratic Republic,WPRO,14.0,39,0.0,0
2020-12-06,LA,Lao People's Democratic Republic,WPRO,0.0,39,0.0,0
2020-12-13,LA,Lao People's Democratic Republic,WPRO,2.0,41,0.0,0
2020-12-20,LA,Lao People's Democratic Republic,WPRO,0.0,41,0.0,0
2020-12-27,LA,Lao People's Democratic Republic,WPRO,0.0,41,0.0,0
2021-01-03,LA,Lao People's Democratic Republic,WPRO,0.0,41,0.0,0
2021-01-10,LA,Lao People's Democratic Republic,WPRO,0.0,41,0.0,0
2021-01-17,LA,Lao People's Democratic Republic,WPRO,0.0,41,0.0,0
2021-01-24,LA,Lao People's Democratic Republic,WPRO,2.0,43,0.0,0
2021-01-31,LA,Lao People's Democratic Republic,WPRO,1.0,44,0.0,0
2021-02-07,LA,Lao People's Democratic Republic,WPRO,1.0,45,0.0,0
2021-02-14,LA,Lao People's Democratic Republic,WPRO,0.0,45,0.0,0
2021-02-21,LA,Lao People's Democratic Republic,WPRO,0.0,45,0.0,0
2021-02-28,LA,Lao People's Democratic Republic,WPRO,0.0,45,0.0,0
2021-03-07,LA,Lao People's Democratic Republic,WPRO,2.0,47,0.0,0
2021-03-14,LA,Lao People's Democratic Republic,WPRO,2.0,49,0.0,0
2021-03-21,LA,Lao People's Democratic Republic,WPRO,0.0,49,0.0,0
2021-03-28,LA,Lao People's Democratic Republic,WPRO,0.0,49,0.0,0
2021-04-04,LA,Lao People's Democratic Republic,WPRO,0.0,49,0.0,0
2021-04-11,LA,Lao People's Democratic Republic,WPRO,2.0,51,0.0,0
2021-04-18,LA,Lao People's Democratic Republic,WPRO,7.0,58,0.0,0
2021-04-25,LA,Lao People's Democratic Republic,WPRO,254.0,312,0.0,0
2021-05-02,LA,Lao People's Democratic Republic,WPRO,568.0,880,0.0,0
2021-05-09,LA,Lao People's Democratic Republic,WPRO,362.0,1242,1.0,1
2021-05-16,LA,Lao People's Democratic Republic,WPRO,289.0,1531,1.0,2
2021-05-23,LA,Lao People's Democratic Republic,WPRO,210.0,1741,0.0,2
2021-05-30,LA,Lao People's Democratic Republic,WPRO,110.0,1851,1.0,3
2021-06-06,LA,Lao People's Democratic Republic,WPRO,52.0,1903,0.0,3
2021-06-13,LA,Lao People's Democratic Republic,WPRO,33.0,1936,0.0,3
2021-06-20,LA,Lao People's Democratic Republic,WPRO,57.0,1993,0.0,3
2021-06-27,LA,Lao People's Democratic Republic,WPRO,57.0,2050,0.0,3
2021-07-04,LA,Lao People's Democratic Republic,WPRO,194.0,2244,0.0,3
2021-07-11,LA,Lao People's Democratic Republic,WPRO,475.0,2719,0.0,3
2021-07-18,LA,Lao People's Democratic Republic,WPRO,707.0,3426,2.0,5
2021-07-25,LA,Lao People's Democratic Republic,WPRO,1336.0,4762,0.0,5
2021-08-01,LA,Lao People's Democratic Republic,WPRO,1804.0,6566,2.0,7
2021-08-08,LA,Lao People's Democratic Republic,WPRO,1825.0,8391,1.0,8
2021-08-15,LA,Lao People's Democratic Republic,WPRO,1701.0,10092,1.0,9
2021-08-22,LA,Lao People's Democratic Republic,WPRO,2377.0,12469,2.0,11
2021-08-29,LA,Lao People's Democratic Republic,WPRO,2172.0,14641,1.0,12
2021-09-05,LA,Lao People's Democratic Republic,WPRO,1292.0,15933,4.0,16
2021-09-12,LA,Lao People's Democratic Republic,WPRO,1424.0,17357,0.0,16
2021-09-19,LA,Lao People's Democratic Republic,WPRO,1828.0,19185,0.0,16
2021-09-26,LA,Lao People's Democratic Republic,WPRO,2634.0,21819,0.0,16
2021-10-03,LA,Lao People's Democratic Republic,WPRO,3398.0,25217,6.0,22
2021-10-10,LA,Lao People's Democratic Republic,WPRO,3323.0,28540,4.0,26
2021-10-17,LA,Lao People's Democratic Republic,WPRO,3489.0,32029,14.0,40
2021-10-24,LA,Lao People's Democratic Republic,WPRO,3604.0,35633,12.0,52
2021-10-31,LA,Lao People's Democratic Republic,WPRO,4638.0,40271,13.0,65
2021-11-07,LA,Lao People's Democratic Republic,WPRO,6785.0,47056,17.0,82
2021-11-14,LA,Lao People's Democratic Republic,WPRO,7136.0,54192,17.0,99
2021-11-21,LA,Lao People's Democratic Republic,WPRO,7968.0,62160,33.0,132
2021-11-28,LA,Lao People's Democratic Republic,WPRO,9358.0,71518,27.0,159
2021-12-05,LA,Lao People's Democratic Republic,WPRO,8315.0,79833,48.0,207
2021-12-12,LA,Lao People's Democratic Republic,WPRO,9487.0,89320,40.0,247
2021-12-19,LA,Lao People's Democratic Republic,WPRO,9252.0,98572,26.0,273
2021-12-26,LA,Lao People's Democratic Republic,WPRO,7659.0,106231,52.0,325
2022-01-02,LA,Lao People's Democratic Republic,WPRO,6536.0,112767,55.0,380
2022-01-09,LA,Lao People's Democratic Republic,WPRO,6113.0,118880,57.0,437
2022-01-16,LA,Lao People's Democratic Republic,WPRO,5851.0,124731,58.0,495
2022-01-23,LA,Lao People's Democratic Republic,WPRO,5222.0,129953,31.0,526
2022-01-30,LA,Lao People's Democratic Republic,WPRO,3571.0,133524,18.0,544
2022-02-06,LA,Lao People's Democratic Republic,WPRO,2914.0,136438,30.0,574
2022-02-13,LA,Lao People's Democratic Republic,WPRO,2590.0,139028,20.0,594
2022-02-20,LA,Lao People's Democratic Republic,WPRO,2055.0,141083,16.0,610
2022-02-27,LA,Lao People's Democratic Republic,WPRO,1526.0,142609,11.0,621
2022-03-06,LA,Lao People's Democratic Republic,WPRO,1546.0,144155,8.0,629
2022-03-13,LA,Lao People's Democratic Republic,WPRO,2173.0,146328,11.0,640
2022-03-20,LA,Lao People's Democratic Republic,WPRO,6629.0,152957,5.0,645
2022-03-27,LA,Lao People's Democratic Republic,WPRO,15036.0,167993,16.0,661
2022-04-03,LA,Lao People's Democratic Republic,WPRO,15567.0,183560,10.0,671
2022-04-10,LA,Lao People's Democratic Republic,WPRO,11905.0,195465,0.0,671
2022-04-17,LA,Lao People's Democratic Republic,WPRO,4725.0,200190,0.0,671
2022-04-24,LA,Lao People's Democratic Republic,WPRO,5080.0,205270,0.0,671
2022-05-01,LA,Lao People's Democratic Republic,WPRO,2338.0,207608,0.0,671
2022-05-08,LA,Lao People's Democratic Republic,WPRO,1221.0,208829,0.0,671
2022-05-15,LA,Lao People's Democratic Republic,WPRO,605.0,209434,0.0,671
2022-05-22,LA,Lao People's Democratic Republic,WPRO,294.0,209728,0.0,671
2022-05-29,LA,Lao People's Democratic Republic,WPRO,237.0,209965,0.0,671
2022-06-05,LA,Lao People's Democratic Republic,WPRO,116.0,210081,0.0,671
2022-06-12,LA,Lao People's Democratic Republic,WPRO,66.0,210147,0.0,671
2022-06-19,LA,Lao People's Democratic Republic,WPRO,56.0,210203,0.0,671
2022-06-26,LA,Lao People's Democratic Republic,WPRO,44.0,210247,0.0,671
2022-07-03,LA,Lao People's Democratic Republic,WPRO,59.0,210306,0.0,671
2022-07-10,LA,Lao People's Democratic Republic,WPRO,55.0,210361,0.0,671
2022-07-17,LA,Lao People's Democratic Republic,WPRO,149.0,210510,0.0,671
2022-07-24,LA,Lao People's Democratic Republic,WPRO,256.0,210766,0.0,671
2022-07-31,LA,Lao People's Democratic Republic,WPRO,426.0,211192,0.0,671
2022-08-07,LA,Lao People's Democratic Republic,WPRO,579.0,211771,0.0,671
2022-08-14,LA,Lao People's Democratic Republic,WPRO,552.0,212323,0.0,671
2022-08-21,LA,Lao People's Democratic Republic,WPRO,834.0,213157,0.0,671
2022-08-28,LA,Lao People's Democratic Republic,WPRO,581.0,213738,0.0,671
2022-09-04,LA,Lao People's Democratic Republic,WPRO,619.0,214357,0.0,671
2022-09-11,LA,Lao People's Democratic Republic,WPRO,540.0,214897,0.0,671
2022-09-18,LA,Lao People's Democratic Republic,WPRO,494.0,215391,0.0,671
2022-09-25,LA,Lao People's Democratic Republic,WPRO,300.0,215691,0.0,671
2022-10-02,LA,Lao People's Democratic Republic,WPRO,169.0,215860,0.0,671
2022-10-09,LA,Lao People's Democratic Republic,WPRO,133.0,215993,0.0,671
2022-10-16,LA,Lao People's Democratic Republic,WPRO,95.0,216088,0.0,671
2022-10-23,LA,Lao People's Democratic Republic,WPRO,85.0,216173,0.0,671
2022-10-30,LA,Lao People's Democratic Republic,WPRO,56.0,216229,0.0,671
2022-11-06,LA,Lao People's Democratic Republic,WPRO,48.0,216277,0.0,671
2022-11-13,LA,Lao People's Democratic Republic,WPRO,78.0,216355,0.0,671
2022-11-20,LA,Lao People's Democratic Republic,WPRO,105.0,216460,0.0,671
2022-11-27,LA,Lao People's Democratic Republic,WPRO,132.0,216592,0.0,671
2022-12-04,LA,Lao People's Democratic Republic,WPRO,218.0,216810,0.0,671
2022-12-11,LA,Lao People's Democratic Republic,WPRO,335.0,217145,0.0,671
2022-12-18,LA,Lao People's Democratic Republic,WPRO,267.0,217412,0.0,671
2022-12-25,LA,Lao People's Democratic Republic,WPRO,230.0,217642,0.0,671
2023-01-01,LA,Lao People's Democratic Republic,WPRO,152.0,217794,0.0,671
2023-01-08,LA,Lao People's Democratic Republic,WPRO,63.0,217857,0.0,671
2023-01-15,LA,Lao People's Democratic Republic,WPRO,70.0,217927,0.0,671
2023-01-22,LA,Lao People's Democratic Republic,WPRO,15.0,217942,0.0,671
2023-01-29,LA,Lao People's Democratic Republic,WPRO,20.0,217962,0.0,671
2023-02-05,LA,Lao People's Democratic Republic,WPRO,25.0,217987,0.0,671
2023-02-12,LA,Lao People's Democratic Republic,WPRO,10.0,217997,0.0,671
2023-02-19,LA,Lao People's Democratic Republic,WPRO,9.0,218006,0.0,671
2023-02-26,LA,Lao People's Democratic Republic,WPRO,8.0,218014,0.0,671
2023-03-05,LA,Lao People's Democratic Republic,WPRO,5.0,218019,0.0,671
2023-03-12,LA,Lao People's Democratic Republic,WPRO,4.0,218023,0.0,671
2023-03-19,LA,Lao People's Democratic Republic,WPRO,3.0,218026,0.0,671
2023-03-26,LA,Lao People's Democratic Republic,WPRO,7.0,218033,0.0,671
2023-04-02,LA,Lao People's Democratic Republic,WPRO,4.0,218037,0.0,671
2023-04-09,LA,Lao People's Democratic Republic,WPRO,0.0,218037,0.0,671
2023-04-16,LA,Lao People's Democratic Republic,WPRO,11.0,218048,0.0,671
2023-04-23,LA,Lao People's Democratic Republic,WPRO,21.0,218069,0.0,671
2023-04-30,LA,Lao People's Democratic Republic,WPRO,8.0,218077,0.0,671
2023-05-07,LA,Lao People's Democratic Republic,WPRO,8.0,218085,0.0,671
2023-05-14,LA,Lao People's Democratic Republic,WPRO,13.0,218098,0.0,671
2023-05-21,LA,Lao People's Democratic Republic,WPRO,95.0,218193,0.0,671
2023-05-28,LA,Lao People's Democratic Republic,WPRO,32.0,218225,0.0,671
2023-06-04,LA,Lao People's Democratic Republic,WPRO,37.0,218262,0.0,671
2023-06-11,LA,Lao People's Democratic Republic,WPRO,57.0,218319,0.0,671
2023-06-18,LA,Lao People's Democratic Republic,WPRO,48.0,218367,0.0,671
2023-06-25,LA,Lao People's Democratic Republic,WPRO,52.0,218419,0.0,671
2023-07-02,LA,Lao People's Democratic Republic,WPRO,66.0,218485,0.0,671
2023-07-09,LA,Lao People's Democratic Republic,WPRO,84.0,218569,0.0,671
2023-07-16,LA,Lao People's Democratic Republic,WPRO,78.0,218647,0.0,671
2023-07-23,LA,Lao People's Democratic Republic,WPRO,55.0,218702,0.0,671
2023-07-30,LA,Lao People's Democratic Republic,WPRO,37.0,218739,0.0,671
2023-08-06,LA,Lao People's Democratic Republic,WPRO,23.0,218762,0.0,671
2023-08-13,LA,Lao People's Democratic Republic,WPRO,15.0,218777,0.0,671
2023-08-20,LA,Lao People's Democratic Republic,WPRO,16.0,218793,0.0,671
2023-08-27,LA,Lao People's Democratic Republic,WPRO,12.0,218805,0.0,671
2023-09-03,LA,Lao People's Democratic Republic,WPRO,11.0,218816,0.0,671
2023-09-10,LA,Lao People's Democratic Republic,WPRO,21.0,218837,0.0,671
2023-09-17,LA,Lao People's Democratic Republic,WPRO,16.0,218853,0.0,671
2023-09-24,LA,Lao People's Democratic Republic,WPRO,11.0,218864,0.0,671
2023-10-01,LA,Lao People's Democratic Republic,WPRO,6.0,218870,0.0,671
2023-10-08,LA,Lao People's Democratic Republic,WPRO,6.0,218876,0.0,671
2023-10-15,LA,Lao People's Democratic Republic,WPRO,0.0,218876,0.0,671
2023-10-22,LA,Lao People's Democratic Republic,WPRO,9.0,218885,0.0,671
2023-10-29,LA,Lao People's Democratic Republic,WPRO,6.0,218891,0.0,671
2023-11-05,LA,Lao People's Democratic Republic,WPRO,0.0,218891,0.0,671
2023-11-12,LA,Lao People's Democratic Republic,WPRO,3.0,218894,0.0,671
2023-11-19,LA,Lao People's Democratic Republic,WPRO,2.0,218896,0.0,671
2023-11-26,LA,Lao People's Democratic Republic,WPRO,2.0,218898,0.0,671
2023-12-03,LA,Lao People's Democratic Republic,WPRO,3.0,218901,0.0,671
2023-12-10,LA,Lao People's Democratic Republic,WPRO,0.0,218901,0.0,671
2023-12-17,LA,Lao People's Democratic Republic,WPRO,2.0,218903,0.0,671
2023-12-24,LA,Lao People's Democratic Republic,WPRO,3.0,218906,0.0,671
2023-12-31,LA,Lao People's Democratic Republic,WPRO,0.0,218906,0.0,671
2024-01-07,LA,Lao People's Democratic Republic,WPRO,0.0,218906,0.0,671
2024-01-14,LA,Lao People's Democratic Republic,WPRO,2.0,218908,0.0,671
2024-01-21,LA,Lao People's Democratic Republic,WPRO,5.0,218913,0.0,671
2024-01-28,LA,Lao People's Democratic Republic,WPRO,1.0,218914,0.0,671
2024-02-04,LA,Lao People's Democratic Republic,WPRO,3.0,218917,0.0,671
2024-02-11,LA,Lao People's Democratic Republic,WPRO,7.0,218924,0.0,671
2024-02-18,LA,Lao People's Democratic Republic,WPRO,7.0,218931,0.0,671
2024-02-25,LA,Lao People's Democratic Republic,WPRO,9.0,218940,0.0,671
2024-03-03,LA,Lao People's Democratic Republic,WPRO,8.0,218948,0.0,671
2024-03-10,LA,Lao People's Democratic Republic,WPRO,3.0,218951,0.0,671
2024-03-17,LA,Lao People's Democratic Republic,WPRO,4.0,218955,0.0,671
2024-03-24,LA,Lao People's Democratic Republic,WPRO,3.0,218958,0.0,671
2024-03-31,LA,Lao People's Democratic Republic,WPRO,4.0,218962,0.0,671
2024-04-07,LA,Lao People's Democratic Republic,WPRO,5.0,218967,0.0,671
2024-04-14,LA,Lao People's Democratic Republic,WPRO,56.0,219023,0.0,671
2024-04-21,LA,Lao People's Democratic Republic,WPRO,2.0,219025,0.0,671
2024-04-28,LA,Lao People's Democratic Republic,WPRO,5.0,219030,0.0,671
