Date_reported,Country_code,Country,WHO_region,New_cases,Cumulative_cases,New_deaths,Cumulative_deaths
2020-03-22,LT,Lithuania,EURO,29.0,29,0.0,0
2020-03-29,LT,Lithuania,EURO,233.0,262,4.0,4
2020-04-05,LT,Lithuania,EURO,354.0,616,4.0,8
2020-04-12,LT,Lithuania,EURO,264.0,880,6.0,14
2020-04-19,LT,Lithuania,EURO,238.0,1118,9.0,23
2020-04-26,LT,Lithuania,EURO,127.0,1245,8.0,31
2020-05-03,LT,Lithuania,EURO,82.0,1327,2.0,33
2020-05-10,LT,Lithuania,EURO,72.0,1399,3.0,36
2020-05-17,LT,Lithuania,EURO,76.0,1475,7.0,43
2020-05-24,LT,Lithuania,EURO,82.0,1557,5.0,48
2020-05-31,LT,Lithuania,EURO,48.0,1605,6.0,54
2020-06-07,LT,Lithuania,EURO,44.0,1649,2.0,56
2020-06-14,LT,Lithuania,EURO,52.0,1701,3.0,59
2020-06-21,LT,Lithuania,EURO,29.0,1730,1.0,60
2020-06-28,LT,Lithuania,EURO,15.0,1745,1.0,61
2020-07-05,LT,Lithuania,EURO,26.0,1771,1.0,62
2020-07-12,LT,Lithuania,EURO,31.0,1802,0.0,62
2020-07-19,LT,Lithuania,EURO,71.0,1873,1.0,63
2020-07-26,LT,Lithuania,EURO,30.0,1903,0.0,63
2020-08-02,LT,Lithuania,EURO,146.0,2049,0.0,63
2020-08-09,LT,Lithuania,EURO,142.0,2191,1.0,64
2020-08-16,LT,Lithuania,EURO,192.0,2383,0.0,64
2020-08-23,LT,Lithuania,EURO,237.0,2620,3.0,67
2020-08-30,LT,Lithuania,EURO,227.0,2847,2.0,69
2020-09-06,LT,Lithuania,EURO,214.0,3061,0.0,69
2020-09-13,LT,Lithuania,EURO,287.0,3348,2.0,71
2020-09-20,LT,Lithuania,EURO,433.0,3781,0.0,71
2020-09-27,LT,Lithuania,EURO,710.0,4491,5.0,76
2020-10-04,LT,Lithuania,EURO,790.0,5281,5.0,81
2020-10-11,LT,Lithuania,EURO,1029.0,6310,8.0,89
2020-10-18,LT,Lithuania,EURO,1566.0,7876,11.0,100
2020-10-25,LT,Lithuania,EURO,2963.0,10839,22.0,122
2020-11-01,LT,Lithuania,EURO,6039.0,16878,33.0,155
2020-11-08,LT,Lithuania,EURO,8245.0,25123,49.0,204
2020-11-15,LT,Lithuania,EURO,10357.0,35480,91.0,295
2020-11-22,LT,Lithuania,EURO,12436.0,47916,144.0,439
2020-11-29,LT,Lithuania,EURO,13381.0,61297,153.0,592
2020-12-06,LT,Lithuania,EURO,14961.0,76258,196.0,788
2020-12-13,LT,Lithuania,EURO,19051.0,95309,252.0,1040
2020-12-20,LT,Lithuania,EURO,20737.0,116046,256.0,1296
2020-12-27,LT,Lithuania,EURO,18173.0,134219,321.0,1617
2021-01-03,LT,Lithuania,EURO,16309.0,150528,326.0,1943
2021-01-10,LT,Lithuania,EURO,13460.0,163988,269.0,2212
2021-01-17,LT,Lithuania,EURO,8013.0,172001,248.0,2460
2021-01-24,LT,Lithuania,EURO,6549.0,178550,206.0,2666
2021-01-31,LT,Lithuania,EURO,5897.0,184447,156.0,2822
2021-02-07,LT,Lithuania,EURO,4188.0,188635,133.0,2955
2021-02-14,LT,Lithuania,EURO,3496.0,192131,125.0,3080
2021-02-21,LT,Lithuania,EURO,3340.0,195471,101.0,3181
2021-02-28,LT,Lithuania,EURO,3691.0,199162,77.0,3258
2021-03-07,LT,Lithuania,EURO,3055.0,202217,73.0,3331
2021-03-14,LT,Lithuania,EURO,3205.0,205422,71.0,3402
2021-03-21,LT,Lithuania,EURO,3663.0,209085,78.0,3480
2021-03-28,LT,Lithuania,EURO,4942.0,214027,72.0,3552
2021-04-04,LT,Lithuania,EURO,5630.0,219657,60.0,3612
2021-04-11,LT,Lithuania,EURO,6640.0,226297,83.0,3695
2021-04-18,LT,Lithuania,EURO,7546.0,233843,71.0,3766
2021-04-25,LT,Lithuania,EURO,7750.0,241593,92.0,3858
2021-05-02,LT,Lithuania,EURO,8357.0,249950,97.0,3955
2021-05-09,LT,Lithuania,EURO,8075.0,258025,84.0,4039
2021-05-16,LT,Lithuania,EURO,7845.0,265870,69.0,4108
2021-05-23,LT,Lithuania,EURO,5339.0,271209,85.0,4193
2021-05-30,LT,Lithuania,EURO,3348.0,274557,72.0,4265
2021-06-06,LT,Lithuania,EURO,2273.0,276830,45.0,4310
2021-06-13,LT,Lithuania,EURO,1290.0,278120,32.0,4342
2021-06-20,LT,Lithuania,EURO,635.0,278755,26.0,4368
2021-06-27,LT,Lithuania,EURO,306.0,279061,14.0,4382
2021-07-04,LT,Lithuania,EURO,208.0,279269,8.0,4390
2021-07-11,LT,Lithuania,EURO,308.0,279577,7.0,4397
2021-07-18,LT,Lithuania,EURO,553.0,280130,6.0,4403
2021-07-25,LT,Lithuania,EURO,1216.0,281346,2.0,4405
2021-08-01,LT,Lithuania,EURO,2080.0,283426,6.0,4411
2021-08-08,LT,Lithuania,EURO,3121.0,286547,10.0,4421
2021-08-15,LT,Lithuania,EURO,3803.0,290350,24.0,4445
2021-08-22,LT,Lithuania,EURO,3971.0,294321,37.0,4482
2021-08-29,LT,Lithuania,EURO,4156.0,298477,54.0,4536
2021-09-05,LT,Lithuania,EURO,4902.0,303379,73.0,4609
2021-09-12,LT,Lithuania,EURO,5950.0,309329,79.0,4688
2021-09-19,LT,Lithuania,EURO,7760.0,317089,105.0,4793
2021-09-26,LT,Lithuania,EURO,9280.0,326369,123.0,4916
2021-10-03,LT,Lithuania,EURO,11865.0,338234,157.0,5073
2021-10-10,LT,Lithuania,EURO,14853.0,353087,167.0,5240
2021-10-17,LT,Lithuania,EURO,16878.0,369965,205.0,5445
2021-10-24,LT,Lithuania,EURO,19829.0,389794,193.0,5638
2021-10-31,LT,Lithuania,EURO,21014.0,410808,250.0,5888
2021-11-07,LT,Lithuania,EURO,18895.0,429703,240.0,6128
2021-11-14,LT,Lithuania,EURO,16387.0,446090,204.0,6332
2021-11-21,LT,Lithuania,EURO,12573.0,458663,209.0,6541
2021-11-28,LT,Lithuania,EURO,12580.0,471243,168.0,6709
2021-12-05,LT,Lithuania,EURO,12206.0,483449,152.0,6861
2021-12-12,LT,Lithuania,EURO,11568.0,495017,129.0,6990
2021-12-19,LT,Lithuania,EURO,11487.0,506504,145.0,7135
2021-12-26,LT,Lithuania,EURO,9502.0,516006,167.0,7302
2022-01-02,LT,Lithuania,EURO,11899.0,527905,130.0,7432
2022-01-09,LT,Lithuania,EURO,21379.0,549284,120.0,7552
2022-01-16,LT,Lithuania,EURO,28303.0,577587,113.0,7665
2022-01-23,LT,Lithuania,EURO,46165.0,623752,100.0,7765
2022-01-30,LT,Lithuania,EURO,74103.0,697855,104.0,7869
2022-02-06,LT,Lithuania,EURO,88302.0,786157,122.0,7991
2022-02-13,LT,Lithuania,EURO,77802.0,863959,131.0,8122
2022-02-20,LT,Lithuania,EURO,54157.0,918116,132.0,8254
2022-02-27,LT,Lithuania,EURO,45304.0,963420,161.0,8415
2022-03-06,LT,Lithuania,EURO,37052.0,1000472,120.0,8535
2022-03-13,LT,Lithuania,EURO,35485.0,1035957,106.0,8641
2022-03-20,LT,Lithuania,EURO,35886.0,1071843,96.0,8737
2022-03-27,LT,Lithuania,EURO,27270.0,1099113,103.0,8840
2022-04-03,LT,Lithuania,EURO,18874.0,1117987,76.0,8916
2022-04-10,LT,Lithuania,EURO,12314.0,1130301,56.0,8972
2022-04-17,LT,Lithuania,EURO,9337.0,1139638,51.0,9023
2022-04-24,LT,Lithuania,EURO,6163.0,1145801,47.0,9070
2022-05-01,LT,Lithuania,EURO,4462.0,1150263,33.0,9103
2022-05-08,LT,Lithuania,EURO,1303.0,1151566,20.0,9123
2022-05-15,LT,Lithuania,EURO,1181.0,1152747,9.0,9132
2022-05-22,LT,Lithuania,EURO,1039.0,1153786,4.0,9136
2022-05-29,LT,Lithuania,EURO,909.0,1154695,8.0,9144
2022-06-05,LT,Lithuania,EURO,877.0,1155572,5.0,9149
2022-06-12,LT,Lithuania,EURO,1101.0,1156673,4.0,9153
2022-06-19,LT,Lithuania,EURO,1304.0,1157977,5.0,9158
2022-06-26,LT,Lithuania,EURO,1559.0,1159536,9.0,9167
2022-07-03,LT,Lithuania,EURO,2628.0,1162164,8.0,9175
2022-07-10,LT,Lithuania,EURO,2930.0,1165094,5.0,9180
2022-07-17,LT,Lithuania,EURO,4578.0,1169672,9.0,9189
2022-07-24,LT,Lithuania,EURO,6345.0,1176017,10.0,9199
2022-07-31,LT,Lithuania,EURO,7583.0,1183600,9.0,9208
2022-08-07,LT,Lithuania,EURO,8553.0,1192153,12.0,9220
2022-08-14,LT,Lithuania,EURO,8562.0,1200715,17.0,9237
2022-08-21,LT,Lithuania,EURO,8234.0,1208949,21.0,9258
2022-08-28,LT,Lithuania,EURO,6725.0,1215674,24.0,9282
2022-09-04,LT,Lithuania,EURO,5172.0,1220846,12.0,9294
2022-09-11,LT,Lithuania,EURO,5775.0,1226621,2.0,9296
2022-09-18,LT,Lithuania,EURO,8935.0,1235556,11.0,9307
2022-09-25,LT,Lithuania,EURO,8787.0,1244343,10.0,9317
2022-10-02,LT,Lithuania,EURO,7189.0,1251532,7.0,9324
2022-10-09,LT,Lithuania,EURO,5598.0,1257130,18.0,9342
2022-10-16,LT,Lithuania,EURO,4520.0,1261650,21.0,9363
2022-10-23,LT,Lithuania,EURO,3522.0,1265172,17.0,9380
2022-10-30,LT,Lithuania,EURO,2868.0,1268040,13.0,9393
2022-11-06,LT,Lithuania,EURO,1765.0,1269805,9.0,9402
2022-11-13,LT,Lithuania,EURO,1724.0,1271529,11.0,9413
2022-11-20,LT,Lithuania,EURO,1551.0,1273080,4.0,9417
2022-11-27,LT,Lithuania,EURO,1837.0,1274917,13.0,9430
2022-12-04,LT,Lithuania,EURO,2699.0,1277616,6.0,9436
2022-12-11,LT,Lithuania,EURO,3034.0,1280650,5.0,9441
2022-12-18,LT,Lithuania,EURO,2822.0,1283472,13.0,9454
2022-12-25,LT,Lithuania,EURO,2750.0,1286222,15.0,9469
2023-01-01,LT,Lithuania,EURO,2258.0,1288480,14.0,9483
2023-01-08,LT,Lithuania,EURO,2485.0,1290965,19.0,9502
2023-01-15,LT,Lithuania,EURO,1627.0,1292592,18.0,9520
2023-01-22,LT,Lithuania,EURO,1648.0,1294240,8.0,9528
2023-01-29,LT,Lithuania,EURO,1730.0,1295970,9.0,9537
2023-02-05,LT,Lithuania,EURO,1947.0,1297917,14.0,9551
2023-02-12,LT,Lithuania,EURO,2095.0,1300012,7.0,9558
2023-02-19,LT,Lithuania,EURO,1907.0,1301919,16.0,9574
2023-02-26,LT,Lithuania,EURO,2194.0,1304113,11.0,9585
2023-03-05,LT,Lithuania,EURO,2250.0,1306363,8.0,9593
2023-03-12,LT,Lithuania,EURO,2181.0,1308544,9.0,9602
2023-03-19,LT,Lithuania,EURO,2312.0,1310856,10.0,9612
2023-03-26,LT,Lithuania,EURO,2091.0,1312947,16.0,9628
2023-04-02,LT,Lithuania,EURO,1675.0,1314622,8.0,9636
2023-04-09,LT,Lithuania,EURO,1473.0,1316095,7.0,9643
2023-04-16,LT,Lithuania,EURO,968.0,1317063,10.0,9653
2023-04-23,LT,Lithuania,EURO,801.0,1317864,5.0,9658
2023-04-30,LT,Lithuania,EURO,610.0,1318474,7.0,9665
2023-05-07,LT,Lithuania,EURO,505.0,1318979,7.0,9672
2023-05-14,LT,Lithuania,EURO,504.0,1319483,1.0,9673
2023-05-21,LT,Lithuania,EURO,439.0,1319922,7.0,9680
2023-05-28,LT,Lithuania,EURO,393.0,1320315,2.0,9682
2023-06-04,LT,Lithuania,EURO,334.0,1320649,3.0,9685
2023-06-11,LT,Lithuania,EURO,273.0,1320922,2.0,9687
2023-06-18,LT,Lithuania,EURO,219.0,1321141,3.0,9690
2023-06-25,LT,Lithuania,EURO,154.0,1321295,0.0,9690
2023-07-02,LT,Lithuania,EURO,152.0,1321447,1.0,9691
2023-07-09,LT,Lithuania,EURO,93.0,1321540,0.0,9691
2023-07-16,LT,Lithuania,EURO,111.0,1321651,1.0,9692
2023-07-23,LT,Lithuania,EURO,110.0,1321761,1.0,9693
2023-07-30,LT,Lithuania,EURO,117.0,1321878,1.0,9694
2023-08-06,LT,Lithuania,EURO,144.0,1322022,0.0,9694
2023-08-13,LT,Lithuania,EURO,162.0,1322184,1.0,9695
2023-08-20,LT,Lithuania,EURO,263.0,1322447,0.0,9695
2023-08-27,LT,Lithuania,EURO,428.0,1322875,2.0,9697
2023-09-03,LT,Lithuania,EURO,524.0,1323399,4.0,9701
2023-09-10,LT,Lithuania,EURO,924.0,1324323,2.0,9703
2023-09-17,LT,Lithuania,EURO,1734.0,1326057,1.0,9704
2023-09-24,LT,Lithuania,EURO,1988.0,1328045,2.0,9706
2023-10-01,LT,Lithuania,EURO,1893.0,1329938,4.0,9710
2023-10-08,LT,Lithuania,EURO,1620.0,1331558,4.0,9714
2023-10-15,LT,Lithuania,EURO,1707.0,1333265,4.0,9718
2023-10-22,LT,Lithuania,EURO,2308.0,1335573,11.0,9729
2023-10-29,LT,Lithuania,EURO,2891.0,1338464,5.0,9734
2023-11-05,LT,Lithuania,EURO,2502.0,1340966,5.0,9739
2023-11-12,LT,Lithuania,EURO,3869.0,1344835,11.0,9750
2023-11-19,LT,Lithuania,EURO,4146.0,1348981,9.0,9759
2023-11-26,LT,Lithuania,EURO,1561.0,1350542,2.0,9761
2023-12-03,LT,Lithuania,EURO,0.0,1350542,0.0,9761
2023-12-10,LT,Lithuania,EURO,4782.0,1355324,8.0,9769
2023-12-17,LT,Lithuania,EURO,3906.0,1359230,4.0,9773
2023-12-24,LT,Lithuania,EURO,0.0,1359230,0.0,9773
2023-12-31,LT,Lithuania,EURO,0.0,1359230,0.0,9773
2024-01-07,LT,Lithuania,EURO,0.0,1359230,0.0,9773
2024-01-14,LT,Lithuania,EURO,0.0,1359230,0.0,9773
2024-01-21,LT,Lithuania,EURO,1398.0,1360628,9.0,9782
2024-01-28,LT,Lithuania,EURO,1237.0,1361865,6.0,9788
2024-02-04,LT,Lithuania,EURO,1030.0,1362895,5.0,9793
2024-02-11,LT,Lithuania,EURO,782.0,1363677,1.0,9794
2024-02-18,LT,Lithuania,EURO,474.0,1364151,3.0,9797
2024-02-25,LT,Lithuania,EURO,441.0,1364592,2.0,9799
2024-03-03,LT,Lithuania,EURO,310.0,1364902,0.0,9799
2024-03-10,LT,Lithuania,EURO,229.0,1365131,1.0,9800
2024-03-17,LT,Lithuania,EURO,240.0,1365371,1.0,9801
2024-03-24,LT,Lithuania,EURO,222.0,1365593,1.0,9802
2024-03-31,LT,Lithuania,EURO,190.0,1365783,0.0,9802
2024-04-07,LT,Lithuania,EURO,122.0,1365905,0.0,9802
2024-04-14,LT,Lithuania,EURO,130.0,1366035,0.0,9802
2024-04-21,LT,Lithuania,EURO,88.0,1366123,1.0,9803
2024-04-28,LT,Lithuania,EURO,76.0,1366199,1.0,9804
