Date_reported,Country_code,Country,WHO_region,New_cases,Cumulative_cases,New_deaths,Cumulative_deaths
2020-03-01,LU,Luxembourg,EURO,1.0,1,0.0,0
2020-03-08,LU,Luxembourg,EURO,3.0,4,0.0,0
2020-03-15,LU,Luxembourg,EURO,83.0,87,3.0,3
2020-03-22,LU,Luxembourg,EURO,682.0,769,12.0,15
2020-03-29,LU,Luxembourg,EURO,1067.0,1836,21.0,36
2020-04-05,LU,Luxembourg,EURO,624.0,2460,22.0,58
2020-04-12,LU,Luxembourg,EURO,294.0,2754,16.0,74
2020-04-19,LU,Luxembourg,EURO,110.0,2864,5.0,79
2020-04-26,LU,Luxembourg,EURO,77.0,2941,2.0,81
2020-05-03,LU,Luxembourg,EURO,46.0,2987,2.0,83
2020-05-10,LU,Luxembourg,EURO,30.0,3017,0.0,83
2020-05-17,LU,Luxembourg,EURO,26.0,3043,0.0,83
2020-05-24,LU,Luxembourg,EURO,32.0,3075,0.0,83
2020-05-31,LU,Luxembourg,EURO,13.0,3088,0.0,83
2020-06-07,LU,Luxembourg,EURO,10.0,3098,0.0,83
2020-06-14,LU,Luxembourg,EURO,26.0,3124,0.0,83
2020-06-21,LU,Luxembourg,EURO,36.0,3160,0.0,83
2020-06-28,LU,Luxembourg,EURO,106.0,3266,0.0,83
2020-07-05,LU,Luxembourg,EURO,203.0,3469,0.0,83
2020-07-12,LU,Luxembourg,EURO,255.0,3724,4.0,87
2020-07-19,LU,Luxembourg,EURO,414.0,4138,3.0,90
2020-07-26,LU,Luxembourg,EURO,473.0,4611,1.0,91
2020-08-02,LU,Luxembourg,EURO,355.0,4966,3.0,94
2020-08-09,LU,Luxembourg,EURO,249.0,5215,1.0,95
2020-08-16,LU,Luxembourg,EURO,178.0,5393,0.0,95
2020-08-23,LU,Luxembourg,EURO,250.0,5643,0.0,95
2020-08-30,LU,Luxembourg,EURO,262.0,5905,0.0,95
2020-09-06,LU,Luxembourg,EURO,265.0,6170,0.0,95
2020-09-13,LU,Luxembourg,EURO,240.0,6410,0.0,95
2020-09-20,LU,Luxembourg,EURO,590.0,7000,0.0,95
2020-09-27,LU,Luxembourg,EURO,409.0,7409,3.0,98
2020-10-04,LU,Luxembourg,EURO,463.0,7872,1.0,99
2020-10-11,LU,Luxembourg,EURO,682.0,8554,7.0,106
2020-10-18,LU,Luxembourg,EURO,1110.0,9664,7.0,113
2020-10-25,LU,Luxembourg,EURO,2710.0,12374,13.0,126
2020-11-01,LU,Luxembourg,EURO,3089.0,15463,11.0,137
2020-11-08,LU,Luxembourg,EURO,2634.0,18097,12.0,149
2020-11-15,LU,Luxembourg,EURO,2835.0,20932,11.0,160
2020-11-22,LU,Luxembourg,EURO,3255.0,24187,21.0,181
2020-11-29,LU,Luxembourg,EURO,3410.0,27597,17.0,198
2020-12-06,LU,Luxembourg,EURO,3633.0,31230,20.0,218
2020-12-13,LU,Luxembourg,EURO,3241.0,34471,32.0,250
2020-12-20,LU,Luxembourg,EURO,2623.0,37094,16.0,266
2020-12-27,LU,Luxembourg,EURO,1289.0,38383,19.0,285
2021-01-03,LU,Luxembourg,EURO,1111.0,39494,10.0,295
2021-01-10,LU,Luxembourg,EURO,1035.0,40529,6.0,301
2021-01-17,LU,Luxembourg,EURO,857.0,41386,9.0,310
2021-01-24,LU,Luxembourg,EURO,853.0,42239,13.0,323
2021-01-31,LU,Luxembourg,EURO,1049.0,43288,14.0,337
2021-02-07,LU,Luxembourg,EURO,1187.0,44475,14.0,351
2021-02-14,LU,Luxembourg,EURO,1131.0,45606,16.0,367
2021-02-21,LU,Luxembourg,EURO,1295.0,46901,11.0,378
2021-02-28,LU,Luxembourg,EURO,1360.0,48261,28.0,406
2021-03-07,LU,Luxembourg,EURO,1251.0,49512,33.0,439
2021-03-14,LU,Luxembourg,EURO,1303.0,50815,23.0,462
2021-03-21,LU,Luxembourg,EURO,1637.0,52452,21.0,483
2021-03-28,LU,Luxembourg,EURO,1760.0,54212,13.0,496
2021-04-04,LU,Luxembourg,EURO,1626.0,55838,10.0,506
2021-04-11,LU,Luxembourg,EURO,1374.0,57212,14.0,520
2021-04-18,LU,Luxembourg,EURO,1332.0,58544,5.0,525
2021-04-25,LU,Luxembourg,EURO,1243.0,59787,2.0,527
2021-05-02,LU,Luxembourg,EURO,1137.0,60924,4.0,531
2021-05-09,LU,Luxembourg,EURO,954.0,61878,4.0,535
2021-05-16,LU,Luxembourg,EURO,758.0,62636,2.0,537
2021-05-23,LU,Luxembourg,EURO,526.0,63162,1.0,538
2021-05-30,LU,Luxembourg,EURO,372.0,63534,0.0,538
2021-06-06,LU,Luxembourg,EURO,338.0,63872,1.0,539
2021-06-13,LU,Luxembourg,EURO,200.0,64072,0.0,539
2021-06-20,LU,Luxembourg,EURO,103.0,64175,0.0,539
2021-06-27,LU,Luxembourg,EURO,125.0,64300,0.0,539
2021-07-04,LU,Luxembourg,EURO,846.0,65146,0.0,539
2021-07-11,LU,Luxembourg,EURO,910.0,66056,1.0,540
2021-07-18,LU,Luxembourg,EURO,800.0,66856,1.0,541
2021-07-25,LU,Luxembourg,EURO,651.0,67507,3.0,544
2021-08-01,LU,Luxembourg,EURO,509.0,68016,1.0,545
2021-08-08,LU,Luxembourg,EURO,485.0,68501,1.0,546
2021-08-15,LU,Luxembourg,EURO,370.0,68871,1.0,547
2021-08-22,LU,Luxembourg,EURO,503.0,69374,1.0,548
2021-08-29,LU,Luxembourg,EURO,634.0,70008,2.0,550
2021-09-05,LU,Luxembourg,EURO,655.0,70663,2.0,552
2021-09-12,LU,Luxembourg,EURO,605.0,71268,0.0,552
2021-09-19,LU,Luxembourg,EURO,580.0,71848,3.0,555
2021-09-26,LU,Luxembourg,EURO,621.0,72469,0.0,555
2021-10-03,LU,Luxembourg,EURO,626.0,73095,1.0,556
2021-10-10,LU,Luxembourg,EURO,728.0,73823,3.0,559
2021-10-17,LU,Luxembourg,EURO,854.0,74677,5.0,564
2021-10-24,LU,Luxembourg,EURO,1046.0,75723,5.0,569
2021-10-31,LU,Luxembourg,EURO,1176.0,76899,6.0,575
2021-11-07,LU,Luxembourg,EURO,1306.0,78205,5.0,580
2021-11-14,LU,Luxembourg,EURO,1564.0,79769,3.0,583
2021-11-21,LU,Luxembourg,EURO,1999.0,81768,8.0,591
2021-11-28,LU,Luxembourg,EURO,2549.0,84317,13.0,604
2021-12-05,LU,Luxembourg,EURO,2880.0,87197,13.0,617
2021-12-12,LU,Luxembourg,EURO,2725.0,89922,4.0,621
2021-12-19,LU,Luxembourg,EURO,2933.0,92855,8.0,629
2021-12-26,LU,Luxembourg,EURO,3033.0,95888,6.0,635
2022-01-02,LU,Luxembourg,EURO,6642.0,102530,5.0,640
2022-01-09,LU,Luxembourg,EURO,12803.0,115333,11.0,651
2022-01-16,LU,Luxembourg,EURO,13715.0,129048,7.0,658
2022-01-23,LU,Luxembourg,EURO,18413.0,147461,15.0,673
2022-01-30,LU,Luxembourg,EURO,17703.0,165164,18.0,691
2022-02-06,LU,Luxembourg,EURO,13029.0,178193,22.0,713
2022-02-13,LU,Luxembourg,EURO,6852.0,185045,15.0,728
2022-02-20,LU,Luxembourg,EURO,4237.0,189282,6.0,734
2022-02-27,LU,Luxembourg,EURO,5666.0,194948,8.0,742
2022-03-06,LU,Luxembourg,EURO,5764.0,200712,9.0,751
2022-03-13,LU,Luxembourg,EURO,7190.0,207902,15.0,766
2022-03-20,LU,Luxembourg,EURO,9459.0,217361,12.0,778
2022-03-27,LU,Luxembourg,EURO,11570.0,228931,13.0,791
2022-04-03,LU,Luxembourg,EURO,9821.0,238752,14.0,805
2022-04-10,LU,Luxembourg,EURO,7285.0,246037,11.0,816
2022-04-17,LU,Luxembourg,EURO,6395.0,252432,13.0,829
2022-04-24,LU,Luxembourg,EURO,5108.0,257540,5.0,834
2022-05-01,LU,Luxembourg,EURO,4363.0,261903,7.0,841
2022-05-08,LU,Luxembourg,EURO,3978.0,265881,11.0,852
2022-05-15,LU,Luxembourg,EURO,3233.0,269114,2.0,854
2022-05-22,LU,Luxembourg,EURO,2283.0,271397,5.0,859
2022-05-29,LU,Luxembourg,EURO,1433.0,272830,4.0,863
2022-06-05,LU,Luxembourg,EURO,2482.0,275312,4.0,867
2022-06-12,LU,Luxembourg,EURO,3668.0,278980,4.0,871
2022-06-19,LU,Luxembourg,EURO,5283.0,284263,2.0,873
2022-06-26,LU,Luxembourg,EURO,5981.0,290244,7.0,880
2022-07-03,LU,Luxembourg,EURO,7840.0,298084,4.0,884
2022-07-10,LU,Luxembourg,EURO,7799.0,305883,5.0,889
2022-07-17,LU,Luxembourg,EURO,6680.0,312563,1.0,890
2022-07-24,LU,Luxembourg,EURO,4808.0,317371,3.0,893
2022-07-31,LU,Luxembourg,EURO,2769.0,320140,3.0,896
2022-08-07,LU,Luxembourg,EURO,1782.0,321922,3.0,899
2022-08-14,LU,Luxembourg,EURO,1244.0,323166,0.0,899
2022-08-21,LU,Luxembourg,EURO,1082.0,324248,2.0,901
2022-08-28,LU,Luxembourg,EURO,1112.0,325360,0.0,901
2022-09-04,LU,Luxembourg,EURO,1046.0,326406,2.0,903
2022-09-11,LU,Luxembourg,EURO,1105.0,327511,0.0,903
2022-09-18,LU,Luxembourg,EURO,1453.0,328964,2.0,905
2022-09-25,LU,Luxembourg,EURO,1951.0,330915,1.0,906
2022-10-02,LU,Luxembourg,EURO,3246.0,334161,1.0,907
2022-10-09,LU,Luxembourg,EURO,4358.0,338519,2.0,909
2022-10-16,LU,Luxembourg,EURO,4038.0,342557,4.0,913
2022-10-23,LU,Luxembourg,EURO,3416.0,345973,5.0,918
2022-10-30,LU,Luxembourg,EURO,2323.0,348296,2.0,920
2022-11-06,LU,Luxembourg,EURO,1362.0,349658,4.0,924
2022-11-13,LU,Luxembourg,EURO,1461.0,351119,3.0,927
2022-11-20,LU,Luxembourg,EURO,1705.0,352824,4.0,931
2022-11-27,LU,Luxembourg,EURO,1938.0,354762,2.0,933
2022-12-04,LU,Luxembourg,EURO,2026.0,356788,8.0,941
2022-12-11,LU,Luxembourg,EURO,2517.0,359305,2.0,943
2022-12-18,LU,Luxembourg,EURO,2689.0,361994,4.0,947
2022-12-25,LU,Luxembourg,EURO,2873.0,364867,8.0,955
2023-01-01,LU,Luxembourg,EURO,1373.0,366240,6.0,961
2023-01-08,LU,Luxembourg,EURO,1053.0,367293,7.0,968
2023-01-15,LU,Luxembourg,EURO,672.0,367965,4.0,972
2023-01-22,LU,Luxembourg,EURO,551.0,368516,5.0,977
2023-01-29,LU,Luxembourg,EURO,646.0,369162,3.0,980
2023-02-05,LU,Luxembourg,EURO,849.0,370011,2.0,982
2023-02-12,LU,Luxembourg,EURO,940.0,370951,2.0,984
2023-02-19,LU,Luxembourg,EURO,884.0,371835,1.0,985
2023-02-26,LU,Luxembourg,EURO,1428.0,373263,5.0,990
2023-03-05,LU,Luxembourg,EURO,1638.0,374901,1.0,991
2023-03-12,LU,Luxembourg,EURO,1818.0,376719,1.0,992
2023-03-19,LU,Luxembourg,EURO,1798.0,378517,2.0,994
2023-03-26,LU,Luxembourg,EURO,1575.0,380092,6.0,1000
2023-04-02,LU,Luxembourg,EURO,1012.0,381104,0.0,1000
2023-04-09,LU,Luxembourg,EURO,313.0,381417,0.0,1000
2023-04-16,LU,Luxembourg,EURO,232.0,381649,0.0,1000
2023-04-23,LU,Luxembourg,EURO,244.0,381893,0.0,1000
2023-04-30,LU,Luxembourg,EURO,208.0,382101,0.0,1000
2023-05-07,LU,Luxembourg,EURO,198.0,382299,0.0,1000
2023-05-14,LU,Luxembourg,EURO,152.0,382451,0.0,1000
2023-05-21,LU,Luxembourg,EURO,100.0,382551,0.0,1000
2023-05-28,LU,Luxembourg,EURO,106.0,382657,0.0,1000
2023-06-04,LU,Luxembourg,EURO,44.0,382701,0.0,1000
2023-06-11,LU,Luxembourg,EURO,44.0,382745,0.0,1000
2023-06-18,LU,Luxembourg,EURO,40.0,382785,0.0,1000
2023-06-25,LU,Luxembourg,EURO,28.0,382813,0.0,1000
2023-07-02,LU,Luxembourg,EURO,30.0,382843,0.0,1000
2023-07-09,LU,Luxembourg,EURO,36.0,382879,0.0,1000
2023-07-16,LU,Luxembourg,EURO,34.0,382913,0.0,1000
2023-07-23,LU,Luxembourg,EURO,33.0,382946,0.0,1000
2023-07-30,LU,Luxembourg,EURO,74.0,383020,0.0,1000
2023-08-06,LU,Luxembourg,EURO,59.0,383079,0.0,1000
2023-08-13,LU,Luxembourg,EURO,67.0,383146,0.0,1000
2023-08-20,LU,Luxembourg,EURO,119.0,383265,0.0,1000
2023-08-27,LU,Luxembourg,EURO,135.0,383400,0.0,1000
2023-09-03,LU,Luxembourg,EURO,189.0,383589,0.0,1000
2023-09-10,LU,Luxembourg,EURO,246.0,383835,0.0,1000
2023-09-17,LU,Luxembourg,EURO,267.0,384102,0.0,1000
2023-09-24,LU,Luxembourg,EURO,308.0,384410,0.0,1000
2023-10-01,LU,Luxembourg,EURO,355.0,384765,0.0,1000
2023-10-08,LU,Luxembourg,EURO,372.0,385137,0.0,1000
2023-10-15,LU,Luxembourg,EURO,350.0,385487,0.0,1000
2023-10-22,LU,Luxembourg,EURO,259.0,385746,0.0,1000
2023-10-29,LU,Luxembourg,EURO,284.0,386030,0.0,1000
2023-11-05,LU,Luxembourg,EURO,195.0,386225,0.0,1000
2023-11-12,LU,Luxembourg,EURO,294.0,386519,0.0,1000
2023-11-19,LU,Luxembourg,EURO,259.0,386778,0.0,1000
2023-11-26,LU,Luxembourg,EURO,319.0,387097,0.0,1000
2023-12-03,LU,Luxembourg,EURO,460.0,387557,0.0,1000
2023-12-10,LU,Luxembourg,EURO,658.0,388215,0.0,1000
2023-12-17,LU,Luxembourg,EURO,790.0,389005,0.0,1000
2023-12-24,LU,Luxembourg,EURO,686.0,389691,0.0,1000
2023-12-31,LU,Luxembourg,EURO,346.0,390037,0.0,1000
2024-01-07,LU,Luxembourg,EURO,243.0,390280,0.0,1000
2024-01-14,LU,Luxembourg,EURO,199.0,390479,0.0,1000
2024-01-21,LU,Luxembourg,EURO,153.0,390632,0.0,1000
2024-01-28,LU,Luxembourg,EURO,156.0,390788,0.0,1000
2024-02-04,LU,Luxembourg,EURO,140.0,390928,0.0,1000
2024-02-11,LU,Luxembourg,EURO,109.0,391037,0.0,1000
2024-02-18,LU,Luxembourg,EURO,56.0,391093,0.0,1000
2024-02-25,LU,Luxembourg,EURO,41.0,391134,0.0,1000
2024-03-03,LU,Luxembourg,EURO,42.0,391176,0.0,1000
2024-03-10,LU,Luxembourg,EURO,32.0,391208,0.0,1000
2024-03-17,LU,Luxembourg,EURO,21.0,391229,0.0,1000
2024-03-24,LU,Luxembourg,EURO,22.0,391251,0.0,1000
2024-03-31,LU,Luxembourg,EURO,20.0,391271,0.0,1000
2024-04-07,LU,Luxembourg,EURO,13.0,391284,0.0,1000
2024-04-14,LU,Luxembourg,EURO,22.0,391306,0.0,1000
2024-04-21,LU,Luxembourg,EURO,13.0,391319,0.0,1000
2024-04-28,LU,Luxembourg,EURO,0.0,391319,0.0,1000
