Date_reported,Country_code,Country,WHO_region,New_cases,Cumulative_cases,New_deaths,Cumulative_deaths
2020-03-08,LV,Latvia,EURO,3.0,3,0.0,0
2020-03-15,LV,Latvia,EURO,27.0,30,0.0,0
2020-03-22,LV,Latvia,EURO,106.0,136,0.0,0
2020-03-29,LV,Latvia,EURO,211.0,347,0.0,0
2020-04-05,LV,Latvia,EURO,187.0,534,2.0,2
2020-04-12,LV,Latvia,EURO,118.0,652,5.0,7
2020-04-19,LV,Latvia,EURO,76.0,728,1.0,8
2020-04-26,LV,Latvia,EURO,85.0,813,5.0,13
2020-05-03,LV,Latvia,EURO,67.0,880,3.0,16
2020-05-10,LV,Latvia,EURO,60.0,940,2.0,18
2020-05-17,LV,Latvia,EURO,68.0,1008,2.0,20
2020-05-24,LV,Latvia,EURO,39.0,1047,3.0,23
2020-05-31,LV,Latvia,EURO,19.0,1066,2.0,25
2020-06-07,LV,Latvia,EURO,22.0,1088,0.0,25
2020-06-14,LV,Latvia,EURO,9.0,1097,3.0,28
2020-06-21,LV,Latvia,EURO,14.0,1111,2.0,30
2020-06-28,LV,Latvia,EURO,5.0,1116,0.0,30
2020-07-05,LV,Latvia,EURO,8.0,1124,0.0,30
2020-07-12,LV,Latvia,EURO,49.0,1173,1.0,31
2020-07-19,LV,Latvia,EURO,19.0,1192,0.0,31
2020-07-26,LV,Latvia,EURO,27.0,1219,0.0,31
2020-08-02,LV,Latvia,EURO,24.0,1243,1.0,32
2020-08-09,LV,Latvia,EURO,47.0,1290,0.0,32
2020-08-16,LV,Latvia,EURO,32.0,1322,0.0,32
2020-08-23,LV,Latvia,EURO,15.0,1337,1.0,33
2020-08-30,LV,Latvia,EURO,56.0,1393,1.0,34
2020-09-06,LV,Latvia,EURO,35.0,1428,1.0,35
2020-09-13,LV,Latvia,EURO,46.0,1474,0.0,35
2020-09-20,LV,Latvia,EURO,51.0,1525,1.0,36
2020-09-27,LV,Latvia,EURO,151.0,1676,0.0,36
2020-10-04,LV,Latvia,EURO,410.0,2086,3.0,39
2020-10-11,LV,Latvia,EURO,584.0,2670,1.0,40
2020-10-18,LV,Latvia,EURO,780.0,3450,4.0,44
2020-10-25,LV,Latvia,EURO,1228.0,4678,16.0,60
2020-11-01,LV,Latvia,EURO,1458.0,6136,20.0,80
2020-11-08,LV,Latvia,EURO,1959.0,8095,25.0,105
2020-11-15,LV,Latvia,EURO,2452.0,10547,30.0,135
2020-11-22,LV,Latvia,EURO,2573.0,13120,40.0,175
2020-11-29,LV,Latvia,EURO,3855.0,16975,58.0,233
2020-12-06,LV,Latvia,EURO,4338.0,21313,63.0,296
2020-12-13,LV,Latvia,EURO,4362.0,25675,103.0,399
2020-12-20,LV,Latvia,EURO,5265.0,30940,106.0,505
2020-12-27,LV,Latvia,EURO,5390.0,36330,127.0,632
2021-01-03,LV,Latvia,EURO,6167.0,42497,96.0,728
2021-01-10,LV,Latvia,EURO,7071.0,49568,189.0,917
2021-01-17,LV,Latvia,EURO,6096.0,55664,140.0,1057
2021-01-24,LV,Latvia,EURO,5342.0,61006,151.0,1208
2021-01-31,LV,Latvia,EURO,5233.0,66239,155.0,1363
2021-02-07,LV,Latvia,EURO,5559.0,71798,111.0,1474
2021-02-14,LV,Latvia,EURO,4906.0,76704,99.0,1573
2021-02-21,LV,Latvia,EURO,4813.0,81517,107.0,1680
2021-02-28,LV,Latvia,EURO,4667.0,86184,88.0,1768
2021-03-07,LV,Latvia,EURO,4145.0,90329,78.0,1846
2021-03-14,LV,Latvia,EURO,3450.0,93779,63.0,1909
2021-03-21,LV,Latvia,EURO,3628.0,97407,62.0,1971
2021-03-28,LV,Latvia,EURO,3631.0,101038,46.0,2017
2021-04-04,LV,Latvia,EURO,3065.0,104103,71.0,2088
2021-04-11,LV,Latvia,EURO,3503.0,107606,56.0,2144
2021-04-18,LV,Latvia,EURO,3726.0,111332,68.0,2212
2021-04-25,LV,Latvia,EURO,3982.0,115314,52.0,2264
2021-05-02,LV,Latvia,EURO,4434.0,119748,67.0,2331
2021-05-09,LV,Latvia,EURO,4213.0,123961,50.0,2381
2021-05-16,LV,Latvia,EURO,4015.0,127976,66.0,2447
2021-05-23,LV,Latvia,EURO,2967.0,130943,65.0,2512
2021-05-30,LV,Latvia,EURO,2153.0,133096,47.0,2559
2021-06-06,LV,Latvia,EURO,1714.0,134810,37.0,2596
2021-06-13,LV,Latvia,EURO,1218.0,136028,39.0,2635
2021-06-20,LV,Latvia,EURO,780.0,136808,24.0,2659
2021-06-27,LV,Latvia,EURO,400.0,137208,24.0,2683
2021-07-04,LV,Latvia,EURO,421.0,137629,16.0,2699
2021-07-11,LV,Latvia,EURO,268.0,137897,2.0,2701
2021-07-18,LV,Latvia,EURO,260.0,138157,9.0,2710
2021-07-25,LV,Latvia,EURO,322.0,138479,3.0,2713
2021-08-01,LV,Latvia,EURO,418.0,138897,3.0,2716
2021-08-08,LV,Latvia,EURO,522.0,139419,4.0,2720
2021-08-15,LV,Latvia,EURO,701.0,140120,4.0,2724
2021-08-22,LV,Latvia,EURO,923.0,141043,8.0,2732
2021-08-29,LV,Latvia,EURO,1274.0,142317,9.0,2741
2021-09-05,LV,Latvia,EURO,2199.0,144516,16.0,2757
2021-09-12,LV,Latvia,EURO,2675.0,147191,32.0,2789
2021-09-19,LV,Latvia,EURO,3367.0,150558,36.0,2825
2021-09-26,LV,Latvia,EURO,4226.0,154784,54.0,2879
2021-10-03,LV,Latvia,EURO,6855.0,161639,61.0,2940
2021-10-10,LV,Latvia,EURO,9635.0,171274,79.0,3019
2021-10-17,LV,Latvia,EURO,14340.0,185614,133.0,3152
2021-10-24,LV,Latvia,EURO,16957.0,202571,208.0,3360
2021-10-31,LV,Latvia,EURO,16566.0,219137,259.0,3619
2021-11-07,LV,Latvia,EURO,12685.0,231822,265.0,3884
2021-11-14,LV,Latvia,EURO,8516.0,240338,245.0,4129
2021-11-21,LV,Latvia,EURO,5776.0,246114,206.0,4335
2021-11-28,LV,Latvia,EURO,6297.0,252411,133.0,4468
2021-12-05,LV,Latvia,EURO,4916.0,257327,114.0,4582
2021-12-12,LV,Latvia,EURO,4615.0,261942,86.0,4668
2021-12-19,LV,Latvia,EURO,5195.0,267137,79.0,4747
2021-12-26,LV,Latvia,EURO,4292.0,271429,68.0,4815
2022-01-02,LV,Latvia,EURO,5590.0,277019,72.0,4887
2022-01-09,LV,Latvia,EURO,10830.0,287849,89.0,4976
2022-01-16,LV,Latvia,EURO,15943.0,303792,78.0,5054
2022-01-23,LV,Latvia,EURO,31747.0,335539,87.0,5141
2022-01-30,LV,Latvia,EURO,53448.0,388987,84.0,5225
2022-02-06,LV,Latvia,EURO,61116.0,450103,97.0,5322
2022-02-13,LV,Latvia,EURO,68517.0,518620,114.0,5436
2022-02-20,LV,Latvia,EURO,67322.0,585942,122.0,5558
2022-02-27,LV,Latvia,EURO,63560.0,649502,126.0,5684
2022-03-06,LV,Latvia,EURO,52036.0,701538,117.0,5801
2022-03-13,LV,Latvia,EURO,40796.0,742334,110.0,5911
2022-03-20,LV,Latvia,EURO,28702.0,771036,117.0,6028
2022-03-27,LV,Latvia,EURO,19582.0,790618,95.0,6123
2022-04-03,LV,Latvia,EURO,11914.0,802532,87.0,6210
2022-04-10,LV,Latvia,EURO,6264.0,808796,58.0,6268
2022-04-17,LV,Latvia,EURO,4377.0,813173,49.0,6317
2022-04-24,LV,Latvia,EURO,4140.0,817313,42.0,6359
2022-05-01,LV,Latvia,EURO,2907.0,820220,27.0,6386
2022-05-08,LV,Latvia,EURO,1906.0,822126,15.0,6401
2022-05-15,LV,Latvia,EURO,1433.0,823559,15.0,6416
2022-05-22,LV,Latvia,EURO,1157.0,824716,12.0,6428
2022-05-29,LV,Latvia,EURO,1218.0,825934,12.0,6440
2022-06-05,LV,Latvia,EURO,1026.0,826960,11.0,6451
2022-06-12,LV,Latvia,EURO,1227.0,828187,10.0,6461
2022-06-19,LV,Latvia,EURO,1498.0,829685,12.0,6473
2022-06-26,LV,Latvia,EURO,1523.0,831208,13.0,6486
2022-07-03,LV,Latvia,EURO,3409.0,834617,7.0,6493
2022-07-10,LV,Latvia,EURO,3867.0,838484,9.0,6502
2022-07-17,LV,Latvia,EURO,5493.0,843977,12.0,6514
2022-07-24,LV,Latvia,EURO,8574.0,852551,9.0,6523
2022-07-31,LV,Latvia,EURO,9066.0,861617,25.0,6548
2022-08-07,LV,Latvia,EURO,9733.0,871350,10.0,6558
2022-08-14,LV,Latvia,EURO,9574.0,880924,16.0,6574
2022-08-21,LV,Latvia,EURO,8177.0,889101,22.0,6596
2022-08-28,LV,Latvia,EURO,5479.0,894580,17.0,6613
2022-09-04,LV,Latvia,EURO,4909.0,899489,16.0,6629
2022-09-11,LV,Latvia,EURO,5623.0,905112,13.0,6642
2022-09-18,LV,Latvia,EURO,8368.0,913480,23.0,6665
2022-09-25,LV,Latvia,EURO,8470.0,921950,24.0,6689
2022-10-02,LV,Latvia,EURO,7816.0,929766,36.0,6725
2022-10-09,LV,Latvia,EURO,6719.0,936485,32.0,6757
2022-10-16,LV,Latvia,EURO,5189.0,941674,44.0,6801
2022-10-23,LV,Latvia,EURO,4373.0,946047,18.0,6819
2022-10-30,LV,Latvia,EURO,3521.0,949568,21.0,6840
2022-11-06,LV,Latvia,EURO,2874.0,952442,15.0,6855
2022-11-13,LV,Latvia,EURO,2541.0,954983,18.0,6873
2022-11-20,LV,Latvia,EURO,2312.0,957295,8.0,6881
2022-11-27,LV,Latvia,EURO,3124.0,960419,16.0,6897
2022-12-04,LV,Latvia,EURO,2757.0,963176,20.0,6917
2022-12-11,LV,Latvia,EURO,2842.0,966018,28.0,6945
2022-12-18,LV,Latvia,EURO,2310.0,968328,26.0,6971
2022-12-25,LV,Latvia,EURO,2191.0,970519,40.0,7011
2023-01-01,LV,Latvia,EURO,1327.0,971846,47.0,7058
2023-01-08,LV,Latvia,EURO,393.0,972239,31.0,7089
2023-01-15,LV,Latvia,EURO,264.0,972503,26.0,7115
2023-01-22,LV,Latvia,EURO,177.0,972680,21.0,7136
2023-01-29,LV,Latvia,EURO,154.0,972834,10.0,7146
2023-02-05,LV,Latvia,EURO,177.0,973011,12.0,7158
2023-02-12,LV,Latvia,EURO,194.0,973205,7.0,7165
2023-02-19,LV,Latvia,EURO,171.0,973376,20.0,7185
2023-02-26,LV,Latvia,EURO,158.0,973534,9.0,7194
2023-03-05,LV,Latvia,EURO,180.0,973714,17.0,7211
2023-03-12,LV,Latvia,EURO,153.0,973867,13.0,7224
2023-03-19,LV,Latvia,EURO,190.0,974057,14.0,7238
2023-03-26,LV,Latvia,EURO,219.0,974276,11.0,7249
2023-04-02,LV,Latvia,EURO,199.0,974475,17.0,7266
2023-04-09,LV,Latvia,EURO,229.0,974704,16.0,7282
2023-04-16,LV,Latvia,EURO,188.0,974892,17.0,7299
2023-04-23,LV,Latvia,EURO,182.0,975074,8.0,7307
2023-04-30,LV,Latvia,EURO,137.0,975211,12.0,7319
2023-05-07,LV,Latvia,EURO,114.0,975325,12.0,7331
2023-05-14,LV,Latvia,EURO,67.0,975392,4.0,7335
2023-05-21,LV,Latvia,EURO,64.0,975456,9.0,7344
2023-05-28,LV,Latvia,EURO,58.0,975514,5.0,7349
2023-06-04,LV,Latvia,EURO,59.0,975573,4.0,7353
2023-06-11,LV,Latvia,EURO,59.0,975632,10.0,7363
2023-06-18,LV,Latvia,EURO,59.0,975691,3.0,7366
2023-06-25,LV,Latvia,EURO,17.0,975708,2.0,7368
2023-07-02,LV,Latvia,EURO,15.0,975723,2.0,7370
2023-07-09,LV,Latvia,EURO,13.0,975736,1.0,7371
2023-07-16,LV,Latvia,EURO,42.0,975778,1.0,7372
2023-07-23,LV,Latvia,EURO,12.0,975790,0.0,7372
2023-07-30,LV,Latvia,EURO,22.0,975812,1.0,7373
2023-08-06,LV,Latvia,EURO,14.0,975826,1.0,7374
2023-08-13,LV,Latvia,EURO,24.0,975850,3.0,7377
2023-08-20,LV,Latvia,EURO,28.0,975878,1.0,7378
2023-08-27,LV,Latvia,EURO,32.0,975910,0.0,7378
2023-09-03,LV,Latvia,EURO,55.0,975965,0.0,7378
2023-09-10,LV,Latvia,EURO,90.0,976055,1.0,7379
2023-09-17,LV,Latvia,EURO,122.0,976177,2.0,7381
2023-09-24,LV,Latvia,EURO,139.0,976316,3.0,7384
2023-10-01,LV,Latvia,EURO,112.0,976428,4.0,7388
2023-10-08,LV,Latvia,EURO,70.0,976498,5.0,7393
2023-10-15,LV,Latvia,EURO,72.0,976570,2.0,7395
2023-10-22,LV,Latvia,EURO,90.0,976660,6.0,7401
2023-10-29,LV,Latvia,EURO,138.0,976798,11.0,7412
2023-11-05,LV,Latvia,EURO,183.0,976981,7.0,7419
2023-11-12,LV,Latvia,EURO,209.0,977190,11.0,7430
2023-11-19,LV,Latvia,EURO,241.0,977431,17.0,7447
2023-11-26,LV,Latvia,EURO,270.0,977701,18.0,7465
2023-12-03,LV,Latvia,EURO,0.0,977701,0.0,7465
2023-12-10,LV,Latvia,EURO,0.0,977701,0.0,7465
2023-12-17,LV,Latvia,EURO,0.0,977701,0.0,7465
2023-12-24,LV,Latvia,EURO,0.0,977701,0.0,7465
2023-12-31,LV,Latvia,EURO,0.0,977701,0.0,7465
2024-01-07,LV,Latvia,EURO,0.0,977701,0.0,7465
2024-01-14,LV,Latvia,EURO,0.0,977701,0.0,7465
2024-01-21,LV,Latvia,EURO,0.0,977701,0.0,7465
2024-01-28,LV,Latvia,EURO,0.0,977701,0.0,7465
2024-02-04,LV,Latvia,EURO,0.0,977701,0.0,7465
2024-02-11,LV,Latvia,EURO,0.0,977701,0.0,7465
2024-02-18,LV,Latvia,EURO,0.0,977701,0.0,7465
2024-02-25,LV,Latvia,EURO,0.0,977701,0.0,7465
2024-03-03,LV,Latvia,EURO,0.0,977701,0.0,7465
2024-03-10,LV,Latvia,EURO,0.0,977701,0.0,7465
2024-03-17,LV,Latvia,EURO,0.0,977701,0.0,7465
2024-03-24,LV,Latvia,EURO,0.0,977701,0.0,7465
2024-03-31,LV,Latvia,EURO,0.0,977701,0.0,7465
2024-04-07,LV,Latvia,EURO,0.0,977701,0.0,7465
2024-04-14,LV,Latvia,EURO,0.0,977701,0.0,7465
2024-04-21,LV,Latvia,EURO,0.0,977701,0.0,7465
2024-04-28,LV,Latvia,EURO,0.0,977701,0.0,7465
