Date_reported,Country_code,Country,WHO_region,New_cases,Cumulative_cases,New_deaths,Cumulative_deaths
2020-03-29,LY,Libya,EMRO,1.0,1,0.0,0
2020-04-05,LY,Libya,EMRO,10.0,11,1.0,1
2020-04-12,LY,Libya,EMRO,13.0,24,0.0,1
2020-04-19,LY,Libya,EMRO,25.0,49,0.0,1
2020-04-26,LY,Libya,EMRO,11.0,60,1.0,2
2020-05-03,LY,Libya,EMRO,3.0,63,1.0,3
2020-05-10,LY,Libya,EMRO,1.0,64,0.0,3
2020-05-17,LY,Libya,EMRO,0.0,64,0.0,3
2020-05-24,LY,Libya,EMRO,8.0,72,0.0,3
2020-05-31,LY,Libya,EMRO,46.0,118,2.0,5
2020-06-07,LY,Libya,EMRO,121.0,239,0.0,5
2020-06-14,LY,Libya,EMRO,170.0,409,1.0,6
2020-06-21,LY,Libya,EMRO,111.0,520,4.0,10
2020-06-28,LY,Libya,EMRO,193.0,713,8.0,18
2020-07-05,LY,Libya,EMRO,205.0,918,9.0,27
2020-07-12,LY,Libya,EMRO,424.0,1342,11.0,38
2020-07-19,LY,Libya,EMRO,362.0,1704,9.0,47
2020-07-26,LY,Libya,EMRO,721.0,2425,10.0,57
2020-08-02,LY,Libya,EMRO,1196.0,3621,17.0,74
2020-08-09,LY,Libya,EMRO,1457.0,5078,34.0,108
2020-08-16,LY,Libya,EMRO,2249.0,7327,31.0,139
2020-08-23,LY,Libya,EMRO,2794.0,10121,41.0,180
2020-08-30,LY,Libya,EMRO,2837.0,12958,51.0,231
2020-09-06,LY,Libya,EMRO,4136.0,17094,41.0,272
2020-09-13,LY,Libya,EMRO,5254.0,22348,82.0,354
2020-09-20,LY,Libya,EMRO,4886.0,27234,72.0,426
2020-09-27,LY,Libya,EMRO,4594.0,31828,73.0,499
2020-10-04,LY,Libya,EMRO,4259.0,36087,79.0,578
2020-10-11,LY,Libya,EMRO,5599.0,41686,45.0,623
2020-10-18,LY,Libya,EMRO,6159.0,47845,76.0,699
2020-10-25,LY,Libya,EMRO,6529.0,54374,91.0,790
2020-11-01,LY,Libya,EMRO,6721.0,61095,67.0,857
2020-11-08,LY,Libya,EMRO,5944.0,67039,63.0,920
2020-11-15,LY,Libya,EMRO,5589.0,72628,75.0,995
2020-11-22,LY,Libya,EMRO,4180.0,76808,73.0,1068
2020-11-29,LY,Libya,EMRO,4465.0,81273,85.0,1153
2020-12-06,LY,Libya,EMRO,4256.0,85529,66.0,1219
2020-12-13,LY,Libya,EMRO,4351.0,89880,59.0,1278
2020-12-20,LY,Libya,EMRO,3892.0,93772,68.0,1346
2020-12-27,LY,Libya,EMRO,3881.0,97653,69.0,1415
2021-01-03,LY,Libya,EMRO,3091.0,100744,72.0,1487
2021-01-10,LY,Libya,EMRO,3258.0,104002,81.0,1568
2021-01-17,LY,Libya,EMRO,4015.0,108017,83.0,1651
2021-01-24,LY,Libya,EMRO,4523.0,112540,86.0,1737
2021-01-31,LY,Libya,EMRO,5110.0,117650,105.0,1842
2021-02-07,LY,Libya,EMRO,5244.0,122894,94.0,1936
2021-02-14,LY,Libya,EMRO,3987.0,126881,78.0,2014
2021-02-21,LY,Libya,EMRO,2444.0,129325,74.0,2088
2021-02-28,LY,Libya,EMRO,3133.0,132458,86.0,2174
2021-03-07,LY,Libya,EMRO,5024.0,137482,62.0,2236
2021-03-14,LY,Libya,EMRO,6161.0,143643,112.0,2348
2021-03-21,LY,Libya,EMRO,6698.0,150341,139.0,2487
2021-03-28,LY,Libya,EMRO,5775.0,156116,115.0,2602
2021-04-04,LY,Libya,EMRO,4972.0,161088,82.0,2684
2021-04-11,LY,Libya,EMRO,5800.0,166888,123.0,2807
2021-04-18,LY,Libya,EMRO,4243.0,171131,75.0,2882
2021-04-25,LY,Libya,EMRO,3621.0,174752,65.0,2947
2021-05-02,LY,Libya,EMRO,2756.0,177508,82.0,3029
2021-05-09,LY,Libya,EMRO,2189.0,179697,34.0,3063
2021-05-16,LY,Libya,EMRO,1482.0,181179,22.0,3085
2021-05-23,LY,Libya,EMRO,1720.0,182899,20.0,3105
2021-05-30,LY,Libya,EMRO,1916.0,184815,11.0,3116
2021-06-06,LY,Libya,EMRO,2138.0,186953,21.0,3137
2021-06-13,LY,Libya,EMRO,1809.0,188762,21.0,3158
2021-06-20,LY,Libya,EMRO,1664.0,190426,15.0,3173
2021-06-27,LY,Libya,EMRO,1703.0,192129,12.0,3185
2021-07-04,LY,Libya,EMRO,2194.0,194323,20.0,3205
2021-07-11,LY,Libya,EMRO,6913.0,201236,27.0,3232
2021-07-18,LY,Libya,EMRO,16198.0,217434,21.0,3253
2021-07-25,LY,Libya,EMRO,12170.0,229604,91.0,3344
2021-08-01,LY,Libya,EMRO,19510.0,249114,165.0,3509
2021-08-08,LY,Libya,EMRO,15713.0,264827,180.0,3689
2021-08-15,LY,Libya,EMRO,14272.0,279099,180.0,3869
2021-08-22,LY,Libya,EMRO,14433.0,293532,148.0,4017
2021-08-29,LY,Libya,EMRO,10258.0,303790,148.0,4165
2021-09-05,LY,Libya,EMRO,9714.0,313504,143.0,4308
2021-09-12,LY,Libya,EMRO,8983.0,322487,102.0,4410
2021-09-19,LY,Libya,EMRO,7337.0,329824,80.0,4490
2021-09-26,LY,Libya,EMRO,6167.0,335991,98.0,4588
2021-10-03,LY,Libya,EMRO,5100.0,341091,76.0,4664
2021-10-10,LY,Libya,EMRO,4360.0,345451,93.0,4757
2021-10-17,LY,Libya,EMRO,3759.0,349210,103.0,4860
2021-10-24,LY,Libya,EMRO,3671.0,352881,122.0,4982
2021-10-31,LY,Libya,EMRO,3774.0,356655,96.0,5078
2021-11-07,LY,Libya,EMRO,3611.0,360266,108.0,5186
2021-11-14,LY,Libya,EMRO,3810.0,364076,89.0,5275
2021-11-21,LY,Libya,EMRO,3142.0,367218,90.0,5365
2021-11-28,LY,Libya,EMRO,3569.0,370787,65.0,5430
2021-12-05,LY,Libya,EMRO,3493.0,374280,50.0,5480
2021-12-12,LY,Libya,EMRO,3170.0,377450,60.0,5540
2021-12-19,LY,Libya,EMRO,3573.0,381023,49.0,5589
2021-12-26,LY,Libya,EMRO,3640.0,384663,52.0,5641
2022-01-02,LY,Libya,EMRO,4071.0,388734,69.0,5710
2022-01-09,LY,Libya,EMRO,4134.0,392868,68.0,5778
2022-01-16,LY,Libya,EMRO,3584.0,396452,50.0,5828
2022-01-23,LY,Libya,EMRO,6692.0,403144,79.0,5907
2022-01-30,LY,Libya,EMRO,16399.0,419543,86.0,5993
2022-02-06,LY,Libya,EMRO,26333.0,445876,59.0,6052
2022-02-13,LY,Libya,EMRO,20790.0,466666,61.0,6113
2022-02-20,LY,Libya,EMRO,15487.0,482153,65.0,6178
2022-02-27,LY,Libya,EMRO,10001.0,492154,63.0,6241
2022-03-06,LY,Libya,EMRO,5125.0,497279,47.0,6288
2022-03-13,LY,Libya,EMRO,2488.0,499767,48.0,6336
2022-03-20,LY,Libya,EMRO,1097.0,500864,32.0,6368
2022-03-27,LY,Libya,EMRO,556.0,501420,29.0,6397
2022-04-03,LY,Libya,EMRO,318.0,501738,22.0,6419
2022-04-10,LY,Libya,EMRO,96.0,501834,10.0,6429
2022-04-17,LY,Libya,EMRO,28.0,501862,0.0,6429
2022-04-24,LY,Libya,EMRO,42.0,501904,1.0,6430
2022-05-01,LY,Libya,EMRO,12.0,501916,0.0,6430
2022-05-08,LY,Libya,EMRO,3.0,501919,0.0,6430
2022-05-15,LY,Libya,EMRO,35.0,501954,0.0,6430
2022-05-22,LY,Libya,EMRO,33.0,501987,0.0,6430
2022-05-29,LY,Libya,EMRO,29.0,502016,0.0,6430
2022-06-05,LY,Libya,EMRO,24.0,502040,0.0,6430
2022-06-12,LY,Libya,EMRO,36.0,502076,0.0,6430
2022-06-19,LY,Libya,EMRO,34.0,502110,0.0,6430
2022-06-26,LY,Libya,EMRO,28.0,502138,0.0,6430
2022-07-03,LY,Libya,EMRO,51.0,502189,0.0,6430
2022-07-10,LY,Libya,EMRO,100.0,502289,0.0,6430
2022-07-17,LY,Libya,EMRO,353.0,502642,1.0,6431
2022-07-24,LY,Libya,EMRO,969.0,503611,0.0,6431
2022-07-31,LY,Libya,EMRO,1138.0,504749,0.0,6431
2022-08-07,LY,Libya,EMRO,862.0,505611,2.0,6433
2022-08-14,LY,Libya,EMRO,567.0,506178,1.0,6434
2022-08-21,LY,Libya,EMRO,337.0,506515,2.0,6436
2022-08-28,LY,Libya,EMRO,231.0,506746,0.0,6436
2022-09-04,LY,Libya,EMRO,92.0,506838,1.0,6437
2022-09-11,LY,Libya,EMRO,51.0,506889,0.0,6437
2022-09-18,LY,Libya,EMRO,33.0,506922,0.0,6437
2022-09-25,LY,Libya,EMRO,32.0,506954,0.0,6437
2022-10-02,LY,Libya,EMRO,40.0,506994,0.0,6437
2022-10-09,LY,Libya,EMRO,16.0,507010,0.0,6437
2022-10-16,LY,Libya,EMRO,2.0,507012,0.0,6437
2022-10-23,LY,Libya,EMRO,12.0,507024,0.0,6437
2022-10-30,LY,Libya,EMRO,10.0,507034,0.0,6437
2022-11-06,LY,Libya,EMRO,17.0,507051,0.0,6437
2022-11-13,LY,Libya,EMRO,9.0,507060,0.0,6437
2022-11-20,LY,Libya,EMRO,10.0,507070,0.0,6437
2022-11-27,LY,Libya,EMRO,8.0,507078,0.0,6437
2022-12-04,LY,Libya,EMRO,6.0,507084,0.0,6437
2022-12-11,LY,Libya,EMRO,16.0,507100,0.0,6437
2022-12-18,LY,Libya,EMRO,12.0,507112,0.0,6437
2022-12-25,LY,Libya,EMRO,9.0,507121,0.0,6437
2023-01-01,LY,Libya,EMRO,21.0,507142,0.0,6437
2023-01-08,LY,Libya,EMRO,11.0,507153,0.0,6437
2023-01-15,LY,Libya,EMRO,1.0,507154,0.0,6437
2023-01-22,LY,Libya,EMRO,4.0,507158,0.0,6437
2023-01-29,LY,Libya,EMRO,1.0,507159,0.0,6437
2023-02-05,LY,Libya,EMRO,3.0,507162,0.0,6437
2023-02-12,LY,Libya,EMRO,4.0,507166,0.0,6437
2023-02-19,LY,Libya,EMRO,4.0,507170,0.0,6437
2023-02-26,LY,Libya,EMRO,1.0,507171,0.0,6437
2023-03-05,LY,Libya,EMRO,3.0,507174,0.0,6437
2023-03-12,LY,Libya,EMRO,13.0,507187,0.0,6437
2023-03-19,LY,Libya,EMRO,14.0,507201,0.0,6437
2023-03-26,LY,Libya,EMRO,5.0,507206,0.0,6437
2023-04-02,LY,Libya,EMRO,0.0,507206,0.0,6437
2023-04-09,LY,Libya,EMRO,23.0,507229,0.0,6437
2023-04-16,LY,Libya,EMRO,15.0,507244,0.0,6437
2023-04-23,LY,Libya,EMRO,6.0,507250,0.0,6437
2023-04-30,LY,Libya,EMRO,2.0,507252,0.0,6437
2023-05-07,LY,Libya,EMRO,0.0,507252,0.0,6437
2023-05-14,LY,Libya,EMRO,1.0,507253,0.0,6437
2023-05-21,LY,Libya,EMRO,2.0,507255,0.0,6437
2023-05-28,LY,Libya,EMRO,7.0,507262,0.0,6437
2023-06-04,LY,Libya,EMRO,1.0,507263,0.0,6437
2023-06-11,LY,Libya,EMRO,1.0,507264,0.0,6437
2023-06-18,LY,Libya,EMRO,0.0,507264,0.0,6437
2023-06-25,LY,Libya,EMRO,2.0,507266,0.0,6437
2023-07-02,LY,Libya,EMRO,0.0,507266,0.0,6437
2023-07-09,LY,Libya,EMRO,0.0,507266,0.0,6437
2023-07-16,LY,Libya,EMRO,0.0,507266,0.0,6437
2023-07-23,LY,Libya,EMRO,0.0,507266,0.0,6437
2023-07-30,LY,Libya,EMRO,0.0,507266,0.0,6437
2023-08-06,LY,Libya,EMRO,0.0,507266,0.0,6437
2023-08-13,LY,Libya,EMRO,0.0,507266,0.0,6437
2023-08-20,LY,Libya,EMRO,0.0,507266,0.0,6437
2023-08-27,LY,Libya,EMRO,2.0,507268,0.0,6437
2023-09-03,LY,Libya,EMRO,1.0,507269,0.0,6437
2023-09-10,LY,Libya,EMRO,0.0,507269,0.0,6437
2023-09-17,LY,Libya,EMRO,0.0,507269,0.0,6437
2023-09-24,LY,Libya,EMRO,0.0,507269,0.0,6437
2023-10-01,LY,Libya,EMRO,0.0,507269,0.0,6437
2023-10-08,LY,Libya,EMRO,0.0,507269,0.0,6437
2023-10-15,LY,Libya,EMRO,0.0,507269,0.0,6437
2023-10-22,LY,Libya,EMRO,0.0,507269,0.0,6437
2023-10-29,LY,Libya,EMRO,0.0,507269,0.0,6437
2023-11-05,LY,Libya,EMRO,0.0,507269,0.0,6437
2023-11-12,LY,Libya,EMRO,0.0,507269,0.0,6437
2023-11-19,LY,Libya,EMRO,0.0,507269,0.0,6437
2023-11-26,LY,Libya,EMRO,0.0,507269,0.0,6437
2023-12-03,LY,Libya,EMRO,0.0,507269,0.0,6437
2023-12-10,LY,Libya,EMRO,0.0,507269,0.0,6437
2023-12-17,LY,Libya,EMRO,0.0,507269,0.0,6437
2023-12-24,LY,Libya,EMRO,0.0,507269,0.0,6437
2023-12-31,LY,Libya,EMRO,0.0,507269,0.0,6437
2024-01-07,LY,Libya,EMRO,0.0,507269,0.0,6437
2024-01-14,LY,Libya,EMRO,0.0,507269,0.0,6437
2024-01-21,LY,Libya,EMRO,0.0,507269,0.0,6437
2024-01-28,LY,Libya,EMRO,0.0,507269,0.0,6437
2024-02-04,LY,Libya,EMRO,0.0,507269,0.0,6437
2024-02-11,LY,Libya,EMRO,0.0,507269,0.0,6437
2024-02-18,LY,Libya,EMRO,0.0,507269,0.0,6437
2024-02-25,LY,Libya,EMRO,0.0,507269,0.0,6437
2024-03-03,LY,Libya,EMRO,0.0,507269,0.0,6437
2024-03-10,LY,Libya,EMRO,0.0,507269,0.0,6437
2024-03-17,LY,Libya,EMRO,0.0,507269,0.0,6437
2024-03-24,LY,Libya,EMRO,0.0,507269,0.0,6437
2024-03-31,LY,Libya,EMRO,0.0,507269,0.0,6437
2024-04-07,LY,Libya,EMRO,0.0,507269,0.0,6437
2024-04-14,LY,Libya,EMRO,0.0,507269,0.0,6437
2024-04-21,LY,Libya,EMRO,0.0,507269,0.0,6437
2024-04-28,LY,Libya,EMRO,0.0,507269,0.0,6437
