Date_reported,Country_code,Country,WHO_region,New_cases,Cumulative_cases,New_deaths,Cumulative_deaths
2020-01-12,MC,Monaco,EURO,1.0,1,0.0,0
2020-01-19,MC,Monaco,EURO,0.0,1,0.0,0
2020-01-26,MC,Monaco,EURO,0.0,1,0.0,0
2020-02-02,MC,Monaco,EURO,0.0,1,0.0,0
2020-02-09,MC,Monaco,EURO,0.0,1,0.0,0
2020-02-16,MC,Monaco,EURO,0.0,1,0.0,0
2020-02-23,MC,Monaco,EURO,0.0,1,0.0,0
2020-03-01,MC,Monaco,EURO,1.0,2,0.0,0
2020-03-08,MC,Monaco,EURO,0.0,2,0.0,0
2020-03-15,MC,Monaco,EURO,5.0,7,0.0,0
2020-03-22,MC,Monaco,EURO,5.0,12,0.0,0
2020-03-29,MC,Monaco,EURO,15.0,27,0.0,0
2020-04-05,MC,Monaco,EURO,14.0,41,0.0,0
2020-04-12,MC,Monaco,EURO,12.0,53,1.0,1
2020-04-19,MC,Monaco,EURO,1.0,54,0.0,1
2020-04-26,MC,Monaco,EURO,2.0,56,0.0,1
2020-05-03,MC,Monaco,EURO,0.0,56,0.0,1
2020-05-10,MC,Monaco,EURO,0.0,56,0.0,1
2020-05-17,MC,Monaco,EURO,1.0,57,0.0,1
2020-05-24,MC,Monaco,EURO,2.0,59,0.0,1
2020-05-31,MC,Monaco,EURO,0.0,59,0.0,1
2020-06-07,MC,Monaco,EURO,0.0,59,0.0,1
2020-06-14,MC,Monaco,EURO,0.0,59,0.0,1
2020-06-21,MC,Monaco,EURO,0.0,59,0.0,1
2020-06-28,MC,Monaco,EURO,2.0,61,0.0,1
2020-07-05,MC,Monaco,EURO,5.0,66,0.0,1
2020-07-12,MC,Monaco,EURO,2.0,68,0.0,1
2020-07-19,MC,Monaco,EURO,0.0,68,0.0,1
2020-07-26,MC,Monaco,EURO,3.0,71,0.0,1
2020-08-02,MC,Monaco,EURO,3.0,74,0.0,1
2020-08-09,MC,Monaco,EURO,3.0,77,0.0,1
2020-08-16,MC,Monaco,EURO,6.0,83,0.0,1
2020-08-23,MC,Monaco,EURO,18.0,101,0.0,1
2020-08-30,MC,Monaco,EURO,22.0,123,0.0,1
2020-09-06,MC,Monaco,EURO,24.0,147,0.0,1
2020-09-13,MC,Monaco,EURO,13.0,160,0.0,1
2020-09-20,MC,Monaco,EURO,14.0,174,0.0,1
2020-09-27,MC,Monaco,EURO,8.0,182,1.0,2
2020-10-04,MC,Monaco,EURO,9.0,191,0.0,2
2020-10-11,MC,Monaco,EURO,14.0,205,0.0,2
2020-10-18,MC,Monaco,EURO,22.0,227,0.0,2
2020-10-25,MC,Monaco,EURO,32.0,259,0.0,2
2020-11-01,MC,Monaco,EURO,55.0,314,0.0,2
2020-11-08,MC,Monaco,EURO,55.0,369,0.0,2
2020-11-15,MC,Monaco,EURO,54.0,423,0.0,2
2020-11-22,MC,Monaco,EURO,28.0,451,1.0,3
2020-11-29,MC,Monaco,EURO,18.0,469,0.0,3
2020-12-06,MC,Monaco,EURO,20.0,489,0.0,3
2020-12-13,MC,Monaco,EURO,31.0,520,0.0,3
2020-12-20,MC,Monaco,EURO,64.0,584,0.0,3
2020-12-27,MC,Monaco,EURO,61.0,645,0.0,3
2021-01-03,MC,Monaco,EURO,119.0,764,1.0,4
2021-01-10,MC,Monaco,EURO,124.0,888,1.0,5
2021-01-17,MC,Monaco,EURO,141.0,1029,3.0,8
2021-01-24,MC,Monaco,EURO,154.0,1183,1.0,9
2021-01-31,MC,Monaco,EURO,127.0,1310,3.0,12
2021-02-07,MC,Monaco,EURO,159.0,1469,8.0,20
2021-02-14,MC,Monaco,EURO,113.0,1582,1.0,21
2021-02-21,MC,Monaco,EURO,110.0,1692,1.0,22
2021-02-28,MC,Monaco,EURO,82.0,1774,2.0,24
2021-03-07,MC,Monaco,EURO,72.0,1846,2.0,26
2021-03-14,MC,Monaco,EURO,83.0,1929,1.0,27
2021-03-21,MC,Monaco,EURO,66.0,1995,0.0,27
2021-03-28,MC,Monaco,EURO,83.0,2078,1.0,28
2021-04-04,MC,Monaco,EURO,66.0,2144,1.0,29
2021-04-11,MC,Monaco,EURO,42.0,2186,2.0,31
2021-04-18,MC,Monaco,EURO,24.0,2210,0.0,31
2021-04-25,MC,Monaco,EURO,35.0,2245,0.0,31
2021-05-02,MC,Monaco,EURO,32.0,2277,1.0,32
2021-05-09,MC,Monaco,EURO,27.0,2304,0.0,32
2021-05-16,MC,Monaco,EURO,14.0,2318,0.0,32
2021-05-23,MC,Monaco,EURO,8.0,2326,0.0,32
2021-05-30,MC,Monaco,EURO,3.0,2329,0.0,32
2021-06-06,MC,Monaco,EURO,4.0,2333,1.0,33
2021-06-13,MC,Monaco,EURO,17.0,2350,0.0,33
2021-06-20,MC,Monaco,EURO,18.0,2368,0.0,33
2021-06-27,MC,Monaco,EURO,18.0,2386,0.0,33
2021-07-04,MC,Monaco,EURO,17.0,2403,0.0,33
2021-07-11,MC,Monaco,EURO,43.0,2446,0.0,33
2021-07-18,MC,Monaco,EURO,62.0,2508,0.0,33
2021-07-25,MC,Monaco,EURO,120.0,2628,0.0,33
2021-08-01,MC,Monaco,EURO,105.0,2733,0.0,33
2021-08-08,MC,Monaco,EURO,109.0,2842,0.0,33
2021-08-15,MC,Monaco,EURO,75.0,2917,2.0,35
2021-08-22,MC,Monaco,EURO,84.0,3001,0.0,35
2021-08-29,MC,Monaco,EURO,48.0,3049,0.0,35
2021-09-05,MC,Monaco,EURO,51.0,3100,0.0,35
2021-09-12,MC,Monaco,EURO,32.0,3132,0.0,35
2021-09-19,MC,Monaco,EURO,15.0,3147,0.0,35
2021-09-26,MC,Monaco,EURO,13.0,3160,0.0,35
2021-10-03,MC,Monaco,EURO,12.0,3172,0.0,35
2021-10-10,MC,Monaco,EURO,16.0,3188,0.0,35
2021-10-17,MC,Monaco,EURO,23.0,3211,0.0,35
2021-10-24,MC,Monaco,EURO,32.0,3243,0.0,35
2021-10-31,MC,Monaco,EURO,25.0,3268,1.0,36
2021-11-07,MC,Monaco,EURO,20.0,3288,0.0,36
2021-11-14,MC,Monaco,EURO,37.0,3325,0.0,36
2021-11-21,MC,Monaco,EURO,67.0,3392,0.0,36
2021-11-28,MC,Monaco,EURO,156.0,3548,0.0,36
2021-12-05,MC,Monaco,EURO,156.0,3704,0.0,36
2021-12-12,MC,Monaco,EURO,196.0,3900,0.0,36
2021-12-19,MC,Monaco,EURO,328.0,4228,0.0,36
2021-12-26,MC,Monaco,EURO,377.0,4605,2.0,38
2022-01-02,MC,Monaco,EURO,523.0,5128,1.0,39
2022-01-09,MC,Monaco,EURO,943.0,6071,3.0,42
2022-01-16,MC,Monaco,EURO,913.0,6984,2.0,44
2022-01-23,MC,Monaco,EURO,949.0,7933,1.0,45
2022-01-30,MC,Monaco,EURO,696.0,8629,1.0,46
2022-02-06,MC,Monaco,EURO,467.0,9096,2.0,48
2022-02-13,MC,Monaco,EURO,249.0,9345,2.0,50
2022-02-20,MC,Monaco,EURO,171.0,9516,1.0,51
2022-02-27,MC,Monaco,EURO,201.0,9717,0.0,51
2022-03-06,MC,Monaco,EURO,178.0,9895,0.0,51
2022-03-13,MC,Monaco,EURO,265.0,10160,1.0,52
2022-03-20,MC,Monaco,EURO,374.0,10534,2.0,54
2022-03-27,MC,Monaco,EURO,421.0,10955,0.0,54
2022-04-03,MC,Monaco,EURO,334.0,11289,0.0,54
2022-04-10,MC,Monaco,EURO,334.0,11623,1.0,55
2022-04-17,MC,Monaco,EURO,274.0,11897,1.0,56
2022-04-24,MC,Monaco,EURO,203.0,12100,1.0,57
2022-05-01,MC,Monaco,EURO,172.0,12272,0.0,57
2022-05-08,MC,Monaco,EURO,156.0,12428,0.0,57
2022-05-15,MC,Monaco,EURO,90.0,12518,0.0,57
2022-05-22,MC,Monaco,EURO,86.0,12604,0.0,57
2022-05-29,MC,Monaco,EURO,62.0,12666,0.0,57
2022-06-05,MC,Monaco,EURO,144.0,12810,0.0,57
2022-06-12,MC,Monaco,EURO,191.0,13001,0.0,57
2022-06-19,MC,Monaco,EURO,161.0,13162,0.0,57
2022-06-26,MC,Monaco,EURO,207.0,13369,0.0,57
2022-07-03,MC,Monaco,EURO,334.0,13703,2.0,59
2022-07-10,MC,Monaco,EURO,354.0,14057,1.0,60
2022-07-17,MC,Monaco,EURO,291.0,14348,1.0,61
2022-07-24,MC,Monaco,EURO,168.0,14516,0.0,61
2022-07-31,MC,Monaco,EURO,111.0,14627,0.0,61
2022-08-07,MC,Monaco,EURO,93.0,14720,0.0,61
2022-08-14,MC,Monaco,EURO,98.0,14818,0.0,61
2022-08-21,MC,Monaco,EURO,36.0,14854,0.0,61
2022-08-28,MC,Monaco,EURO,41.0,14895,0.0,61
2022-09-04,MC,Monaco,EURO,36.0,14931,0.0,61
2022-09-11,MC,Monaco,EURO,33.0,14964,2.0,63
2022-09-18,MC,Monaco,EURO,66.0,15030,0.0,63
2022-09-25,MC,Monaco,EURO,56.0,15086,0.0,63
2022-10-02,MC,Monaco,EURO,86.0,15172,0.0,63
2022-10-09,MC,Monaco,EURO,87.0,15259,0.0,63
2022-10-16,MC,Monaco,EURO,81.0,15340,0.0,63
2022-10-23,MC,Monaco,EURO,80.0,15420,1.0,64
2022-10-30,MC,Monaco,EURO,67.0,15487,1.0,65
2022-11-06,MC,Monaco,EURO,63.0,15550,0.0,65
2022-11-13,MC,Monaco,EURO,94.0,15644,0.0,65
2022-11-20,MC,Monaco,EURO,93.0,15737,0.0,65
2022-11-27,MC,Monaco,EURO,152.0,15889,0.0,65
2022-12-04,MC,Monaco,EURO,209.0,16098,0.0,65
2022-12-11,MC,Monaco,EURO,175.0,16273,0.0,65
2022-12-18,MC,Monaco,EURO,100.0,16373,0.0,65
2022-12-25,MC,Monaco,EURO,66.0,16439,0.0,65
2023-01-01,MC,Monaco,EURO,37.0,16476,0.0,65
2023-01-08,MC,Monaco,EURO,47.0,16523,0.0,65
2023-01-15,MC,Monaco,EURO,23.0,16546,0.0,65
2023-01-22,MC,Monaco,EURO,18.0,16564,0.0,65
2023-01-29,MC,Monaco,EURO,13.0,16577,0.0,65
2023-02-05,MC,Monaco,EURO,31.0,16608,2.0,67
2023-02-12,MC,Monaco,EURO,14.0,16622,0.0,67
2023-02-19,MC,Monaco,EURO,7.0,16629,0.0,67
2023-02-26,MC,Monaco,EURO,5.0,16634,0.0,67
2023-03-05,MC,Monaco,EURO,6.0,16640,0.0,67
2023-03-12,MC,Monaco,EURO,7.0,16647,0.0,67
2023-03-19,MC,Monaco,EURO,24.0,16671,0.0,67
2023-03-26,MC,Monaco,EURO,15.0,16686,0.0,67
2023-04-02,MC,Monaco,EURO,19.0,16705,0.0,67
2023-04-09,MC,Monaco,EURO,19.0,16724,0.0,67
2023-04-16,MC,Monaco,EURO,15.0,16739,0.0,67
2023-04-23,MC,Monaco,EURO,11.0,16750,0.0,67
2023-04-30,MC,Monaco,EURO,5.0,16755,0.0,67
2023-05-07,MC,Monaco,EURO,8.0,16763,0.0,67
2023-05-14,MC,Monaco,EURO,12.0,16775,0.0,67
2023-05-21,MC,Monaco,EURO,9.0,16784,0.0,67
2023-05-28,MC,Monaco,EURO,9.0,16793,0.0,67
2023-06-04,MC,Monaco,EURO,5.0,16798,0.0,67
2023-06-11,MC,Monaco,EURO,16.0,16814,0.0,67
2023-06-18,MC,Monaco,EURO,3.0,16817,0.0,67
2023-06-25,MC,Monaco,EURO,9.0,16826,0.0,67
2023-07-02,MC,Monaco,EURO,12.0,16838,0.0,67
2023-07-09,MC,Monaco,EURO,2.0,16840,0.0,67
2023-07-16,MC,Monaco,EURO,2.0,16842,0.0,67
2023-07-23,MC,Monaco,EURO,6.0,16848,0.0,67
2023-07-30,MC,Monaco,EURO,4.0,16852,0.0,67
2023-08-06,MC,Monaco,EURO,6.0,16858,0.0,67
2023-08-13,MC,Monaco,EURO,13.0,16871,0.0,67
2023-08-20,MC,Monaco,EURO,10.0,16881,0.0,67
2023-08-27,MC,Monaco,EURO,20.0,16901,0.0,67
2023-09-03,MC,Monaco,EURO,17.0,16918,0.0,67
2023-09-10,MC,Monaco,EURO,13.0,16931,0.0,67
2023-09-17,MC,Monaco,EURO,13.0,16944,0.0,67
2023-09-24,MC,Monaco,EURO,31.0,16975,0.0,67
2023-10-01,MC,Monaco,EURO,26.0,17001,0.0,67
2023-10-08,MC,Monaco,EURO,26.0,17027,0.0,67
2023-10-15,MC,Monaco,EURO,22.0,17049,0.0,67
2023-10-22,MC,Monaco,EURO,23.0,17072,0.0,67
2023-10-29,MC,Monaco,EURO,18.0,17090,0.0,67
2023-11-05,MC,Monaco,EURO,19.0,17109,0.0,67
2023-11-12,MC,Monaco,EURO,11.0,17120,0.0,67
2023-11-19,MC,Monaco,EURO,46.0,17166,0.0,67
2023-11-26,MC,Monaco,EURO,15.0,17181,0.0,67
2023-12-03,MC,Monaco,EURO,0.0,17181,0.0,67
2023-12-10,MC,Monaco,EURO,0.0,17181,0.0,67
2023-12-17,MC,Monaco,EURO,0.0,17181,0.0,67
2023-12-24,MC,Monaco,EURO,0.0,17181,0.0,67
2023-12-31,MC,Monaco,EURO,0.0,17181,0.0,67
2024-01-07,MC,Monaco,EURO,0.0,17181,0.0,67
2024-01-14,MC,Monaco,EURO,0.0,17181,0.0,67
2024-01-21,MC,Monaco,EURO,0.0,17181,0.0,67
2024-01-28,MC,Monaco,EURO,0.0,17181,0.0,67
2024-02-04,MC,Monaco,EURO,0.0,17181,0.0,67
2024-02-11,MC,Monaco,EURO,0.0,17181,0.0,67
2024-02-18,MC,Monaco,EURO,0.0,17181,0.0,67
2024-02-25,MC,Monaco,EURO,0.0,17181,0.0,67
2024-03-03,MC,Monaco,EURO,0.0,17181,0.0,67
2024-03-10,MC,Monaco,EURO,0.0,17181,0.0,67
2024-03-17,MC,Monaco,EURO,0.0,17181,0.0,67
2024-03-24,MC,Monaco,EURO,0.0,17181,0.0,67
2024-03-31,MC,Monaco,EURO,0.0,17181,0.0,67
2024-04-07,MC,Monaco,EURO,0.0,17181,0.0,67
2024-04-14,MC,Monaco,EURO,0.0,17181,0.0,67
2024-04-21,MC,Monaco,EURO,0.0,17181,0.0,67
2024-04-28,MC,Monaco,EURO,0.0,17181,0.0,67
