Date_reported,Country_code,Country,WHO_region,New_cases,Cumulative_cases,New_deaths,Cumulative_deaths
2020-03-08,MF,Saint Martin (French part),,2.0,2,0.0,0
2020-03-15,MF,Saint Martin (French part),,0.0,2,0.0,0
2020-03-22,MF,Saint Martin (French part),,2.0,4,0.0,0
2020-03-29,MF,Saint Martin (French part),,8.0,12,0.0,0
2020-04-05,MF,Saint Martin (French part),,12.0,24,2.0,2
2020-04-12,MF,Saint Martin (French part),,9.0,33,0.0,2
2020-04-19,MF,Saint Martin (French part),,4.0,37,0.0,2
2020-04-26,MF,Saint Martin (French part),,1.0,38,1.0,3
2020-05-03,MF,Saint Martin (French part),,0.0,38,0.0,3
2020-05-10,MF,Saint Martin (French part),,0.0,38,0.0,3
2020-05-17,MF,Saint Martin (French part),,1.0,39,0.0,3
2020-05-24,MF,Saint Martin (French part),,0.0,39,0.0,3
2020-05-31,MF,Saint Martin (French part),,2.0,41,0.0,3
2020-06-07,MF,Saint Martin (French part),,0.0,41,0.0,3
2020-06-14,MF,Saint Martin (French part),,0.0,41,0.0,3
2020-06-21,MF,Saint Martin (French part),,1.0,42,0.0,3
2020-06-28,MF,Saint Martin (French part),,0.0,42,0.0,3
2020-07-05,MF,Saint Martin (French part),,2.0,44,0.0,3
2020-07-12,MF,Saint Martin (French part),,0.0,44,0.0,3
2020-07-19,MF,Saint Martin (French part),,2.0,46,0.0,3
2020-07-26,MF,Saint Martin (French part),,3.0,49,0.0,3
2020-08-02,MF,Saint Martin (French part),,4.0,53,0.0,3
2020-08-09,MF,Saint Martin (French part),,0.0,53,0.0,3
2020-08-16,MF,Saint Martin (French part),,56.0,109,2.0,5
2020-08-23,MF,Saint Martin (French part),,67.0,176,0.0,5
2020-08-30,MF,Saint Martin (French part),,37.0,213,0.0,5
2020-09-06,MF,Saint Martin (French part),,26.0,239,1.0,6
2020-09-13,MF,Saint Martin (French part),,17.0,256,0.0,6
2020-09-20,MF,Saint Martin (French part),,74.0,330,0.0,6
2020-09-27,MF,Saint Martin (French part),,53.0,383,2.0,8
2020-10-04,MF,Saint Martin (French part),,29.0,412,0.0,8
2020-10-11,MF,Saint Martin (French part),,54.0,466,0.0,8
2020-10-18,MF,Saint Martin (French part),,65.0,531,0.0,8
2020-10-25,MF,Saint Martin (French part),,11.0,542,0.0,8
2020-11-01,MF,Saint Martin (French part),,49.0,591,1.0,9
2020-11-08,MF,Saint Martin (French part),,13.0,604,3.0,12
2020-11-15,MF,Saint Martin (French part),,51.0,655,0.0,12
2020-11-22,MF,Saint Martin (French part),,35.0,690,0.0,12
2020-11-29,MF,Saint Martin (French part),,0.0,690,0.0,12
2020-12-06,MF,Saint Martin (French part),,54.0,744,0.0,12
2020-12-13,MF,Saint Martin (French part),,94.0,838,0.0,12
2020-12-20,MF,Saint Martin (French part),,110.0,948,0.0,12
2020-12-27,MF,Saint Martin (French part),,38.0,986,0.0,12
2021-01-03,MF,Saint Martin (French part),,9.0,995,0.0,12
2021-01-10,MF,Saint Martin (French part),,7.0,1002,0.0,12
2021-01-17,MF,Saint Martin (French part),,44.0,1046,0.0,12
2021-01-24,MF,Saint Martin (French part),,145.0,1191,0.0,12
2021-01-31,MF,Saint Martin (French part),,98.0,1289,0.0,12
2021-02-07,MF,Saint Martin (French part),,0.0,1289,0.0,12
2021-02-14,MF,Saint Martin (French part),,167.0,1456,0.0,12
2021-02-21,MF,Saint Martin (French part),,0.0,1456,0.0,12
2021-02-28,MF,Saint Martin (French part),,98.0,1554,0.0,12
2021-03-07,MF,Saint Martin (French part),,27.0,1581,0.0,12
2021-03-14,MF,Saint Martin (French part),,31.0,1612,0.0,12
2021-03-21,MF,Saint Martin (French part),,21.0,1633,0.0,12
2021-03-28,MF,Saint Martin (French part),,24.0,1657,0.0,12
2021-04-04,MF,Saint Martin (French part),,30.0,1687,1.0,13
2021-04-11,MF,Saint Martin (French part),,16.0,1703,0.0,13
2021-04-18,MF,Saint Martin (French part),,7.0,1710,0.0,13
2021-04-25,MF,Saint Martin (French part),,18.0,1728,0.0,13
2021-05-02,MF,Saint Martin (French part),,21.0,1749,1.0,14
2021-05-09,MF,Saint Martin (French part),,28.0,1777,0.0,14
2021-05-16,MF,Saint Martin (French part),,62.0,1839,0.0,14
2021-05-23,MF,Saint Martin (French part),,56.0,1895,1.0,15
2021-05-30,MF,Saint Martin (French part),,114.0,2009,0.0,15
2021-06-06,MF,Saint Martin (French part),,104.0,2113,7.0,22
2021-06-13,MF,Saint Martin (French part),,115.0,2228,3.0,25
2021-06-20,MF,Saint Martin (French part),,86.0,2314,1.0,26
2021-06-27,MF,Saint Martin (French part),,53.0,2367,1.0,27
2021-07-04,MF,Saint Martin (French part),,53.0,2420,2.0,29
2021-07-11,MF,Saint Martin (French part),,52.0,2472,1.0,30
2021-07-18,MF,Saint Martin (French part),,51.0,2523,0.0,30
2021-07-25,MF,Saint Martin (French part),,56.0,2579,0.0,30
2021-08-01,MF,Saint Martin (French part),,62.0,2641,0.0,30
2021-08-08,MF,Saint Martin (French part),,114.0,2755,3.0,33
2021-08-15,MF,Saint Martin (French part),,188.0,2943,0.0,33
2021-08-22,MF,Saint Martin (French part),,204.0,3147,0.0,33
2021-08-29,MF,Saint Martin (French part),,209.0,3356,0.0,33
2021-09-05,MF,Saint Martin (French part),,188.0,3544,0.0,33
2021-09-12,MF,Saint Martin (French part),,115.0,3659,0.0,33
2021-09-19,MF,Saint Martin (French part),,81.0,3740,2.0,35
2021-09-26,MF,Saint Martin (French part),,55.0,3795,0.0,35
2021-10-03,MF,Saint Martin (French part),,24.0,3819,1.0,36
2021-10-10,MF,Saint Martin (French part),,39.0,3858,1.0,37
2021-10-17,MF,Saint Martin (French part),,30.0,3888,0.0,37
2021-10-24,MF,Saint Martin (French part),,32.0,3920,0.0,37
2021-10-31,MF,Saint Martin (French part),,21.0,3941,0.0,37
2021-11-07,MF,Saint Martin (French part),,34.0,3975,1.0,38
2021-11-14,MF,Saint Martin (French part),,18.0,3993,0.0,38
2021-11-21,MF,Saint Martin (French part),,20.0,4013,0.0,38
2021-11-28,MF,Saint Martin (French part),,18.0,4031,0.0,38
2021-12-05,MF,Saint Martin (French part),,9.0,4040,0.0,38
2021-12-12,MF,Saint Martin (French part),,19.0,4059,0.0,38
2021-12-19,MF,Saint Martin (French part),,16.0,4075,0.0,38
2021-12-26,MF,Saint Martin (French part),,43.0,4118,1.0,39
2022-01-02,MF,Saint Martin (French part),,129.0,4247,1.0,40
2022-01-09,MF,Saint Martin (French part),,975.0,5222,0.0,40
2022-01-16,MF,Saint Martin (French part),,2295.0,7517,0.0,40
2022-01-23,MF,Saint Martin (French part),,1396.0,8913,1.0,41
2022-01-30,MF,Saint Martin (French part),,520.0,9433,1.0,42
2022-02-06,MF,Saint Martin (French part),,173.0,9606,1.0,43
2022-02-13,MF,Saint Martin (French part),,126.0,9732,1.0,44
2022-02-20,MF,Saint Martin (French part),,58.0,9790,0.0,44
2022-02-27,MF,Saint Martin (French part),,52.0,9842,0.0,44
2022-03-06,MF,Saint Martin (French part),,28.0,9870,0.0,44
2022-03-13,MF,Saint Martin (French part),,38.0,9908,0.0,44
2022-03-20,MF,Saint Martin (French part),,31.0,9939,0.0,44
2022-03-27,MF,Saint Martin (French part),,49.0,9988,0.0,44
2022-04-03,MF,Saint Martin (French part),,81.0,10069,0.0,44
2022-04-10,MF,Saint Martin (French part),,60.0,10129,0.0,44
2022-04-17,MF,Saint Martin (French part),,93.0,10222,0.0,44
2022-04-24,MF,Saint Martin (French part),,94.0,10316,0.0,44
2022-05-01,MF,Saint Martin (French part),,102.0,10418,0.0,44
2022-05-08,MF,Saint Martin (French part),,69.0,10487,0.0,44
2022-05-15,MF,Saint Martin (French part),,65.0,10552,0.0,44
2022-05-22,MF,Saint Martin (French part),,66.0,10618,0.0,44
2022-05-29,MF,Saint Martin (French part),,70.0,10688,0.0,44
2022-06-05,MF,Saint Martin (French part),,38.0,10726,0.0,44
2022-06-12,MF,Saint Martin (French part),,74.0,10800,0.0,44
2022-06-19,MF,Saint Martin (French part),,75.0,10875,1.0,45
2022-06-26,MF,Saint Martin (French part),,77.0,10952,0.0,45
2022-07-03,MF,Saint Martin (French part),,109.0,11061,1.0,46
2022-07-10,MF,Saint Martin (French part),,163.0,11224,0.0,46
2022-07-17,MF,Saint Martin (French part),,186.0,11410,0.0,46
2022-07-24,MF,Saint Martin (French part),,125.0,11535,0.0,46
2022-07-31,MF,Saint Martin (French part),,132.0,11667,0.0,46
2022-08-07,MF,Saint Martin (French part),,107.0,11774,0.0,46
2022-08-14,MF,Saint Martin (French part),,83.0,11857,0.0,46
2022-08-21,MF,Saint Martin (French part),,54.0,11911,0.0,46
2022-08-28,MF,Saint Martin (French part),,30.0,11941,0.0,46
2022-09-04,MF,Saint Martin (French part),,0.0,11941,0.0,46
2022-09-11,MF,Saint Martin (French part),,0.0,11941,0.0,46
2022-09-18,MF,Saint Martin (French part),,0.0,11941,0.0,46
2022-09-25,MF,Saint Martin (French part),,37.0,11978,0.0,46
2022-10-02,MF,Saint Martin (French part),,0.0,11978,0.0,46
2022-10-09,MF,Saint Martin (French part),,14.0,11992,0.0,46
2022-10-16,MF,Saint Martin (French part),,17.0,12009,0.0,46
2022-10-23,MF,Saint Martin (French part),,17.0,12026,0.0,46
2022-10-30,MF,Saint Martin (French part),,0.0,12026,0.0,46
2022-11-06,MF,Saint Martin (French part),,6.0,12032,0.0,46
2022-11-13,MF,Saint Martin (French part),,2.0,12034,0.0,46
2022-11-20,MF,Saint Martin (French part),,7.0,12041,0.0,46
2022-11-27,MF,Saint Martin (French part),,17.0,12058,0.0,46
2022-12-04,MF,Saint Martin (French part),,17.0,12075,0.0,46
2022-12-11,MF,Saint Martin (French part),,29.0,12104,0.0,46
2022-12-18,MF,Saint Martin (French part),,36.0,12140,0.0,46
2022-12-25,MF,Saint Martin (French part),,40.0,12180,0.0,46
2023-01-01,MF,Saint Martin (French part),,26.0,12206,0.0,46
2023-01-08,MF,Saint Martin (French part),,16.0,12222,0.0,46
2023-01-15,MF,Saint Martin (French part),,7.0,12229,0.0,46
2023-01-22,MF,Saint Martin (French part),,4.0,12233,0.0,46
2023-01-29,MF,Saint Martin (French part),,11.0,12244,0.0,46
2023-02-05,MF,Saint Martin (French part),,3.0,12247,0.0,46
2023-02-12,MF,Saint Martin (French part),,6.0,12253,0.0,46
2023-02-19,MF,Saint Martin (French part),,4.0,12257,0.0,46
2023-02-26,MF,Saint Martin (French part),,7.0,12264,0.0,46
2023-03-05,MF,Saint Martin (French part),,7.0,12271,0.0,46
2023-03-12,MF,Saint Martin (French part),,2.0,12273,0.0,46
2023-03-19,MF,Saint Martin (French part),,5.0,12278,0.0,46
2023-03-26,MF,Saint Martin (French part),,2.0,12280,0.0,46
2023-04-02,MF,Saint Martin (French part),,0.0,12280,0.0,46
2023-04-09,MF,Saint Martin (French part),,0.0,12280,0.0,46
2023-04-16,MF,Saint Martin (French part),,7.0,12287,0.0,46
2023-04-23,MF,Saint Martin (French part),,6.0,12293,0.0,46
2023-04-30,MF,Saint Martin (French part),,7.0,12300,0.0,46
2023-05-07,MF,Saint Martin (French part),,0.0,12300,0.0,46
2023-05-14,MF,Saint Martin (French part),,0.0,12300,0.0,46
2023-05-21,MF,Saint Martin (French part),,3.0,12303,0.0,46
2023-05-28,MF,Saint Martin (French part),,0.0,12303,0.0,46
2023-06-04,MF,Saint Martin (French part),,0.0,12303,0.0,46
2023-06-11,MF,Saint Martin (French part),,0.0,12303,0.0,46
2023-06-18,MF,Saint Martin (French part),,0.0,12303,0.0,46
2023-06-25,MF,Saint Martin (French part),,21.0,12324,0.0,46
2023-07-02,MF,Saint Martin (French part),,0.0,12324,0.0,46
2023-07-09,MF,Saint Martin (French part),,0.0,12324,0.0,46
2023-07-16,MF,Saint Martin (French part),,0.0,12324,0.0,46
2023-07-23,MF,Saint Martin (French part),,0.0,12324,0.0,46
2023-07-30,MF,Saint Martin (French part),,0.0,12324,0.0,46
2023-08-06,MF,Saint Martin (French part),,0.0,12324,0.0,46
2023-08-13,MF,Saint Martin (French part),,0.0,12324,0.0,46
2023-08-20,MF,Saint Martin (French part),,0.0,12324,0.0,46
2023-08-27,MF,Saint Martin (French part),,0.0,12324,0.0,46
2023-09-03,MF,Saint Martin (French part),,0.0,12324,0.0,46
2023-09-10,MF,Saint Martin (French part),,0.0,12324,0.0,46
2023-09-17,MF,Saint Martin (French part),,0.0,12324,0.0,46
2023-09-24,MF,Saint Martin (French part),,0.0,12324,0.0,46
2023-10-01,MF,Saint Martin (French part),,0.0,12324,0.0,46
2023-10-08,MF,Saint Martin (French part),,0.0,12324,0.0,46
2023-10-15,MF,Saint Martin (French part),,0.0,12324,0.0,46
2023-10-22,MF,Saint Martin (French part),,0.0,12324,0.0,46
2023-10-29,MF,Saint Martin (French part),,0.0,12324,0.0,46
2023-11-05,MF,Saint Martin (French part),,0.0,12324,0.0,46
2023-11-12,MF,Saint Martin (French part),,0.0,12324,0.0,46
2023-11-19,MF,Saint Martin (French part),,0.0,12324,0.0,46
2023-11-26,MF,Saint Martin (French part),,0.0,12324,0.0,46
2023-12-03,MF,Saint Martin (French part),,0.0,12324,0.0,46
2023-12-10,MF,Saint Martin (French part),,0.0,12324,0.0,46
2023-12-17,MF,Saint Martin (French part),,0.0,12324,0.0,46
2023-12-24,MF,Saint Martin (French part),,0.0,12324,0.0,46
2023-12-31,MF,Saint Martin (French part),,0.0,12324,0.0,46
2024-01-07,MF,Saint Martin (French part),,0.0,12324,0.0,46
2024-01-14,MF,Saint Martin (French part),,0.0,12324,0.0,46
2024-01-21,MF,Saint Martin (French part),,0.0,12324,0.0,46
2024-01-28,MF,Saint Martin (French part),,0.0,12324,0.0,46
2024-02-04,MF,Saint Martin (French part),,0.0,12324,0.0,46
2024-02-11,MF,Saint Martin (French part),,0.0,12324,0.0,46
2024-02-18,MF,Saint Martin (French part),,0.0,12324,0.0,46
2024-02-25,MF,Saint Martin (French part),,0.0,12324,0.0,46
2024-03-03,MF,Saint Martin (French part),,0.0,12324,0.0,46
2024-03-10,MF,Saint Martin (French part),,0.0,12324,0.0,46
2024-03-17,MF,Saint Martin (French part),,0.0,12324,0.0,46
2024-03-24,MF,Saint Martin (French part),,0.0,12324,0.0,46
2024-03-31,MF,Saint Martin (French part),,0.0,12324,0.0,46
2024-04-07,MF,Saint Martin (French part),,0.0,12324,0.0,46
2024-04-14,MF,Saint Martin (French part),,0.0,12324,0.0,46
2024-04-21,MF,Saint Martin (French part),,0.0,12324,0.0,46
2024-04-28,MF,Saint Martin (French part),,0.0,12324,0.0,46
