Date_reported,Country_code,Country,WHO_region,New_cases,Cumulative_cases,New_deaths,Cumulative_deaths
2020-03-01,MK,North Macedonia,EURO,1.0,1,0.0,0
2020-03-08,MK,North Macedonia,EURO,3.0,4,0.0,0
2020-03-15,MK,North Macedonia,EURO,15.0,19,0.0,0
2020-03-22,MK,North Macedonia,EURO,117.0,136,1.0,1
2020-03-29,MK,North Macedonia,EURO,149.0,285,5.0,6
2020-04-05,MK,North Macedonia,EURO,287.0,572,17.0,23
2020-04-12,MK,North Macedonia,EURO,286.0,858,15.0,38
2020-04-19,MK,North Macedonia,EURO,370.0,1228,18.0,56
2020-04-26,MK,North Macedonia,EURO,170.0,1398,13.0,69
2020-05-03,MK,North Macedonia,EURO,120.0,1518,18.0,87
2020-05-10,MK,North Macedonia,EURO,146.0,1664,6.0,93
2020-05-17,MK,North Macedonia,EURO,153.0,1817,14.0,107
2020-05-24,MK,North Macedonia,EURO,181.0,1998,9.0,116
2020-05-31,MK,North Macedonia,EURO,317.0,2315,23.0,139
2020-06-07,MK,North Macedonia,EURO,839.0,3154,20.0,159
2020-06-14,MK,North Macedonia,EURO,1009.0,4163,41.0,200
2020-06-21,MK,North Macedonia,EURO,1035.0,5198,54.0,254
2020-06-28,MK,North Macedonia,EURO,1014.0,6212,53.0,307
2020-07-05,MK,North Macedonia,EURO,928.0,7140,50.0,357
2020-07-12,MK,North Macedonia,EURO,1073.0,8213,39.0,396
2020-07-19,MK,North Macedonia,EURO,1044.0,9257,48.0,444
2020-07-26,MK,North Macedonia,EURO,953.0,10210,36.0,480
2020-08-02,MK,North Macedonia,EURO,910.0,11120,31.0,511
2020-08-09,MK,North Macedonia,EURO,814.0,11934,26.0,537
2020-08-16,MK,North Macedonia,EURO,897.0,12831,21.0,558
2020-08-23,MK,North Macedonia,EURO,838.0,13669,22.0,580
2020-08-30,MK,North Macedonia,EURO,661.0,14330,36.0,616
2020-09-06,MK,North Macedonia,EURO,790.0,15120,26.0,642
2020-09-13,MK,North Macedonia,EURO,703.0,15823,28.0,670
2020-09-20,MK,North Macedonia,EURO,955.0,16778,49.0,719
2020-09-27,MK,North Macedonia,EURO,888.0,17666,29.0,748
2020-10-04,MK,North Macedonia,EURO,1204.0,18870,33.0,781
2020-10-11,MK,North Macedonia,EURO,2243.0,21113,34.0,815
2020-10-18,MK,North Macedonia,EURO,2676.0,23789,55.0,870
2020-10-25,MK,North Macedonia,EURO,3405.0,27194,100.0,970
2020-11-01,MK,North Macedonia,EURO,5801.0,32995,115.0,1085
2020-11-08,MK,North Macedonia,EURO,7287.0,40282,191.0,1276
2020-11-15,MK,North Macedonia,EURO,7362.0,47644,242.0,1518
2020-11-22,MK,North Macedonia,EURO,7483.0,55127,267.0,1785
2020-11-29,MK,North Macedonia,EURO,6741.0,61868,273.0,2058
2020-12-06,MK,North Macedonia,EURO,6460.0,68328,257.0,2315
2020-12-13,MK,North Macedonia,EURO,5514.0,73842,212.0,2527
2020-12-20,MK,North Macedonia,EURO,4585.0,78427,204.0,2731
2020-12-27,MK,North Macedonia,EURO,3369.0,81796,165.0,2896
2021-01-03,MK,North Macedonia,EURO,2325.0,84121,124.0,3020
2021-01-10,MK,North Macedonia,EURO,2463.0,86584,84.0,3104
2021-01-17,MK,North Macedonia,EURO,2387.0,88971,100.0,3204
2021-01-24,MK,North Macedonia,EURO,1724.0,90695,91.0,3295
2021-01-31,MK,North Macedonia,EURO,2031.0,92726,81.0,3376
2021-02-07,MK,North Macedonia,EURO,2113.0,94839,70.0,3446
2021-02-14,MK,North Macedonia,EURO,2220.0,97059,49.0,3495
2021-02-21,MK,North Macedonia,EURO,2318.0,99377,80.0,3575
2021-02-28,MK,North Macedonia,EURO,3626.0,103003,87.0,3662
2021-03-07,MK,North Macedonia,EURO,4454.0,107457,80.0,3742
2021-03-14,MK,North Macedonia,EURO,5451.0,112908,148.0,3890
2021-03-21,MK,North Macedonia,EURO,6888.0,119796,182.0,4072
2021-03-28,MK,North Macedonia,EURO,7403.0,127199,242.0,4314
2021-04-04,MK,North Macedonia,EURO,7922.0,135121,304.0,4618
2021-04-11,MK,North Macedonia,EURO,6858.0,141979,324.0,4942
2021-04-18,MK,North Macedonia,EURO,5199.0,147178,246.0,5188
2021-04-25,MK,North Macedonia,EURO,3438.0,150616,226.0,5414
2021-05-02,MK,North Macedonia,EURO,2075.0,152691,195.0,5609
2021-05-09,MK,North Macedonia,EURO,1304.0,153995,124.0,5733
2021-05-16,MK,North Macedonia,EURO,671.0,154666,69.0,5802
2021-05-23,MK,North Macedonia,EURO,369.0,155035,40.0,5842
2021-05-30,MK,North Macedonia,EURO,219.0,155254,29.0,5871
2021-06-06,MK,North Macedonia,EURO,155.0,155409,18.0,5889
2021-06-13,MK,North Macedonia,EURO,122.0,155531,10.0,5899
2021-06-20,MK,North Macedonia,EURO,88.0,155619,4.0,5903
2021-06-27,MK,North Macedonia,EURO,48.0,155667,7.0,5910
2021-07-04,MK,North Macedonia,EURO,39.0,155706,0.0,5910
2021-07-11,MK,North Macedonia,EURO,85.0,155791,1.0,5911
2021-07-18,MK,North Macedonia,EURO,126.0,155917,0.0,5911
2021-07-25,MK,North Macedonia,EURO,159.0,156076,4.0,5915
2021-08-01,MK,North Macedonia,EURO,418.0,156494,7.0,5922
2021-08-08,MK,North Macedonia,EURO,1639.0,158133,20.0,5942
2021-08-15,MK,North Macedonia,EURO,4306.0,162439,59.0,6001
2021-08-22,MK,North Macedonia,EURO,6826.0,169265,183.0,6184
2021-08-29,MK,North Macedonia,EURO,6347.0,175612,237.0,6421
2021-09-05,MK,North Macedonia,EURO,4621.0,180233,245.0,6666
2021-09-12,MK,North Macedonia,EURO,3469.0,183702,176.0,6842
2021-09-19,MK,North Macedonia,EURO,3338.0,187040,187.0,7029
2021-09-26,MK,North Macedonia,EURO,2935.0,189975,144.0,7173
2021-10-03,MK,North Macedonia,EURO,2670.0,192645,110.0,7283
2021-10-10,MK,North Macedonia,EURO,2351.0,194996,102.0,7385
2021-10-17,MK,North Macedonia,EURO,2206.0,197202,93.0,7478
2021-10-24,MK,North Macedonia,EURO,2704.0,199906,94.0,7572
2021-10-31,MK,North Macedonia,EURO,2804.0,202710,88.0,7660
2021-11-07,MK,North Macedonia,EURO,3503.0,206213,95.0,7755
2021-11-14,MK,North Macedonia,EURO,3212.0,209425,94.0,7849
2021-11-21,MK,North Macedonia,EURO,2928.0,212353,102.0,7951
2021-11-28,MK,North Macedonia,EURO,2751.0,215104,111.0,8062
2021-12-05,MK,North Macedonia,EURO,2274.0,217378,81.0,8143
2021-12-12,MK,North Macedonia,EURO,2089.0,219467,76.0,8219
2021-12-19,MK,North Macedonia,EURO,1921.0,221388,83.0,8302
2021-12-26,MK,North Macedonia,EURO,1921.0,223309,50.0,8352
2022-01-02,MK,North Macedonia,EURO,2641.0,225950,63.0,8415
2022-01-09,MK,North Macedonia,EURO,8303.0,234253,60.0,8475
2022-01-16,MK,North Macedonia,EURO,11094.0,245347,66.0,8541
2022-01-23,MK,North Macedonia,EURO,11561.0,256908,116.0,8657
2022-01-30,MK,North Macedonia,EURO,11881.0,268789,178.0,8835
2022-02-06,MK,North Macedonia,EURO,9967.0,278756,202.0,9037
2022-02-13,MK,North Macedonia,EURO,8624.0,287380,161.0,9198
2022-02-20,MK,North Macedonia,EURO,6111.0,293491,141.0,9339
2022-02-27,MK,North Macedonia,EURO,3692.0,297183,100.0,9439
2022-03-06,MK,North Macedonia,EURO,2496.0,299679,60.0,9499
2022-03-13,MK,North Macedonia,EURO,1810.0,301489,40.0,9539
2022-03-20,MK,North Macedonia,EURO,1831.0,303320,24.0,9563
2022-03-27,MK,North Macedonia,EURO,1694.0,305014,25.0,9588
2022-04-03,MK,North Macedonia,EURO,1602.0,306616,14.0,9602
2022-04-10,MK,North Macedonia,EURO,1101.0,307717,12.0,9614
2022-04-17,MK,North Macedonia,EURO,800.0,308517,8.0,9622
2022-04-24,MK,North Macedonia,EURO,590.0,309107,7.0,9629
2022-05-01,MK,North Macedonia,EURO,580.0,309687,7.0,9636
2022-05-08,MK,North Macedonia,EURO,531.0,310218,4.0,9640
2022-05-15,MK,North Macedonia,EURO,562.0,310780,2.0,9642
2022-05-22,MK,North Macedonia,EURO,491.0,311271,1.0,9643
2022-05-29,MK,North Macedonia,EURO,501.0,311772,3.0,9646
2022-06-05,MK,North Macedonia,EURO,455.0,312227,2.0,9648
2022-06-12,MK,North Macedonia,EURO,314.0,312541,4.0,9652
2022-06-19,MK,North Macedonia,EURO,352.0,312893,1.0,9653
2022-06-26,MK,North Macedonia,EURO,580.0,313473,1.0,9654
2022-07-03,MK,North Macedonia,EURO,961.0,314434,3.0,9657
2022-07-10,MK,North Macedonia,EURO,1728.0,316162,3.0,9660
2022-07-17,MK,North Macedonia,EURO,2811.0,318973,1.0,9661
2022-07-24,MK,North Macedonia,EURO,4382.0,323355,17.0,9678
2022-07-31,MK,North Macedonia,EURO,4746.0,328101,18.0,9696
2022-08-07,MK,North Macedonia,EURO,3806.0,331907,27.0,9723
2022-08-14,MK,North Macedonia,EURO,3474.0,335381,30.0,9753
2022-08-21,MK,North Macedonia,EURO,2684.0,338065,37.0,9790
2022-08-28,MK,North Macedonia,EURO,1760.0,339825,22.0,9812
2022-09-04,MK,North Macedonia,EURO,1069.0,340894,12.0,9824
2022-09-11,MK,North Macedonia,EURO,635.0,341529,9.0,9833
2022-09-18,MK,North Macedonia,EURO,664.0,342193,7.0,9840
2022-09-25,MK,North Macedonia,EURO,377.0,342570,1.0,9841
2022-10-02,MK,North Macedonia,EURO,469.0,343039,6.0,9847
2022-10-09,MK,North Macedonia,EURO,323.0,343362,5.0,9852
2022-10-16,MK,North Macedonia,EURO,273.0,343635,5.0,9857
2022-10-23,MK,North Macedonia,EURO,251.0,343886,1.0,9858
2022-10-30,MK,North Macedonia,EURO,230.0,344116,0.0,9858
2022-11-06,MK,North Macedonia,EURO,195.0,344311,1.0,9859
2022-11-13,MK,North Macedonia,EURO,188.0,344499,5.0,9864
2022-11-20,MK,North Macedonia,EURO,179.0,344678,1.0,9865
2022-11-27,MK,North Macedonia,EURO,174.0,344852,2.0,9867
2022-12-04,MK,North Macedonia,EURO,195.0,345047,3.0,9870
2022-12-11,MK,North Macedonia,EURO,129.0,345176,0.0,9870
2022-12-18,MK,North Macedonia,EURO,207.0,345383,3.0,9873
2022-12-25,MK,North Macedonia,EURO,205.0,345588,3.0,9876
2023-01-01,MK,North Macedonia,EURO,254.0,345842,2.0,9878
2023-01-08,MK,North Macedonia,EURO,239.0,346081,4.0,9882
2023-01-15,MK,North Macedonia,EURO,203.0,346284,4.0,9886
2023-01-22,MK,North Macedonia,EURO,130.0,346414,10.0,9896
2023-01-29,MK,North Macedonia,EURO,103.0,346517,3.0,9899
2023-02-05,MK,North Macedonia,EURO,102.0,346619,2.0,9901
2023-02-12,MK,North Macedonia,EURO,101.0,346720,3.0,9904
2023-02-19,MK,North Macedonia,EURO,118.0,346838,1.0,9905
2023-02-26,MK,North Macedonia,EURO,156.0,346994,3.0,9908
2023-03-05,MK,North Macedonia,EURO,171.0,347165,2.0,9910
2023-03-12,MK,North Macedonia,EURO,144.0,347309,2.0,9912
2023-03-19,MK,North Macedonia,EURO,169.0,347478,2.0,9914
2023-03-26,MK,North Macedonia,EURO,179.0,347657,3.0,9917
2023-04-02,MK,North Macedonia,EURO,153.0,347810,5.0,9922
2023-04-09,MK,North Macedonia,EURO,140.0,347950,2.0,9924
2023-04-16,MK,North Macedonia,EURO,92.0,348042,3.0,9927
2023-04-23,MK,North Macedonia,EURO,85.0,348127,7.0,9934
2023-04-30,MK,North Macedonia,EURO,82.0,348209,3.0,9937
2023-05-07,MK,North Macedonia,EURO,66.0,348275,2.0,9939
2023-05-14,MK,North Macedonia,EURO,19.0,348294,0.0,9939
2023-05-21,MK,North Macedonia,EURO,16.0,348310,0.0,9939
2023-05-28,MK,North Macedonia,EURO,12.0,348322,0.0,9939
2023-06-04,MK,North Macedonia,EURO,5.0,348327,0.0,9939
2023-06-11,MK,North Macedonia,EURO,9.0,348336,0.0,9939
2023-06-18,MK,North Macedonia,EURO,5.0,348341,1.0,9940
2023-06-25,MK,North Macedonia,EURO,8.0,348349,1.0,9941
2023-07-02,MK,North Macedonia,EURO,7.0,348356,0.0,9941
2023-07-09,MK,North Macedonia,EURO,7.0,348363,0.0,9941
2023-07-16,MK,North Macedonia,EURO,5.0,348368,0.0,9941
2023-07-23,MK,North Macedonia,EURO,6.0,348374,0.0,9941
2023-07-30,MK,North Macedonia,EURO,3.0,348377,0.0,9941
2023-08-06,MK,North Macedonia,EURO,3.0,348380,0.0,9941
2023-08-13,MK,North Macedonia,EURO,9.0,348389,0.0,9941
2023-08-20,MK,North Macedonia,EURO,22.0,348411,0.0,9941
2023-08-27,MK,North Macedonia,EURO,40.0,348451,1.0,9942
2023-09-03,MK,North Macedonia,EURO,65.0,348516,0.0,9942
2023-09-10,MK,North Macedonia,EURO,96.0,348612,0.0,9942
2023-09-17,MK,North Macedonia,EURO,210.0,348822,3.0,9945
2023-09-24,MK,North Macedonia,EURO,282.0,349104,1.0,9946
2023-10-01,MK,North Macedonia,EURO,249.0,349353,1.0,9947
2023-10-08,MK,North Macedonia,EURO,140.0,349493,2.0,9949
2023-10-15,MK,North Macedonia,EURO,125.0,349618,4.0,9953
2023-10-22,MK,North Macedonia,EURO,150.0,349768,4.0,9957
2023-10-29,MK,North Macedonia,EURO,100.0,349868,1.0,9958
2023-11-05,MK,North Macedonia,EURO,46.0,349914,1.0,9959
2023-11-12,MK,North Macedonia,EURO,57.0,349971,1.0,9960
2023-11-19,MK,North Macedonia,EURO,43.0,350014,1.0,9961
2023-11-26,MK,North Macedonia,EURO,55.0,350069,2.0,9963
2023-12-03,MK,North Macedonia,EURO,51.0,350120,0.0,9963
2023-12-10,MK,North Macedonia,EURO,38.0,350158,0.0,9963
2023-12-17,MK,North Macedonia,EURO,39.0,350197,0.0,9963
2023-12-24,MK,North Macedonia,EURO,47.0,350244,0.0,9963
2023-12-31,MK,North Macedonia,EURO,72.0,350316,2.0,9965
2024-01-07,MK,North Macedonia,EURO,71.0,350387,0.0,9965
2024-01-14,MK,North Macedonia,EURO,38.0,350425,1.0,9966
2024-01-21,MK,North Macedonia,EURO,43.0,350468,4.0,9970
2024-01-28,MK,North Macedonia,EURO,31.0,350499,1.0,9971
2024-02-04,MK,North Macedonia,EURO,10.0,350509,1.0,9972
2024-02-11,MK,North Macedonia,EURO,11.0,350520,2.0,9974
2024-02-18,MK,North Macedonia,EURO,13.0,350533,1.0,9975
2024-02-25,MK,North Macedonia,EURO,13.0,350546,1.0,9976
2024-03-03,MK,North Macedonia,EURO,9.0,350555,0.0,9976
2024-03-10,MK,North Macedonia,EURO,12.0,350567,1.0,9977
2024-03-17,MK,North Macedonia,EURO,6.0,350573,0.0,9977
2024-03-24,MK,North Macedonia,EURO,4.0,350577,0.0,9977
2024-03-31,MK,North Macedonia,EURO,2.0,350579,0.0,9977
2024-04-07,MK,North Macedonia,EURO,1.0,350580,0.0,9977
2024-04-14,MK,North Macedonia,EURO,0.0,350580,0.0,9977
2024-04-21,MK,North Macedonia,EURO,3.0,350583,0.0,9977
2024-04-28,MK,North Macedonia,EURO,5.0,350588,0.0,9977
