Date_reported,Country_code,Country,WHO_region,New_cases,Cumulative_cases,New_deaths,Cumulative_deaths
2020-03-29,ML,Mali,AFRO,17.0,17,1.0,1
2020-04-05,ML,Mali,AFRO,22.0,39,2.0,3
2020-04-12,ML,Mali,AFRO,66.0,105,6.0,9
2020-04-19,ML,Mali,AFRO,111.0,216,4.0,13
2020-04-26,ML,Mali,AFRO,154.0,370,8.0,21
2020-05-03,ML,Mali,AFRO,174.0,544,5.0,26
2020-05-10,ML,Mali,AFRO,148.0,692,12.0,38
2020-05-17,ML,Mali,AFRO,143.0,835,10.0,48
2020-05-24,ML,Mali,AFRO,178.0,1013,15.0,63
2020-05-31,ML,Mali,AFRO,235.0,1248,13.0,76
2020-06-07,ML,Mali,AFRO,273.0,1521,14.0,90
2020-06-14,ML,Mali,AFRO,253.0,1774,14.0,104
2020-06-21,ML,Mali,AFRO,157.0,1931,5.0,109
2020-06-28,ML,Mali,AFRO,127.0,2058,4.0,113
2020-07-05,ML,Mali,AFRO,202.0,2260,5.0,118
2020-07-12,ML,Mali,AFRO,31.0,2291,3.0,121
2020-07-19,ML,Mali,AFRO,66.0,2357,0.0,121
2020-07-26,ML,Mali,AFRO,31.0,2388,2.0,123
2020-08-02,ML,Mali,AFRO,32.0,2420,1.0,124
2020-08-09,ML,Mali,AFRO,30.0,2450,1.0,125
2020-08-16,ML,Mali,AFRO,162.0,2612,0.0,125
2020-08-23,ML,Mali,AFRO,87.0,2699,0.0,125
2020-08-30,ML,Mali,AFRO,58.0,2757,1.0,126
2020-09-06,ML,Mali,AFRO,76.0,2833,0.0,126
2020-09-13,ML,Mali,AFRO,83.0,2916,2.0,128
2020-09-20,ML,Mali,AFRO,90.0,3006,0.0,128
2020-09-27,ML,Mali,AFRO,74.0,3080,2.0,130
2020-10-04,ML,Mali,AFRO,90.0,3170,1.0,131
2020-10-11,ML,Mali,AFRO,103.0,3273,1.0,132
2020-10-18,ML,Mali,AFRO,106.0,3379,0.0,132
2020-10-25,ML,Mali,AFRO,93.0,3472,0.0,132
2020-11-01,ML,Mali,AFRO,82.0,3554,4.0,136
2020-11-08,ML,Mali,AFRO,122.0,3676,1.0,137
2020-11-15,ML,Mali,AFRO,192.0,3868,2.0,139
2020-11-22,ML,Mali,AFRO,338.0,4206,4.0,143
2020-11-29,ML,Mali,AFRO,453.0,4659,6.0,149
2020-12-06,ML,Mali,AFRO,403.0,5062,14.0,163
2020-12-13,ML,Mali,AFRO,659.0,5721,26.0,189
2020-12-20,ML,Mali,AFRO,443.0,6164,31.0,220
2020-12-27,ML,Mali,AFRO,410.0,6574,30.0,250
2021-01-03,ML,Mali,AFRO,652.0,7226,26.0,276
2021-01-10,ML,Mali,AFRO,339.0,7565,19.0,295
2021-01-17,ML,Mali,AFRO,258.0,7823,13.0,308
2021-01-24,ML,Mali,AFRO,142.0,7965,15.0,323
2021-01-31,ML,Mali,AFRO,104.0,8069,7.0,330
2021-02-07,ML,Mali,AFRO,91.0,8160,8.0,338
2021-02-14,ML,Mali,AFRO,66.0,8226,4.0,342
2021-02-21,ML,Mali,AFRO,66.0,8292,5.0,347
2021-02-28,ML,Mali,AFRO,73.0,8365,5.0,352
2021-03-07,ML,Mali,AFRO,195.0,8560,6.0,358
2021-03-14,ML,Mali,AFRO,302.0,8862,2.0,360
2021-03-21,ML,Mali,AFRO,408.0,9270,2.0,362
2021-03-28,ML,Mali,AFRO,503.0,9773,14.0,376
2021-04-04,ML,Mali,AFRO,659.0,10432,15.0,391
2021-04-11,ML,Mali,AFRO,1273.0,11705,14.0,405
2021-04-18,ML,Mali,AFRO,1275.0,12980,24.0,429
2021-04-25,ML,Mali,AFRO,580.0,13560,33.0,462
2021-05-02,ML,Mali,AFRO,336.0,13896,23.0,485
2021-05-09,ML,Mali,AFRO,186.0,14082,14.0,499
2021-05-16,ML,Mali,AFRO,94.0,14176,12.0,511
2021-05-23,ML,Mali,AFRO,64.0,14240,2.0,513
2021-05-30,ML,Mali,AFRO,25.0,14265,4.0,517
2021-06-06,ML,Mali,AFRO,31.0,14296,1.0,518
2021-06-13,ML,Mali,AFRO,53.0,14349,5.0,523
2021-06-20,ML,Mali,AFRO,31.0,14380,1.0,524
2021-06-27,ML,Mali,AFRO,34.0,14414,1.0,525
2021-07-04,ML,Mali,AFRO,24.0,14438,1.0,526
2021-07-11,ML,Mali,AFRO,23.0,14461,2.0,528
2021-07-18,ML,Mali,AFRO,48.0,14509,2.0,530
2021-07-25,ML,Mali,AFRO,31.0,14540,0.0,530
2021-08-01,ML,Mali,AFRO,44.0,14584,2.0,532
2021-08-08,ML,Mali,AFRO,53.0,14637,2.0,534
2021-08-15,ML,Mali,AFRO,55.0,14692,0.0,534
2021-08-22,ML,Mali,AFRO,57.0,14749,2.0,536
2021-08-29,ML,Mali,AFRO,97.0,14846,3.0,539
2021-09-05,ML,Mali,AFRO,84.0,14930,2.0,541
2021-09-12,ML,Mali,AFRO,51.0,14981,2.0,543
2021-09-19,ML,Mali,AFRO,79.0,15060,2.0,545
2021-09-26,ML,Mali,AFRO,93.0,15153,2.0,547
2021-10-03,ML,Mali,AFRO,125.0,15278,2.0,549
2021-10-10,ML,Mali,AFRO,172.0,15450,4.0,553
2021-10-17,ML,Mali,AFRO,153.0,15603,4.0,557
2021-10-24,ML,Mali,AFRO,206.0,15809,1.0,558
2021-10-31,ML,Mali,AFRO,229.0,16038,5.0,563
2021-11-07,ML,Mali,AFRO,304.0,16342,11.0,574
2021-11-14,ML,Mali,AFRO,301.0,16643,11.0,585
2021-11-21,ML,Mali,AFRO,276.0,16919,6.0,591
2021-11-28,ML,Mali,AFRO,381.0,17300,12.0,603
2021-12-05,ML,Mali,AFRO,512.0,17812,14.0,617
2021-12-12,ML,Mali,AFRO,692.0,18504,11.0,628
2021-12-19,ML,Mali,AFRO,688.0,19192,11.0,639
2021-12-26,ML,Mali,AFRO,819.0,20011,14.0,653
2022-01-02,ML,Mali,AFRO,1367.0,21378,15.0,668
2022-01-09,ML,Mali,AFRO,3819.0,25197,4.0,672
2022-01-16,ML,Mali,AFRO,3124.0,28321,16.0,688
2022-01-23,ML,Mali,AFRO,1276.0,29597,16.0,704
2022-01-30,ML,Mali,AFRO,411.0,30008,7.0,711
2022-02-06,ML,Mali,AFRO,148.0,30156,4.0,715
2022-02-13,ML,Mali,AFRO,95.0,30251,0.0,715
2022-02-20,ML,Mali,AFRO,87.0,30338,2.0,717
2022-02-27,ML,Mali,AFRO,33.0,30371,5.0,722
2022-03-06,ML,Mali,AFRO,27.0,30398,2.0,724
2022-03-13,ML,Mali,AFRO,16.0,30414,2.0,726
2022-03-20,ML,Mali,AFRO,34.0,30448,1.0,727
2022-03-27,ML,Mali,AFRO,22.0,30470,0.0,727
2022-04-03,ML,Mali,AFRO,23.0,30493,1.0,728
2022-04-10,ML,Mali,AFRO,53.0,30546,1.0,729
2022-04-17,ML,Mali,AFRO,105.0,30651,0.0,729
2022-04-24,ML,Mali,AFRO,76.0,30727,2.0,731
2022-05-01,ML,Mali,AFRO,106.0,30833,1.0,732
2022-05-08,ML,Mali,AFRO,94.0,30927,1.0,733
2022-05-15,ML,Mali,AFRO,76.0,31003,0.0,733
2022-05-22,ML,Mali,AFRO,51.0,31054,1.0,734
2022-05-29,ML,Mali,AFRO,34.0,31088,0.0,734
2022-06-05,ML,Mali,AFRO,21.0,31109,1.0,735
2022-06-12,ML,Mali,AFRO,13.0,31122,0.0,735
2022-06-19,ML,Mali,AFRO,15.0,31137,1.0,736
2022-06-26,ML,Mali,AFRO,16.0,31153,1.0,737
2022-07-03,ML,Mali,AFRO,18.0,31171,0.0,737
2022-07-10,ML,Mali,AFRO,15.0,31186,0.0,737
2022-07-17,ML,Mali,AFRO,12.0,31198,0.0,737
2022-07-24,ML,Mali,AFRO,14.0,31212,0.0,737
2022-07-31,ML,Mali,AFRO,10.0,31222,2.0,739
2022-08-07,ML,Mali,AFRO,14.0,31236,0.0,739
2022-08-14,ML,Mali,AFRO,8.0,31244,0.0,739
2022-08-21,ML,Mali,AFRO,15.0,31259,0.0,739
2022-08-28,ML,Mali,AFRO,55.0,31314,0.0,739
2022-09-04,ML,Mali,AFRO,262.0,31576,0.0,739
2022-09-11,ML,Mali,AFRO,629.0,32205,0.0,739
2022-09-18,ML,Mali,AFRO,292.0,32497,0.0,739
2022-09-25,ML,Mali,AFRO,104.0,32601,2.0,741
2022-10-02,ML,Mali,AFRO,40.0,32641,1.0,742
2022-10-09,ML,Mali,AFRO,56.0,32697,0.0,742
2022-10-16,ML,Mali,AFRO,9.0,32706,0.0,742
2022-10-23,ML,Mali,AFRO,9.0,32715,0.0,742
2022-10-30,ML,Mali,AFRO,16.0,32731,0.0,742
2022-11-06,ML,Mali,AFRO,7.0,32738,0.0,742
2022-11-13,ML,Mali,AFRO,7.0,32745,0.0,742
2022-11-20,ML,Mali,AFRO,10.0,32755,0.0,742
2022-11-27,ML,Mali,AFRO,3.0,32758,0.0,742
2022-12-04,ML,Mali,AFRO,2.0,32760,0.0,742
2022-12-11,ML,Mali,AFRO,3.0,32763,0.0,742
2022-12-18,ML,Mali,AFRO,4.0,32767,1.0,743
2022-12-25,ML,Mali,AFRO,1.0,32768,0.0,743
2023-01-01,ML,Mali,AFRO,2.0,32770,0.0,743
2023-01-08,ML,Mali,AFRO,1.0,32771,0.0,743
2023-01-15,ML,Mali,AFRO,1.0,32772,0.0,743
2023-01-22,ML,Mali,AFRO,3.0,32775,0.0,743
2023-01-29,ML,Mali,AFRO,3.0,32778,0.0,743
2023-02-05,ML,Mali,AFRO,12.0,32790,0.0,743
2023-02-12,ML,Mali,AFRO,43.0,32833,0.0,743
2023-02-19,ML,Mali,AFRO,62.0,32895,0.0,743
2023-02-26,ML,Mali,AFRO,102.0,32997,0.0,743
2023-03-05,ML,Mali,AFRO,57.0,33054,0.0,743
2023-03-12,ML,Mali,AFRO,11.0,33065,0.0,743
2023-03-19,ML,Mali,AFRO,9.0,33074,0.0,743
2023-03-26,ML,Mali,AFRO,32.0,33106,0.0,743
2023-04-02,ML,Mali,AFRO,11.0,33117,0.0,743
2023-04-09,ML,Mali,AFRO,5.0,33122,0.0,743
2023-04-16,ML,Mali,AFRO,12.0,33134,0.0,743
2023-04-23,ML,Mali,AFRO,10.0,33144,0.0,743
2023-04-30,ML,Mali,AFRO,0.0,33144,0.0,743
2023-05-07,ML,Mali,AFRO,0.0,33144,0.0,743
2023-05-14,ML,Mali,AFRO,3.0,33147,0.0,743
2023-05-21,ML,Mali,AFRO,1.0,33148,0.0,743
2023-05-28,ML,Mali,AFRO,0.0,33148,0.0,743
2023-06-04,ML,Mali,AFRO,2.0,33150,0.0,743
2023-06-11,ML,Mali,AFRO,0.0,33150,0.0,743
2023-06-18,ML,Mali,AFRO,0.0,33150,0.0,743
2023-06-25,ML,Mali,AFRO,1.0,33151,0.0,743
2023-07-02,ML,Mali,AFRO,0.0,33151,0.0,743
2023-07-09,ML,Mali,AFRO,0.0,33151,0.0,743
2023-07-16,ML,Mali,AFRO,0.0,33151,0.0,743
2023-07-23,ML,Mali,AFRO,0.0,33151,0.0,743
2023-07-30,ML,Mali,AFRO,0.0,33151,0.0,743
2023-08-06,ML,Mali,AFRO,0.0,33151,0.0,743
2023-08-13,ML,Mali,AFRO,0.0,33151,0.0,743
2023-08-20,ML,Mali,AFRO,1.0,33152,0.0,743
2023-08-27,ML,Mali,AFRO,1.0,33153,0.0,743
2023-09-03,ML,Mali,AFRO,0.0,33153,0.0,743
2023-09-10,ML,Mali,AFRO,1.0,33154,0.0,743
2023-09-17,ML,Mali,AFRO,3.0,33157,0.0,743
2023-09-24,ML,Mali,AFRO,0.0,33157,0.0,743
2023-10-01,ML,Mali,AFRO,0.0,33157,0.0,743
2023-10-08,ML,Mali,AFRO,0.0,33157,0.0,743
2023-10-15,ML,Mali,AFRO,1.0,33158,0.0,743
2023-10-22,ML,Mali,AFRO,1.0,33159,0.0,743
2023-10-29,ML,Mali,AFRO,1.0,33160,0.0,743
2023-11-05,ML,Mali,AFRO,1.0,33161,0.0,743
2023-11-12,ML,Mali,AFRO,0.0,33161,0.0,743
2023-11-19,ML,Mali,AFRO,0.0,33161,0.0,743
2023-11-26,ML,Mali,AFRO,0.0,33161,0.0,743
2023-12-03,ML,Mali,AFRO,1.0,33162,0.0,743
2023-12-10,ML,Mali,AFRO,0.0,33162,0.0,743
2023-12-17,ML,Mali,AFRO,2.0,33164,0.0,743
2023-12-24,ML,Mali,AFRO,0.0,33164,0.0,743
2023-12-31,ML,Mali,AFRO,0.0,33164,0.0,743
2024-01-07,ML,Mali,AFRO,0.0,33164,0.0,743
2024-01-14,ML,Mali,AFRO,0.0,33164,0.0,743
2024-01-21,ML,Mali,AFRO,0.0,33164,0.0,743
2024-01-28,ML,Mali,AFRO,0.0,33164,0.0,743
2024-02-04,ML,Mali,AFRO,0.0,33164,0.0,743
2024-02-11,ML,Mali,AFRO,0.0,33164,0.0,743
2024-02-18,ML,Mali,AFRO,0.0,33164,0.0,743
2024-02-25,ML,Mali,AFRO,0.0,33164,0.0,743
2024-03-03,ML,Mali,AFRO,0.0,33164,0.0,743
2024-03-10,ML,Mali,AFRO,0.0,33164,0.0,743
2024-03-17,ML,Mali,AFRO,0.0,33164,0.0,743
2024-03-24,ML,Mali,AFRO,0.0,33164,0.0,743
2024-03-31,ML,Mali,AFRO,0.0,33164,0.0,743
2024-04-07,ML,Mali,AFRO,0.0,33164,0.0,743
2024-04-14,ML,Mali,AFRO,0.0,33164,0.0,743
2024-04-21,ML,Mali,AFRO,0.0,33164,0.0,743
2024-04-28,ML,Mali,AFRO,0.0,33164,0.0,743
