Date_reported,Country_code,Country,WHO_region,New_cases,Cumulative_cases,New_deaths,Cumulative_deaths
2020-03-15,MN,Mongolia,WPRO,1.0,1,0.0,0
2020-03-22,MN,Mongolia,WPRO,9.0,10,0.0,0
2020-03-29,MN,Mongolia,WPRO,2.0,12,0.0,0
2020-04-05,MN,Mongolia,WPRO,2.0,14,0.0,0
2020-04-12,MN,Mongolia,WPRO,2.0,16,0.0,0
2020-04-19,MN,Mongolia,WPRO,16.0,32,0.0,0
2020-04-26,MN,Mongolia,WPRO,6.0,38,0.0,0
2020-05-03,MN,Mongolia,WPRO,1.0,39,0.0,0
2020-05-10,MN,Mongolia,WPRO,3.0,42,0.0,0
2020-05-17,MN,Mongolia,WPRO,94.0,136,0.0,0
2020-05-24,MN,Mongolia,WPRO,5.0,141,0.0,0
2020-05-31,MN,Mongolia,WPRO,38.0,179,0.0,0
2020-06-07,MN,Mongolia,WPRO,14.0,193,0.0,0
2020-06-14,MN,Mongolia,WPRO,4.0,197,0.0,0
2020-06-21,MN,Mongolia,WPRO,7.0,204,0.0,0
2020-06-28,MN,Mongolia,WPRO,15.0,219,0.0,0
2020-07-05,MN,Mongolia,WPRO,1.0,220,0.0,0
2020-07-12,MN,Mongolia,WPRO,10.0,230,0.0,0
2020-07-19,MN,Mongolia,WPRO,57.0,287,0.0,0
2020-07-26,MN,Mongolia,WPRO,1.0,288,0.0,0
2020-08-02,MN,Mongolia,WPRO,5.0,293,0.0,0
2020-08-09,MN,Mongolia,WPRO,0.0,293,0.0,0
2020-08-16,MN,Mongolia,WPRO,5.0,298,0.0,0
2020-08-23,MN,Mongolia,WPRO,0.0,298,0.0,0
2020-08-30,MN,Mongolia,WPRO,3.0,301,0.0,0
2020-09-06,MN,Mongolia,WPRO,9.0,310,0.0,0
2020-09-13,MN,Mongolia,WPRO,1.0,311,0.0,0
2020-09-20,MN,Mongolia,WPRO,0.0,311,0.0,0
2020-09-27,MN,Mongolia,WPRO,2.0,313,0.0,0
2020-10-04,MN,Mongolia,WPRO,0.0,313,0.0,0
2020-10-11,MN,Mongolia,WPRO,2.0,315,0.0,0
2020-10-18,MN,Mongolia,WPRO,5.0,320,0.0,0
2020-10-25,MN,Mongolia,WPRO,17.0,337,0.0,0
2020-11-01,MN,Mongolia,WPRO,9.0,346,0.0,0
2020-11-08,MN,Mongolia,WPRO,11.0,357,0.0,0
2020-11-15,MN,Mongolia,WPRO,59.0,416,0.0,0
2020-11-22,MN,Mongolia,WPRO,213.0,629,0.0,0
2020-11-29,MN,Mongolia,WPRO,155.0,784,0.0,0
2020-12-06,MN,Mongolia,WPRO,65.0,849,0.0,0
2020-12-13,MN,Mongolia,WPRO,58.0,907,0.0,0
2020-12-20,MN,Mongolia,WPRO,54.0,961,1.0,1
2020-12-27,MN,Mongolia,WPRO,160.0,1121,0.0,1
2021-01-03,MN,Mongolia,WPRO,165.0,1286,0.0,1
2021-01-10,MN,Mongolia,WPRO,156.0,1442,0.0,1
2021-01-17,MN,Mongolia,WPRO,84.0,1526,0.0,1
2021-01-24,MN,Mongolia,WPRO,117.0,1643,1.0,2
2021-01-31,MN,Mongolia,WPRO,171.0,1814,0.0,2
2021-02-07,MN,Mongolia,WPRO,259.0,2073,0.0,2
2021-02-14,MN,Mongolia,WPRO,310.0,2383,0.0,2
2021-02-21,MN,Mongolia,WPRO,310.0,2693,0.0,2
2021-02-28,MN,Mongolia,WPRO,259.0,2952,0.0,2
2021-03-07,MN,Mongolia,WPRO,384.0,3336,1.0,3
2021-03-14,MN,Mongolia,WPRO,747.0,4083,1.0,4
2021-03-21,MN,Mongolia,WPRO,1103.0,5186,1.0,5
2021-03-28,MN,Mongolia,WPRO,2403.0,7589,1.0,6
2021-04-04,MN,Mongolia,WPRO,3231.0,10820,6.0,12
2021-04-11,MN,Mongolia,WPRO,4898.0,15718,11.0,23
2021-04-18,MN,Mongolia,WPRO,7166.0,22884,26.0,49
2021-04-25,MN,Mongolia,WPRO,8455.0,31339,34.0,83
2021-05-02,MN,Mongolia,WPRO,8042.0,39381,48.0,131
2021-05-09,MN,Mongolia,WPRO,6078.0,45459,34.0,165
2021-05-16,MN,Mongolia,WPRO,3716.0,49175,37.0,202
2021-05-23,MN,Mongolia,WPRO,3925.0,53100,21.0,223
2021-05-30,MN,Mongolia,WPRO,5339.0,58439,30.0,253
2021-06-06,MN,Mongolia,WPRO,8004.0,66443,35.0,288
2021-06-13,MN,Mongolia,WPRO,11904.0,78347,57.0,345
2021-06-20,MN,Mongolia,WPRO,17472.0,95819,74.0,419
2021-06-27,MN,Mongolia,WPRO,15686.0,111505,60.0,479
2021-07-04,MN,Mongolia,WPRO,15306.0,126811,69.0,548
2021-07-11,MN,Mongolia,WPRO,12473.0,139284,57.0,605
2021-07-18,MN,Mongolia,WPRO,10449.0,149733,32.0,637
2021-07-25,MN,Mongolia,WPRO,8241.0,157974,51.0,688
2021-08-01,MN,Mongolia,WPRO,9255.0,167229,34.0,722
2021-08-08,MN,Mongolia,WPRO,8331.0,175560,31.0,753
2021-08-15,MN,Mongolia,WPRO,8092.0,183652,23.0,776
2021-08-22,MN,Mongolia,WPRO,11593.0,195245,26.0,802
2021-08-29,MN,Mongolia,WPRO,16030.0,211275,33.0,835
2021-09-05,MN,Mongolia,WPRO,24999.0,236274,50.0,885
2021-09-12,MN,Mongolia,WPRO,32709.0,268983,88.0,973
2021-09-19,MN,Mongolia,WPRO,38895.0,307878,73.0,1046
2021-09-26,MN,Mongolia,WPRO,50789.0,358667,106.0,1152
2021-10-03,MN,Mongolia,WPRO,46698.0,405365,122.0,1274
2021-10-10,MN,Mongolia,WPRO,46988.0,452353,103.0,1377
2021-10-17,MN,Mongolia,WPRO,46550.0,498903,106.0,1483
2021-10-24,MN,Mongolia,WPRO,40294.0,539197,110.0,1593
2021-10-31,MN,Mongolia,WPRO,53797.0,592994,79.0,1672
2021-11-07,MN,Mongolia,WPRO,27029.0,620023,72.0,1744
2021-11-14,MN,Mongolia,WPRO,18494.0,638517,71.0,1815
2021-11-21,MN,Mongolia,WPRO,16310.0,654827,60.0,1875
2021-11-28,MN,Mongolia,WPRO,12534.0,667361,47.0,1922
2021-12-05,MN,Mongolia,WPRO,9498.0,676859,22.0,1944
2021-12-12,MN,Mongolia,WPRO,5868.0,682727,19.0,1963
2021-12-19,MN,Mongolia,WPRO,4705.0,687432,9.0,1972
2021-12-26,MN,Mongolia,WPRO,3518.0,690950,9.0,1981
2022-01-02,MN,Mongolia,WPRO,2899.0,693849,6.0,1987
2022-01-09,MN,Mongolia,WPRO,12137.0,705986,14.0,2001
2022-01-16,MN,Mongolia,WPRO,35696.0,741682,12.0,2013
2022-01-23,MN,Mongolia,WPRO,53226.0,794908,8.0,2021
2022-01-30,MN,Mongolia,WPRO,46940.0,841848,15.0,2036
2022-02-06,MN,Mongolia,WPRO,19128.0,860976,19.0,2055
2022-02-13,MN,Mongolia,WPRO,26778.0,887754,19.0,2074
2022-02-20,MN,Mongolia,WPRO,11952.0,899706,13.0,2087
2022-02-27,MN,Mongolia,WPRO,8451.0,908157,9.0,2096
2022-03-06,MN,Mongolia,WPRO,5098.0,913255,8.0,2104
2022-03-13,MN,Mongolia,WPRO,2556.0,915811,1.0,2105
2022-03-20,MN,Mongolia,WPRO,1402.0,917213,3.0,2108
2022-03-27,MN,Mongolia,WPRO,1691.0,918904,0.0,2108
2022-04-03,MN,Mongolia,WPRO,640.0,919544,0.0,2108
2022-04-10,MN,Mongolia,WPRO,460.0,920004,0.0,2108
2022-04-17,MN,Mongolia,WPRO,202.0,920206,0.0,2108
2022-04-24,MN,Mongolia,WPRO,230.0,920436,0.0,2108
2022-05-01,MN,Mongolia,WPRO,989.0,921425,2.0,2110
2022-05-08,MN,Mongolia,WPRO,802.0,922227,1.0,2111
2022-05-15,MN,Mongolia,WPRO,0.0,922227,2.0,2113
2022-05-22,MN,Mongolia,WPRO,1808.0,924035,1.0,2114
2022-05-29,MN,Mongolia,WPRO,1038.0,925073,1.0,2115
2022-06-05,MN,Mongolia,WPRO,2199.0,927272,1.0,2116
2022-06-12,MN,Mongolia,WPRO,741.0,928013,0.0,2116
2022-06-19,MN,Mongolia,WPRO,573.0,928586,0.0,2116
2022-06-26,MN,Mongolia,WPRO,0.0,928586,0.0,2116
2022-07-03,MN,Mongolia,WPRO,395.0,928981,2.0,2118
2022-07-10,MN,Mongolia,WPRO,672.0,929653,1.0,2119
2022-07-17,MN,Mongolia,WPRO,1024.0,930677,0.0,2119
2022-07-24,MN,Mongolia,WPRO,7066.0,937743,0.0,2119
2022-07-31,MN,Mongolia,WPRO,9279.0,947022,0.0,2119
2022-08-07,MN,Mongolia,WPRO,13970.0,960992,4.0,2123
2022-08-14,MN,Mongolia,WPRO,5431.0,966423,0.0,2123
2022-08-21,MN,Mongolia,WPRO,7810.0,974233,2.0,2125
2022-08-28,MN,Mongolia,WPRO,3023.0,977256,3.0,2128
2022-09-04,MN,Mongolia,WPRO,2388.0,979644,1.0,2129
2022-09-11,MN,Mongolia,WPRO,1506.0,981150,1.0,2130
2022-09-18,MN,Mongolia,WPRO,1157.0,982307,1.0,2131
2022-09-25,MN,Mongolia,WPRO,393.0,982700,0.0,2131
2022-10-02,MN,Mongolia,WPRO,304.0,983004,0.0,2131
2022-10-09,MN,Mongolia,WPRO,606.0,983610,0.0,2131
2022-10-16,MN,Mongolia,WPRO,378.0,983988,0.0,2131
2022-10-23,MN,Mongolia,WPRO,343.0,984331,0.0,2131
2022-10-30,MN,Mongolia,WPRO,492.0,984823,0.0,2131
2022-11-06,MN,Mongolia,WPRO,829.0,985652,0.0,2131
2022-11-13,MN,Mongolia,WPRO,1588.0,987240,1.0,2132
2022-11-20,MN,Mongolia,WPRO,2473.0,989713,2.0,2134
2022-11-27,MN,Mongolia,WPRO,2388.0,992101,0.0,2134
2022-12-04,MN,Mongolia,WPRO,1271.0,993372,1.0,2135
2022-12-11,MN,Mongolia,WPRO,707.0,994079,0.0,2135
2022-12-18,MN,Mongolia,WPRO,12991.0,1007070,0.0,2135
2022-12-25,MN,Mongolia,WPRO,244.0,1007314,1.0,2136
2023-01-01,MN,Mongolia,WPRO,108.0,1007422,0.0,2136
2023-01-08,MN,Mongolia,WPRO,343.0,1007765,0.0,2136
2023-01-15,MN,Mongolia,WPRO,61.0,1007826,0.0,2136
2023-01-22,MN,Mongolia,WPRO,31.0,1007857,0.0,2136
2023-01-29,MN,Mongolia,WPRO,12.0,1007869,0.0,2136
2023-02-05,MN,Mongolia,WPRO,7.0,1007876,0.0,2136
2023-02-12,MN,Mongolia,WPRO,18.0,1007894,0.0,2136
2023-02-19,MN,Mongolia,WPRO,1.0,1007895,0.0,2136
2023-02-26,MN,Mongolia,WPRO,2.0,1007897,0.0,2136
2023-03-05,MN,Mongolia,WPRO,3.0,1007900,0.0,2136
2023-03-12,MN,Mongolia,WPRO,5.0,1007905,0.0,2136
2023-03-19,MN,Mongolia,WPRO,2.0,1007907,0.0,2136
2023-03-26,MN,Mongolia,WPRO,4.0,1007911,0.0,2136
2023-04-02,MN,Mongolia,WPRO,9.0,1007920,0.0,2136
2023-04-09,MN,Mongolia,WPRO,0.0,1007920,0.0,2136
2023-04-16,MN,Mongolia,WPRO,23.0,1007943,0.0,2136
2023-04-23,MN,Mongolia,WPRO,27.0,1007970,0.0,2136
2023-04-30,MN,Mongolia,WPRO,29.0,1007999,0.0,2136
2023-05-07,MN,Mongolia,WPRO,39.0,1008038,0.0,2136
2023-05-14,MN,Mongolia,WPRO,227.0,1008265,0.0,2136
2023-05-21,MN,Mongolia,WPRO,390.0,1008655,0.0,2136
2023-05-28,MN,Mongolia,WPRO,671.0,1009326,0.0,2136
2023-06-04,MN,Mongolia,WPRO,708.0,1010034,0.0,2136
2023-06-11,MN,Mongolia,WPRO,369.0,1010403,0.0,2136
2023-06-18,MN,Mongolia,WPRO,277.0,1010680,0.0,2136
2023-06-25,MN,Mongolia,WPRO,116.0,1010796,0.0,2136
2023-07-02,MN,Mongolia,WPRO,54.0,1010850,0.0,2136
2023-07-09,MN,Mongolia,WPRO,29.0,1010879,0.0,2136
2023-07-16,MN,Mongolia,WPRO,6.0,1010885,0.0,2136
2023-07-23,MN,Mongolia,WPRO,6.0,1010891,0.0,2136
2023-07-30,MN,Mongolia,WPRO,7.0,1010898,0.0,2136
2023-08-06,MN,Mongolia,WPRO,9.0,1010907,0.0,2136
2023-08-13,MN,Mongolia,WPRO,8.0,1010915,0.0,2136
2023-08-20,MN,Mongolia,WPRO,4.0,1010919,0.0,2136
2023-08-27,MN,Mongolia,WPRO,9.0,1010928,0.0,2136
2023-09-03,MN,Mongolia,WPRO,11.0,1010939,0.0,2136
2023-09-10,MN,Mongolia,WPRO,16.0,1010955,0.0,2136
2023-09-17,MN,Mongolia,WPRO,34.0,1010989,0.0,2136
2023-09-24,MN,Mongolia,WPRO,41.0,1011030,0.0,2136
2023-10-01,MN,Mongolia,WPRO,30.0,1011060,0.0,2136
2023-10-08,MN,Mongolia,WPRO,24.0,1011084,0.0,2136
2023-10-15,MN,Mongolia,WPRO,18.0,1011102,0.0,2136
2023-10-22,MN,Mongolia,WPRO,18.0,1011120,0.0,2136
2023-10-29,MN,Mongolia,WPRO,18.0,1011138,0.0,2136
2023-11-05,MN,Mongolia,WPRO,21.0,1011159,0.0,2136
2023-11-12,MN,Mongolia,WPRO,16.0,1011175,0.0,2136
2023-11-19,MN,Mongolia,WPRO,19.0,1011194,0.0,2136
2023-11-26,MN,Mongolia,WPRO,17.0,1011211,0.0,2136
2023-12-03,MN,Mongolia,WPRO,22.0,1011233,0.0,2136
2023-12-10,MN,Mongolia,WPRO,34.0,1011267,0.0,2136
2023-12-17,MN,Mongolia,WPRO,35.0,1011302,0.0,2136
2023-12-24,MN,Mongolia,WPRO,19.0,1011321,0.0,2136
2023-12-31,MN,Mongolia,WPRO,13.0,1011334,0.0,2136
2024-01-07,MN,Mongolia,WPRO,11.0,1011345,0.0,2136
2024-01-14,MN,Mongolia,WPRO,12.0,1011357,0.0,2136
2024-01-21,MN,Mongolia,WPRO,8.0,1011365,0.0,2136
2024-01-28,MN,Mongolia,WPRO,2.0,1011367,0.0,2136
2024-02-04,MN,Mongolia,WPRO,3.0,1011370,0.0,2136
2024-02-11,MN,Mongolia,WPRO,3.0,1011373,0.0,2136
2024-02-18,MN,Mongolia,WPRO,11.0,1011384,0.0,2136
2024-02-25,MN,Mongolia,WPRO,9.0,1011393,0.0,2136
2024-03-03,MN,Mongolia,WPRO,11.0,1011404,0.0,2136
2024-03-10,MN,Mongolia,WPRO,6.0,1011410,0.0,2136
2024-03-17,MN,Mongolia,WPRO,7.0,1011417,0.0,2136
2024-03-24,MN,Mongolia,WPRO,4.0,1011421,0.0,2136
2024-03-31,MN,Mongolia,WPRO,10.0,1011431,0.0,2136
2024-04-07,MN,Mongolia,WPRO,9.0,1011440,0.0,2136
2024-04-14,MN,Mongolia,WPRO,8.0,1011448,0.0,2136
2024-04-21,MN,Mongolia,WPRO,7.0,1011455,0.0,2136
2024-04-28,MN,Mongolia,WPRO,8.0,1011463,0.0,2136
