Date_reported,Country_code,Country,WHO_region,New_cases,Cumulative_cases,New_deaths,Cumulative_deaths
2020-04-05,MP,Northern Mariana Islands,WPRO,8.0,8,1.0,1
2020-04-12,MP,Northern Mariana Islands,WPRO,3.0,11,1.0,2
2020-04-19,MP,Northern Mariana Islands,WPRO,3.0,14,0.0,2
2020-04-26,MP,Northern Mariana Islands,WPRO,0.0,14,0.0,2
2020-05-03,MP,Northern Mariana Islands,WPRO,0.0,14,0.0,2
2020-05-10,MP,Northern Mariana Islands,WPRO,2.0,16,0.0,2
2020-05-17,MP,Northern Mariana Islands,WPRO,5.0,21,0.0,2
2020-05-24,MP,Northern Mariana Islands,WPRO,1.0,22,0.0,2
2020-05-31,MP,Northern Mariana Islands,WPRO,0.0,22,0.0,2
2020-06-07,MP,Northern Mariana Islands,WPRO,4.0,26,0.0,2
2020-06-14,MP,Northern Mariana Islands,WPRO,4.0,30,0.0,2
2020-06-21,MP,Northern Mariana Islands,WPRO,0.0,30,0.0,2
2020-06-28,MP,Northern Mariana Islands,WPRO,0.0,30,0.0,2
2020-07-05,MP,Northern Mariana Islands,WPRO,1.0,31,0.0,2
2020-07-12,MP,Northern Mariana Islands,WPRO,2.0,33,0.0,2
2020-07-19,MP,Northern Mariana Islands,WPRO,4.0,37,0.0,2
2020-07-26,MP,Northern Mariana Islands,WPRO,2.0,39,0.0,2
2020-08-02,MP,Northern Mariana Islands,WPRO,5.0,44,0.0,2
2020-08-09,MP,Northern Mariana Islands,WPRO,4.0,48,0.0,2
2020-08-16,MP,Northern Mariana Islands,WPRO,2.0,50,0.0,2
2020-08-23,MP,Northern Mariana Islands,WPRO,4.0,54,0.0,2
2020-08-30,MP,Northern Mariana Islands,WPRO,2.0,56,0.0,2
2020-09-06,MP,Northern Mariana Islands,WPRO,2.0,58,0.0,2
2020-09-13,MP,Northern Mariana Islands,WPRO,2.0,60,0.0,2
2020-09-20,MP,Northern Mariana Islands,WPRO,8.0,68,0.0,2
2020-09-27,MP,Northern Mariana Islands,WPRO,2.0,70,0.0,2
2020-10-04,MP,Northern Mariana Islands,WPRO,3.0,73,0.0,2
2020-10-11,MP,Northern Mariana Islands,WPRO,4.0,77,0.0,2
2020-10-18,MP,Northern Mariana Islands,WPRO,9.0,86,0.0,2
2020-10-25,MP,Northern Mariana Islands,WPRO,2.0,88,0.0,2
2020-11-01,MP,Northern Mariana Islands,WPRO,8.0,96,0.0,2
2020-11-08,MP,Northern Mariana Islands,WPRO,2.0,98,0.0,2
2020-11-15,MP,Northern Mariana Islands,WPRO,4.0,102,0.0,2
2020-11-22,MP,Northern Mariana Islands,WPRO,2.0,104,0.0,2
2020-11-29,MP,Northern Mariana Islands,WPRO,1.0,105,0.0,2
2020-12-06,MP,Northern Mariana Islands,WPRO,4.0,109,0.0,2
2020-12-13,MP,Northern Mariana Islands,WPRO,4.0,113,0.0,2
2020-12-20,MP,Northern Mariana Islands,WPRO,3.0,116,0.0,2
2020-12-27,MP,Northern Mariana Islands,WPRO,6.0,122,0.0,2
2021-01-03,MP,Northern Mariana Islands,WPRO,2.0,124,0.0,2
2021-01-10,MP,Northern Mariana Islands,WPRO,1.0,125,0.0,2
2021-01-17,MP,Northern Mariana Islands,WPRO,4.0,129,0.0,2
2021-01-24,MP,Northern Mariana Islands,WPRO,3.0,132,0.0,2
2021-01-31,MP,Northern Mariana Islands,WPRO,0.0,132,0.0,2
2021-02-07,MP,Northern Mariana Islands,WPRO,1.0,133,0.0,2
2021-02-14,MP,Northern Mariana Islands,WPRO,1.0,134,0.0,2
2021-02-21,MP,Northern Mariana Islands,WPRO,9.0,143,0.0,2
2021-02-28,MP,Northern Mariana Islands,WPRO,0.0,143,0.0,2
2021-03-07,MP,Northern Mariana Islands,WPRO,2.0,145,0.0,2
2021-03-14,MP,Northern Mariana Islands,WPRO,9.0,154,0.0,2
2021-03-21,MP,Northern Mariana Islands,WPRO,3.0,157,0.0,2
2021-03-28,MP,Northern Mariana Islands,WPRO,2.0,159,0.0,2
2021-04-04,MP,Northern Mariana Islands,WPRO,0.0,159,0.0,2
2021-04-11,MP,Northern Mariana Islands,WPRO,1.0,160,0.0,2
2021-04-18,MP,Northern Mariana Islands,WPRO,2.0,162,0.0,2
2021-04-25,MP,Northern Mariana Islands,WPRO,2.0,164,0.0,2
2021-05-02,MP,Northern Mariana Islands,WPRO,4.0,168,0.0,2
2021-05-09,MP,Northern Mariana Islands,WPRO,2.0,170,0.0,2
2021-05-16,MP,Northern Mariana Islands,WPRO,3.0,173,0.0,2
2021-05-23,MP,Northern Mariana Islands,WPRO,8.0,181,0.0,2
2021-05-30,MP,Northern Mariana Islands,WPRO,2.0,183,0.0,2
2021-06-06,MP,Northern Mariana Islands,WPRO,0.0,183,0.0,2
2021-06-13,MP,Northern Mariana Islands,WPRO,0.0,183,0.0,2
2021-06-20,MP,Northern Mariana Islands,WPRO,0.0,183,0.0,2
2021-06-27,MP,Northern Mariana Islands,WPRO,0.0,183,0.0,2
2021-07-04,MP,Northern Mariana Islands,WPRO,0.0,183,0.0,2
2021-07-11,MP,Northern Mariana Islands,WPRO,2.0,185,0.0,2
2021-07-18,MP,Northern Mariana Islands,WPRO,2.0,187,0.0,2
2021-07-25,MP,Northern Mariana Islands,WPRO,3.0,190,0.0,2
2021-08-01,MP,Northern Mariana Islands,WPRO,6.0,196,0.0,2
2021-08-08,MP,Northern Mariana Islands,WPRO,10.0,206,0.0,2
2021-08-15,MP,Northern Mariana Islands,WPRO,8.0,214,0.0,2
2021-08-22,MP,Northern Mariana Islands,WPRO,10.0,224,0.0,2
2021-08-29,MP,Northern Mariana Islands,WPRO,17.0,241,0.0,2
2021-09-05,MP,Northern Mariana Islands,WPRO,7.0,248,0.0,2
2021-09-12,MP,Northern Mariana Islands,WPRO,3.0,251,0.0,2
2021-09-19,MP,Northern Mariana Islands,WPRO,12.0,263,0.0,2
2021-09-26,MP,Northern Mariana Islands,WPRO,3.0,266,0.0,2
2021-10-03,MP,Northern Mariana Islands,WPRO,6.0,272,0.0,2
2021-10-10,MP,Northern Mariana Islands,WPRO,5.0,277,1.0,3
2021-10-17,MP,Northern Mariana Islands,WPRO,11.0,288,0.0,3
2021-10-24,MP,Northern Mariana Islands,WPRO,3.0,291,0.0,3
2021-10-31,MP,Northern Mariana Islands,WPRO,21.0,312,0.0,3
2021-11-07,MP,Northern Mariana Islands,WPRO,39.0,351,0.0,3
2021-11-14,MP,Northern Mariana Islands,WPRO,38.0,389,0.0,3
2021-11-21,MP,Northern Mariana Islands,WPRO,75.0,464,0.0,3
2021-11-28,MP,Northern Mariana Islands,WPRO,323.0,787,0.0,3
2021-12-05,MP,Northern Mariana Islands,WPRO,317.0,1104,2.0,5
2021-12-12,MP,Northern Mariana Islands,WPRO,804.0,1908,1.0,6
2021-12-19,MP,Northern Mariana Islands,WPRO,514.0,2422,2.0,8
2021-12-26,MP,Northern Mariana Islands,WPRO,471.0,2893,3.0,11
2022-01-02,MP,Northern Mariana Islands,WPRO,404.0,3297,6.0,17
2022-01-09,MP,Northern Mariana Islands,WPRO,350.0,3647,3.0,20
2022-01-16,MP,Northern Mariana Islands,WPRO,299.0,3946,1.0,21
2022-01-23,MP,Northern Mariana Islands,WPRO,300.0,4246,1.0,22
2022-01-30,MP,Northern Mariana Islands,WPRO,618.0,4864,1.0,23
2022-02-06,MP,Northern Mariana Islands,WPRO,1238.0,6102,0.0,23
2022-02-13,MP,Northern Mariana Islands,WPRO,1428.0,7530,0.0,23
2022-02-20,MP,Northern Mariana Islands,WPRO,1114.0,8644,3.0,26
2022-02-27,MP,Northern Mariana Islands,WPRO,870.0,9514,4.0,30
2022-03-06,MP,Northern Mariana Islands,WPRO,612.0,10126,0.0,30
2022-03-13,MP,Northern Mariana Islands,WPRO,253.0,10379,0.0,30
2022-03-20,MP,Northern Mariana Islands,WPRO,310.0,10689,1.0,31
2022-03-27,MP,Northern Mariana Islands,WPRO,333.0,11022,2.0,33
2022-04-03,MP,Northern Mariana Islands,WPRO,43.0,11065,0.0,33
2022-04-10,MP,Northern Mariana Islands,WPRO,93.0,11158,0.0,33
2022-04-17,MP,Northern Mariana Islands,WPRO,44.0,11202,1.0,34
2022-04-24,MP,Northern Mariana Islands,WPRO,19.0,11221,0.0,34
2022-05-01,MP,Northern Mariana Islands,WPRO,42.0,11263,0.0,34
2022-05-08,MP,Northern Mariana Islands,WPRO,18.0,11281,0.0,34
2022-05-15,MP,Northern Mariana Islands,WPRO,24.0,11305,0.0,34
2022-05-22,MP,Northern Mariana Islands,WPRO,10.0,11315,0.0,34
2022-05-29,MP,Northern Mariana Islands,WPRO,18.0,11333,0.0,34
2022-06-05,MP,Northern Mariana Islands,WPRO,33.0,11366,0.0,34
2022-06-12,MP,Northern Mariana Islands,WPRO,39.0,11405,0.0,34
2022-06-19,MP,Northern Mariana Islands,WPRO,77.0,11482,0.0,34
2022-06-26,MP,Northern Mariana Islands,WPRO,87.0,11569,0.0,34
2022-07-03,MP,Northern Mariana Islands,WPRO,190.0,11759,1.0,35
2022-07-10,MP,Northern Mariana Islands,WPRO,0.0,11759,0.0,35
2022-07-17,MP,Northern Mariana Islands,WPRO,434.0,12193,0.0,35
2022-07-24,MP,Northern Mariana Islands,WPRO,380.0,12573,2.0,37
2022-07-31,MP,Northern Mariana Islands,WPRO,159.0,12732,1.0,38
2022-08-07,MP,Northern Mariana Islands,WPRO,1.0,12733,0.0,38
2022-08-14,MP,Northern Mariana Islands,WPRO,215.0,12948,1.0,39
2022-08-21,MP,Northern Mariana Islands,WPRO,0.0,12948,1.0,40
2022-08-28,MP,Northern Mariana Islands,WPRO,175.0,13123,0.0,40
2022-09-04,MP,Northern Mariana Islands,WPRO,24.0,13147,0.0,40
2022-09-11,MP,Northern Mariana Islands,WPRO,7.0,13154,0.0,40
2022-09-18,MP,Northern Mariana Islands,WPRO,1.0,13155,0.0,40
2022-09-25,MP,Northern Mariana Islands,WPRO,16.0,13171,0.0,40
2022-10-02,MP,Northern Mariana Islands,WPRO,0.0,13171,0.0,40
2022-10-09,MP,Northern Mariana Islands,WPRO,0.0,13171,0.0,40
2022-10-16,MP,Northern Mariana Islands,WPRO,0.0,13171,0.0,40
2022-10-23,MP,Northern Mariana Islands,WPRO,0.0,13171,0.0,40
2022-10-30,MP,Northern Mariana Islands,WPRO,0.0,13171,0.0,40
2022-11-06,MP,Northern Mariana Islands,WPRO,0.0,13171,0.0,40
2022-11-13,MP,Northern Mariana Islands,WPRO,0.0,13171,0.0,40
2022-11-20,MP,Northern Mariana Islands,WPRO,0.0,13171,0.0,40
2022-11-27,MP,Northern Mariana Islands,WPRO,0.0,13171,0.0,40
2022-12-04,MP,Northern Mariana Islands,WPRO,0.0,13171,0.0,40
2022-12-11,MP,Northern Mariana Islands,WPRO,0.0,13171,1.0,41
2022-12-18,MP,Northern Mariana Islands,WPRO,65.0,13236,0.0,41
2022-12-25,MP,Northern Mariana Islands,WPRO,0.0,13236,0.0,41
2023-01-01,MP,Northern Mariana Islands,WPRO,159.0,13395,0.0,41
2023-01-08,MP,Northern Mariana Islands,WPRO,0.0,13395,0.0,41
2023-01-15,MP,Northern Mariana Islands,WPRO,0.0,13395,0.0,41
2023-01-22,MP,Northern Mariana Islands,WPRO,0.0,13395,0.0,41
2023-01-29,MP,Northern Mariana Islands,WPRO,0.0,13395,0.0,41
2023-02-05,MP,Northern Mariana Islands,WPRO,0.0,13395,0.0,41
2023-02-12,MP,Northern Mariana Islands,WPRO,0.0,13395,0.0,41
2023-02-19,MP,Northern Mariana Islands,WPRO,0.0,13395,0.0,41
2023-02-26,MP,Northern Mariana Islands,WPRO,254.0,13649,0.0,41
2023-03-05,MP,Northern Mariana Islands,WPRO,0.0,13649,0.0,41
2023-03-12,MP,Northern Mariana Islands,WPRO,73.0,13722,0.0,41
2023-03-19,MP,Northern Mariana Islands,WPRO,26.0,13748,0.0,41
2023-03-26,MP,Northern Mariana Islands,WPRO,25.0,13773,0.0,41
2023-04-02,MP,Northern Mariana Islands,WPRO,13.0,13786,0.0,41
2023-04-09,MP,Northern Mariana Islands,WPRO,0.0,13786,0.0,41
2023-04-16,MP,Northern Mariana Islands,WPRO,28.0,13814,0.0,41
2023-04-23,MP,Northern Mariana Islands,WPRO,25.0,13839,0.0,41
2023-04-30,MP,Northern Mariana Islands,WPRO,10.0,13849,0.0,41
2023-05-07,MP,Northern Mariana Islands,WPRO,23.0,13872,0.0,41
2023-05-14,MP,Northern Mariana Islands,WPRO,24.0,13896,0.0,41
2023-05-21,MP,Northern Mariana Islands,WPRO,21.0,13917,0.0,41
2023-05-28,MP,Northern Mariana Islands,WPRO,18.0,13935,0.0,41
2023-06-04,MP,Northern Mariana Islands,WPRO,13.0,13948,0.0,41
2023-06-11,MP,Northern Mariana Islands,WPRO,24.0,13972,0.0,41
2023-06-18,MP,Northern Mariana Islands,WPRO,28.0,14000,0.0,41
2023-06-25,MP,Northern Mariana Islands,WPRO,0.0,14000,0.0,41
2023-07-02,MP,Northern Mariana Islands,WPRO,13.0,14013,0.0,41
2023-07-09,MP,Northern Mariana Islands,WPRO,50.0,14063,0.0,41
2023-07-16,MP,Northern Mariana Islands,WPRO,15.0,14078,0.0,41
2023-07-23,MP,Northern Mariana Islands,WPRO,18.0,14096,0.0,41
2023-07-30,MP,Northern Mariana Islands,WPRO,0.0,14096,0.0,41
2023-08-06,MP,Northern Mariana Islands,WPRO,53.0,14149,0.0,41
2023-08-13,MP,Northern Mariana Islands,WPRO,3.0,14152,0.0,41
2023-08-20,MP,Northern Mariana Islands,WPRO,15.0,14167,0.0,41
2023-08-27,MP,Northern Mariana Islands,WPRO,0.0,14167,0.0,41
2023-09-03,MP,Northern Mariana Islands,WPRO,31.0,14198,0.0,41
2023-09-10,MP,Northern Mariana Islands,WPRO,40.0,14238,0.0,41
2023-09-17,MP,Northern Mariana Islands,WPRO,36.0,14274,0.0,41
2023-09-24,MP,Northern Mariana Islands,WPRO,2.0,14276,0.0,41
2023-10-01,MP,Northern Mariana Islands,WPRO,23.0,14299,0.0,41
2023-10-08,MP,Northern Mariana Islands,WPRO,0.0,14299,0.0,41
2023-10-15,MP,Northern Mariana Islands,WPRO,7.0,14306,0.0,41
2023-10-22,MP,Northern Mariana Islands,WPRO,3.0,14309,0.0,41
2023-10-29,MP,Northern Mariana Islands,WPRO,9.0,14318,0.0,41
2023-11-05,MP,Northern Mariana Islands,WPRO,4.0,14322,0.0,41
2023-11-12,MP,Northern Mariana Islands,WPRO,0.0,14322,0.0,41
2023-11-19,MP,Northern Mariana Islands,WPRO,8.0,14330,0.0,41
2023-11-26,MP,Northern Mariana Islands,WPRO,4.0,14334,0.0,41
2023-12-03,MP,Northern Mariana Islands,WPRO,0.0,14334,0.0,41
2023-12-10,MP,Northern Mariana Islands,WPRO,0.0,14334,0.0,41
2023-12-17,MP,Northern Mariana Islands,WPRO,3.0,14337,0.0,41
2023-12-24,MP,Northern Mariana Islands,WPRO,0.0,14337,0.0,41
2023-12-31,MP,Northern Mariana Islands,WPRO,4.0,14341,0.0,41
2024-01-07,MP,Northern Mariana Islands,WPRO,5.0,14346,0.0,41
2024-01-14,MP,Northern Mariana Islands,WPRO,9.0,14355,0.0,41
2024-01-21,MP,Northern Mariana Islands,WPRO,6.0,14361,0.0,41
2024-01-28,MP,Northern Mariana Islands,WPRO,8.0,14369,0.0,41
2024-02-04,MP,Northern Mariana Islands,WPRO,30.0,14399,0.0,41
2024-02-11,MP,Northern Mariana Islands,WPRO,32.0,14431,0.0,41
2024-02-18,MP,Northern Mariana Islands,WPRO,20.0,14451,0.0,41
2024-02-25,MP,Northern Mariana Islands,WPRO,37.0,14488,0.0,41
2024-03-03,MP,Northern Mariana Islands,WPRO,24.0,14512,0.0,41
2024-03-10,MP,Northern Mariana Islands,WPRO,24.0,14536,0.0,41
2024-03-17,MP,Northern Mariana Islands,WPRO,31.0,14567,0.0,41
2024-03-24,MP,Northern Mariana Islands,WPRO,27.0,14594,0.0,41
2024-03-31,MP,Northern Mariana Islands,WPRO,16.0,14610,0.0,41
2024-04-07,MP,Northern Mariana Islands,WPRO,0.0,14610,0.0,41
2024-04-14,MP,Northern Mariana Islands,WPRO,1838.0,16448,0.0,41
2024-04-21,MP,Northern Mariana Islands,WPRO,0.0,16448,0.0,41
2024-04-28,MP,Northern Mariana Islands,WPRO,13.0,16461,0.0,41
