Date_reported,Country_code,Country,WHO_region,New_cases,Cumulative_cases,New_deaths,Cumulative_deaths
2020-01-26,MY,Malaysia,WPRO,4.0,4,0.0,0
2020-02-02,MY,Malaysia,WPRO,4.0,8,0.0,0
2020-02-09,MY,Malaysia,WPRO,8.0,16,0.0,0
2020-02-16,MY,Malaysia,WPRO,6.0,22,0.0,0
2020-02-23,MY,Malaysia,WPRO,0.0,22,0.0,0
2020-03-01,MY,Malaysia,WPRO,3.0,25,0.0,0
2020-03-08,MY,Malaysia,WPRO,68.0,93,0.0,0
2020-03-15,MY,Malaysia,WPRO,145.0,238,0.0,0
2020-03-22,MY,Malaysia,WPRO,945.0,1183,10.0,10
2020-03-29,MY,Malaysia,WPRO,1137.0,2320,17.0,27
2020-04-05,MY,Malaysia,WPRO,1163.0,3483,30.0,57
2020-04-12,MY,Malaysia,WPRO,1047.0,4530,16.0,73
2020-04-19,MY,Malaysia,WPRO,775.0,5305,15.0,88
2020-04-26,MY,Malaysia,WPRO,437.0,5742,10.0,98
2020-05-03,MY,Malaysia,WPRO,434.0,6176,5.0,103
2020-05-10,MY,Malaysia,WPRO,413.0,6589,5.0,108
2020-05-17,MY,Malaysia,WPRO,283.0,6872,5.0,113
2020-05-24,MY,Malaysia,WPRO,313.0,7185,2.0,115
2020-05-31,MY,Malaysia,WPRO,577.0,7762,0.0,115
2020-06-07,MY,Malaysia,WPRO,541.0,8303,2.0,117
2020-06-14,MY,Malaysia,WPRO,142.0,8445,3.0,120
2020-06-21,MY,Malaysia,WPRO,111.0,8556,1.0,121
2020-06-28,MY,Malaysia,WPRO,60.0,8616,0.0,121
2020-07-05,MY,Malaysia,WPRO,42.0,8658,0.0,121
2020-07-12,MY,Malaysia,WPRO,46.0,8704,1.0,122
2020-07-19,MY,Malaysia,WPRO,60.0,8764,0.0,122
2020-07-26,MY,Malaysia,WPRO,120.0,8884,1.0,123
2020-08-02,MY,Malaysia,WPRO,101.0,8985,2.0,125
2020-08-09,MY,Malaysia,WPRO,85.0,9070,0.0,125
2020-08-16,MY,Malaysia,WPRO,105.0,9175,0.0,125
2020-08-23,MY,Malaysia,WPRO,82.0,9257,0.0,125
2020-08-30,MY,Malaysia,WPRO,60.0,9317,0.0,125
2020-09-06,MY,Malaysia,WPRO,74.0,9391,3.0,128
2020-09-13,MY,Malaysia,WPRO,477.0,9868,0.0,128
2020-09-20,MY,Malaysia,WPRO,299.0,10167,2.0,130
2020-09-27,MY,Malaysia,WPRO,602.0,10769,3.0,133
2020-10-04,MY,Malaysia,WPRO,1319.0,12088,4.0,137
2020-10-11,MY,Malaysia,WPRO,3008.0,15096,18.0,155
2020-10-18,MY,Malaysia,WPRO,4531.0,19627,25.0,180
2020-10-25,MY,Malaysia,WPRO,6115.0,25742,41.0,221
2020-11-01,MY,Malaysia,WPRO,5806.0,31548,28.0,249
2020-11-08,MY,Malaysia,WPRO,7809.0,39357,33.0,282
2020-11-15,MY,Malaysia,WPRO,6852.0,46209,24.0,306
2020-11-22,MY,Malaysia,WPRO,7470.0,53679,26.0,332
2020-11-29,MY,Malaysia,WPRO,9497.0,63176,22.0,354
2020-12-06,MY,Malaysia,WPRO,8183.0,71359,26.0,380
2020-12-13,MY,Malaysia,WPRO,10887.0,82246,31.0,411
2020-12-20,MY,Malaysia,WPRO,9723.0,91969,22.0,433
2020-12-27,MY,Malaysia,WPRO,11931.0,103900,18.0,451
2021-01-03,MY,Malaysia,WPRO,15177.0,119077,32.0,483
2021-01-10,MY,Malaysia,WPRO,16915.0,135992,59.0,542
2021-01-17,MY,Malaysia,WPRO,22442.0,158434,52.0,594
2021-01-24,MY,Malaysia,WPRO,25367.0,183801,73.0,667
2021-01-31,MY,Malaysia,WPRO,31158.0,214959,79.0,746
2021-02-07,MY,Malaysia,WPRO,27493.0,242452,111.0,857
2021-02-14,MY,Malaysia,WPRO,21817.0,264269,101.0,958
2021-02-21,MY,Malaysia,WPRO,19300.0,283569,93.0,1051
2021-02-28,MY,Malaysia,WPRO,17183.0,300752,70.0,1121
2021-03-07,MY,Malaysia,WPRO,12708.0,313460,45.0,1166
2021-03-14,MY,Malaysia,WPRO,10303.0,323763,40.0,1206
2021-03-21,MY,Malaysia,WPRO,9277.0,333040,23.0,1229
2021-03-28,MY,Malaysia,WPRO,8904.0,341944,22.0,1251
2021-04-04,MY,Malaysia,WPRO,9015.0,350959,35.0,1286
2021-04-11,MY,Malaysia,WPRO,9897.0,360856,35.0,1321
2021-04-18,MY,Malaysia,WPRO,14198.0,375054,49.0,1370
2021-04-25,MY,Malaysia,WPRO,17888.0,392942,56.0,1426
2021-05-02,MY,Malaysia,WPRO,22070.0,415012,107.0,1533
2021-05-09,MY,Malaysia,WPRO,25665.0,440677,150.0,1683
2021-05-16,MY,Malaysia,WPRO,29433.0,470110,219.0,1902
2021-05-23,MY,Malaysia,WPRO,41981.0,512091,346.0,2248
2021-05-30,MY,Malaysia,WPRO,53442.0,565533,481.0,2729
2021-06-06,MY,Malaysia,WPRO,51282.0,616815,649.0,3378
2021-06-13,MY,Malaysia,WPRO,40693.0,657508,530.0,3908
2021-06-20,MY,Malaysia,WPRO,38900.0,696408,500.0,4408
2021-06-27,MY,Malaysia,WPRO,37640.0,734048,536.0,4944
2021-07-04,MY,Malaysia,WPRO,44604.0,778652,553.0,5497
2021-07-11,MY,Malaysia,WPRO,57644.0,836296,661.0,6158
2021-07-18,MY,Malaysia,WPRO,80265.0,916561,861.0,7019
2021-07-25,MY,Malaysia,WPRO,96877.0,1013438,975.0,7994
2021-08-01,MY,Malaysia,WPRO,116984.0,1130422,1190.0,9184
2021-08-08,MY,Malaysia,WPRO,132118.0,1262540,1565.0,10749
2021-08-15,MY,Malaysia,WPRO,142359.0,1404899,1761.0,12510
2021-08-22,MY,Malaysia,WPRO,150194.0,1555093,1658.0,14168
2021-08-29,MY,Malaysia,WPRO,150996.0,1706089,1919.0,16087
2021-09-05,MY,Malaysia,WPRO,138746.0,1844835,2132.0,18219
2021-09-12,MY,Malaysia,WPRO,134863.0,1979698,2492.0,20711
2021-09-19,MY,Malaysia,WPRO,118132.0,2097830,2732.0,23443
2021-09-26,MY,Malaysia,WPRO,100405.0,2198235,1994.0,25437
2021-10-03,MY,Malaysia,WPRO,79330.0,2277565,1246.0,26683
2021-10-10,MY,Malaysia,WPRO,62029.0,2339594,646.0,27329
2021-10-17,MY,Malaysia,WPRO,51093.0,2390687,592.0,27921
2021-10-24,MY,Malaysia,WPRO,41029.0,2431716,479.0,28400
2021-10-31,MY,Malaysia,WPRO,39926.0,2471642,512.0,28912
2021-11-07,MY,Malaysia,WPRO,34667.0,2506309,379.0,29291
2021-11-14,MY,Malaysia,WPRO,40000.0,2546309,385.0,29676
2021-11-21,MY,Malaysia,WPRO,40292.0,2586601,326.0,30002
2021-11-28,MY,Malaysia,WPRO,37215.0,2623816,307.0,30309
2021-12-05,MY,Malaysia,WPRO,34956.0,2658772,305.0,30614
2021-12-12,MY,Malaysia,WPRO,32867.0,2691639,265.0,30879
2021-12-19,MY,Malaysia,WPRO,27316.0,2718955,213.0,31092
2021-12-26,MY,Malaysia,WPRO,22224.0,2741179,242.0,31334
2022-01-02,MY,Malaysia,WPRO,23175.0,2764354,198.0,31532
2022-01-09,MY,Malaysia,WPRO,21865.0,2786219,146.0,31678
2022-01-16,MY,Malaysia,WPRO,22128.0,2808347,115.0,31793
2022-01-23,MY,Malaysia,WPRO,24598.0,2832945,99.0,31892
2022-01-30,MY,Malaysia,WPRO,33039.0,2865984,73.0,31965
2022-02-06,MY,Malaysia,WPRO,48236.0,2914220,69.0,32034
2022-02-13,MY,Malaysia,WPRO,126015.0,3040235,91.0,32125
2022-02-20,MY,Malaysia,WPRO,181445.0,3221680,222.0,32347
2022-02-27,MY,Malaysia,WPRO,197956.0,3419636,327.0,32674
2022-03-06,MY,Malaysia,WPRO,202971.0,3622607,554.0,33228
2022-03-13,MY,Malaysia,WPRO,200964.0,3823571,579.0,33807
2022-03-20,MY,Malaysia,WPRO,169553.0,3993124,593.0,34400
2022-03-27,MY,Malaysia,WPRO,145743.0,4138867,388.0,34788
2022-04-03,MY,Malaysia,WPRO,107600.0,4246467,311.0,35099
2022-04-10,MY,Malaysia,WPRO,79351.0,4325818,193.0,35292
2022-04-17,MY,Malaysia,WPRO,63207.0,4389025,129.0,35421
2022-04-24,MY,Malaysia,WPRO,42048.0,4431073,78.0,35499
2022-05-01,MY,Malaysia,WPRO,18434.0,4449507,51.0,35550
2022-05-08,MY,Malaysia,WPRO,9382.0,4458889,33.0,35583
2022-05-15,MY,Malaysia,WPRO,19223.0,4478112,32.0,35615
2022-05-22,MY,Malaysia,WPRO,13208.0,4491320,28.0,35643
2022-05-29,MY,Malaysia,WPRO,12414.0,4503734,22.0,35665
2022-06-05,MY,Malaysia,WPRO,11255.0,4514989,25.0,35690
2022-06-12,MY,Malaysia,WPRO,11309.0,4526298,26.0,35716
2022-06-19,MY,Malaysia,WPRO,14314.0,4540612,19.0,35735
2022-06-26,MY,Malaysia,WPRO,16052.0,4556664,19.0,35754
2022-07-03,MY,Malaysia,WPRO,14691.0,4571355,30.0,35784
2022-07-10,MY,Malaysia,WPRO,21355.0,4592710,32.0,35816
2022-07-17,MY,Malaysia,WPRO,26315.0,4619025,46.0,35862
2022-07-24,MY,Malaysia,WPRO,29906.0,4648931,61.0,35923
2022-07-31,MY,Malaysia,WPRO,28339.0,4677270,54.0,35977
2022-08-07,MY,Malaysia,WPRO,28554.0,4705824,55.0,36032
2022-08-14,MY,Malaysia,WPRO,26678.0,4732502,61.0,36093
2022-08-21,MY,Malaysia,WPRO,22786.0,4755288,62.0,36155
2022-08-28,MY,Malaysia,WPRO,18715.0,4774003,51.0,36206
2022-09-04,MY,Malaysia,WPRO,15549.0,4789552,43.0,36249
2022-09-11,MY,Malaysia,WPRO,14072.0,4803624,36.0,36285
2022-09-18,MY,Malaysia,WPRO,13627.0,4817251,32.0,36317
2022-09-25,MY,Malaysia,WPRO,12963.0,4830214,40.0,36357
2022-10-02,MY,Malaysia,WPRO,12291.0,4842505,23.0,36380
2022-10-09,MY,Malaysia,WPRO,11018.0,4853523,23.0,36403
2022-10-16,MY,Malaysia,WPRO,11957.0,4865480,20.0,36423
2022-10-23,MY,Malaysia,WPRO,14525.0,4880005,24.0,36447
2022-10-30,MY,Malaysia,WPRO,16750.0,4896755,28.0,36475
2022-11-06,MY,Malaysia,WPRO,26783.0,4923538,20.0,36495
2022-11-13,MY,Malaysia,WPRO,23045.0,4946583,59.0,36554
2022-11-20,MY,Malaysia,WPRO,19083.0,4965666,55.0,36609
2022-11-27,MY,Malaysia,WPRO,18606.0,4984272,48.0,36657
2022-12-04,MY,Malaysia,WPRO,14558.0,4998830,59.0,36716
2022-12-11,MY,Malaysia,WPRO,10937.0,5009767,53.0,36769
2022-12-18,MY,Malaysia,WPRO,7249.0,5017016,39.0,36808
2022-12-25,MY,Malaysia,WPRO,6290.0,5023306,27.0,36835
2023-01-01,MY,Malaysia,WPRO,3371.0,5026677,23.0,36858
2023-01-08,MY,Malaysia,WPRO,3231.0,5029908,8.0,36866
2023-01-15,MY,Malaysia,WPRO,2525.0,5032433,0.0,36866
2023-01-22,MY,Malaysia,WPRO,2088.0,5034521,0.0,36866
2023-01-29,MY,Malaysia,WPRO,1350.0,5035871,0.0,36866
2023-02-05,MY,Malaysia,WPRO,1913.0,5037784,77.0,36943
2023-02-12,MY,Malaysia,WPRO,1542.0,5039326,8.0,36951
2023-02-19,MY,Malaysia,WPRO,1495.0,5040821,5.0,36956
2023-02-26,MY,Malaysia,WPRO,1367.0,5042188,1.0,36957
2023-03-05,MY,Malaysia,WPRO,1438.0,5043626,9.0,36966
2023-03-12,MY,Malaysia,WPRO,1566.0,5045192,1.0,36967
2023-03-19,MY,Malaysia,WPRO,1848.0,5047040,0.0,36967
2023-03-26,MY,Malaysia,WPRO,2228.0,5049268,12.0,36979
2023-04-02,MY,Malaysia,WPRO,3069.0,5052337,0.0,36979
2023-04-09,MY,Malaysia,WPRO,4574.0,5056911,3.0,36982
2023-04-16,MY,Malaysia,WPRO,4268.0,5061179,12.0,36994
2023-04-23,MY,Malaysia,WPRO,5698.0,5066877,17.0,37011
2023-04-30,MY,Malaysia,WPRO,4817.0,5071694,9.0,37020
2023-05-07,MY,Malaysia,WPRO,146.0,5071840,8.0,37028
2023-05-14,MY,Malaysia,WPRO,7596.0,5079436,0.0,37028
2023-05-21,MY,Malaysia,WPRO,12209.0,5091645,42.0,37070
2023-05-28,MY,Malaysia,WPRO,6439.0,5098084,31.0,37101
2023-06-04,MY,Malaysia,WPRO,5801.0,5103885,15.0,37116
2023-06-11,MY,Malaysia,WPRO,4523.0,5108408,10.0,37126
2023-06-18,MY,Malaysia,WPRO,760.0,5109168,10.0,37136
2023-06-25,MY,Malaysia,WPRO,3433.0,5112601,11.0,37147
2023-07-02,MY,Malaysia,WPRO,0.0,5112601,2.0,37149
2023-07-09,MY,Malaysia,WPRO,2698.0,5115299,7.0,37156
2023-07-16,MY,Malaysia,WPRO,1548.0,5116847,2.0,37158
2023-07-23,MY,Malaysia,WPRO,1222.0,5118069,3.0,37161
2023-07-30,MY,Malaysia,WPRO,1202.0,5119271,1.0,37162
2023-08-06,MY,Malaysia,WPRO,958.0,5120229,2.0,37164
2023-08-13,MY,Malaysia,WPRO,934.0,5121163,0.0,37164
2023-08-20,MY,Malaysia,WPRO,695.0,5121858,0.0,37164
2023-08-27,MY,Malaysia,WPRO,710.0,5122568,0.0,37164
2023-09-03,MY,Malaysia,WPRO,1233.0,5123801,3.0,37167
2023-09-10,MY,Malaysia,WPRO,680.0,5124481,4.0,37171
2023-09-17,MY,Malaysia,WPRO,728.0,5125209,1.0,37172
2023-09-24,MY,Malaysia,WPRO,691.0,5125900,0.0,37172
2023-10-01,MY,Malaysia,WPRO,783.0,5126683,2.0,37174
2023-10-08,MY,Malaysia,WPRO,933.0,5127616,5.0,37179
2023-10-15,MY,Malaysia,WPRO,1052.0,5128668,2.0,37181
2023-10-22,MY,Malaysia,WPRO,1132.0,5129800,3.0,37184
2023-10-29,MY,Malaysia,WPRO,1339.0,5131139,0.0,37184
2023-11-05,MY,Malaysia,WPRO,1692.0,5132831,6.0,37190
2023-11-12,MY,Malaysia,WPRO,1801.0,5134632,1.0,37191
2023-11-19,MY,Malaysia,WPRO,2305.0,5136937,3.0,37194
2023-11-26,MY,Malaysia,WPRO,3626.0,5140563,7.0,37201
2023-12-03,MY,Malaysia,WPRO,6796.0,5147359,6.0,37207
2023-12-10,MY,Malaysia,WPRO,12757.0,5160116,11.0,37218
2023-12-17,MY,Malaysia,WPRO,20696.0,5180812,28.0,37246
2023-12-24,MY,Malaysia,WPRO,25912.0,5206724,22.0,37268
2023-12-31,MY,Malaysia,WPRO,20598.0,5227322,25.0,37293
2024-01-07,MY,Malaysia,WPRO,0.0,5227322,22.0,37315
2024-01-14,MY,Malaysia,WPRO,29687.0,5257009,8.0,37323
2024-01-21,MY,Malaysia,WPRO,8358.0,5265367,12.0,37335
2024-01-28,MY,Malaysia,WPRO,4600.0,5269967,5.0,37340
2024-02-04,MY,Malaysia,WPRO,2550.0,5272517,7.0,37347
2024-02-11,MY,Malaysia,WPRO,1479.0,5273996,0.0,37347
2024-02-18,MY,Malaysia,WPRO,790.0,5274786,0.0,37347
2024-02-25,MY,Malaysia,WPRO,881.0,5275667,0.0,37347
2024-03-03,MY,Malaysia,WPRO,645.0,5276312,1.0,37348
2024-03-10,MY,Malaysia,WPRO,568.0,5276880,0.0,37348
2024-03-17,MY,Malaysia,WPRO,593.0,5277473,0.0,37348
2024-03-24,MY,Malaysia,WPRO,512.0,5277985,0.0,37348
2024-03-31,MY,Malaysia,WPRO,421.0,5278406,0.0,37348
2024-04-07,MY,Malaysia,WPRO,493.0,5278899,1.0,37349
2024-04-14,MY,Malaysia,WPRO,246.0,5279145,0.0,37349
2024-04-21,MY,Malaysia,WPRO,0.0,5279145,0.0,37349
2024-04-28,MY,Malaysia,WPRO,0.0,5279145,0.0,37349
