Date_reported,Country_code,Country,WHO_region,New_cases,Cumulative_cases,New_deaths,Cumulative_deaths
2020-03-22,NC,New Caledonia,WPRO,4.0,4,0.0,0
2020-03-29,NC,New Caledonia,WPRO,11.0,15,0.0,0
2020-04-05,NC,New Caledonia,WPRO,3.0,18,0.0,0
2020-04-12,NC,New Caledonia,WPRO,0.0,18,0.0,0
2020-04-19,NC,New Caledonia,WPRO,0.0,18,0.0,0
2020-04-26,NC,New Caledonia,WPRO,0.0,18,0.0,0
2020-05-03,NC,New Caledonia,WPRO,0.0,18,0.0,0
2020-05-10,NC,New Caledonia,WPRO,0.0,18,0.0,0
2020-05-17,NC,New Caledonia,WPRO,0.0,18,0.0,0
2020-05-24,NC,New Caledonia,WPRO,0.0,18,0.0,0
2020-05-31,NC,New Caledonia,WPRO,1.0,19,0.0,0
2020-06-07,NC,New Caledonia,WPRO,1.0,20,0.0,0
2020-06-14,NC,New Caledonia,WPRO,1.0,21,0.0,0
2020-06-21,NC,New Caledonia,WPRO,0.0,21,0.0,0
2020-06-28,NC,New Caledonia,WPRO,0.0,21,0.0,0
2020-07-05,NC,New Caledonia,WPRO,0.0,21,0.0,0
2020-07-12,NC,New Caledonia,WPRO,0.0,21,0.0,0
2020-07-19,NC,New Caledonia,WPRO,1.0,22,0.0,0
2020-07-26,NC,New Caledonia,WPRO,0.0,22,0.0,0
2020-08-02,NC,New Caledonia,WPRO,0.0,22,0.0,0
2020-08-09,NC,New Caledonia,WPRO,1.0,23,0.0,0
2020-08-16,NC,New Caledonia,WPRO,0.0,23,0.0,0
2020-08-23,NC,New Caledonia,WPRO,0.0,23,0.0,0
2020-08-30,NC,New Caledonia,WPRO,0.0,23,0.0,0
2020-09-06,NC,New Caledonia,WPRO,3.0,26,0.0,0
2020-09-13,NC,New Caledonia,WPRO,0.0,26,0.0,0
2020-09-20,NC,New Caledonia,WPRO,0.0,26,0.0,0
2020-09-27,NC,New Caledonia,WPRO,1.0,27,0.0,0
2020-10-04,NC,New Caledonia,WPRO,0.0,27,0.0,0
2020-10-11,NC,New Caledonia,WPRO,0.0,27,0.0,0
2020-10-18,NC,New Caledonia,WPRO,0.0,27,0.0,0
2020-10-25,NC,New Caledonia,WPRO,0.0,27,0.0,0
2020-11-01,NC,New Caledonia,WPRO,1.0,28,0.0,0
2020-11-08,NC,New Caledonia,WPRO,1.0,29,0.0,0
2020-11-15,NC,New Caledonia,WPRO,1.0,30,0.0,0
2020-11-22,NC,New Caledonia,WPRO,2.0,32,0.0,0
2020-11-29,NC,New Caledonia,WPRO,0.0,32,0.0,0
2020-12-06,NC,New Caledonia,WPRO,3.0,35,0.0,0
2020-12-13,NC,New Caledonia,WPRO,1.0,36,0.0,0
2020-12-20,NC,New Caledonia,WPRO,1.0,37,0.0,0
2020-12-27,NC,New Caledonia,WPRO,1.0,38,0.0,0
2021-01-03,NC,New Caledonia,WPRO,2.0,40,0.0,0
2021-01-10,NC,New Caledonia,WPRO,0.0,40,0.0,0
2021-01-17,NC,New Caledonia,WPRO,4.0,44,0.0,0
2021-01-24,NC,New Caledonia,WPRO,0.0,44,0.0,0
2021-01-31,NC,New Caledonia,WPRO,3.0,47,0.0,0
2021-02-07,NC,New Caledonia,WPRO,2.0,49,0.0,0
2021-02-14,NC,New Caledonia,WPRO,3.0,52,0.0,0
2021-02-21,NC,New Caledonia,WPRO,3.0,55,0.0,0
2021-02-28,NC,New Caledonia,WPRO,3.0,58,0.0,0
2021-03-07,NC,New Caledonia,WPRO,9.0,67,0.0,0
2021-03-14,NC,New Caledonia,WPRO,26.0,93,0.0,0
2021-03-21,NC,New Caledonia,WPRO,23.0,116,0.0,0
2021-03-28,NC,New Caledonia,WPRO,5.0,121,0.0,0
2021-04-04,NC,New Caledonia,WPRO,0.0,121,0.0,0
2021-04-11,NC,New Caledonia,WPRO,0.0,121,0.0,0
2021-04-18,NC,New Caledonia,WPRO,3.0,124,0.0,0
2021-04-25,NC,New Caledonia,WPRO,0.0,124,0.0,0
2021-05-02,NC,New Caledonia,WPRO,0.0,124,0.0,0
2021-05-09,NC,New Caledonia,WPRO,0.0,124,0.0,0
2021-05-16,NC,New Caledonia,WPRO,0.0,124,0.0,0
2021-05-23,NC,New Caledonia,WPRO,1.0,125,0.0,0
2021-05-30,NC,New Caledonia,WPRO,3.0,128,0.0,0
2021-06-06,NC,New Caledonia,WPRO,0.0,128,0.0,0
2021-06-13,NC,New Caledonia,WPRO,0.0,128,0.0,0
2021-06-20,NC,New Caledonia,WPRO,1.0,129,0.0,0
2021-06-27,NC,New Caledonia,WPRO,0.0,129,0.0,0
2021-07-04,NC,New Caledonia,WPRO,0.0,129,0.0,0
2021-07-11,NC,New Caledonia,WPRO,0.0,129,0.0,0
2021-07-18,NC,New Caledonia,WPRO,0.0,129,0.0,0
2021-07-25,NC,New Caledonia,WPRO,2.0,131,0.0,0
2021-08-01,NC,New Caledonia,WPRO,3.0,134,0.0,0
2021-08-08,NC,New Caledonia,WPRO,0.0,134,0.0,0
2021-08-15,NC,New Caledonia,WPRO,0.0,134,0.0,0
2021-08-22,NC,New Caledonia,WPRO,1.0,135,0.0,0
2021-08-29,NC,New Caledonia,WPRO,1.0,136,0.0,0
2021-09-05,NC,New Caledonia,WPRO,0.0,136,0.0,0
2021-09-12,NC,New Caledonia,WPRO,821.0,957,1.0,1
2021-09-19,NC,New Caledonia,WPRO,2574.0,3531,21.0,22
2021-09-26,NC,New Caledonia,WPRO,2654.0,6185,61.0,83
2021-10-03,NC,New Caledonia,WPRO,1804.0,7989,67.0,150
2021-10-10,NC,New Caledonia,WPRO,1177.0,9166,50.0,200
2021-10-17,NC,New Caledonia,WPRO,811.0,9977,41.0,241
2021-10-24,NC,New Caledonia,WPRO,505.0,10482,16.0,257
2021-10-31,NC,New Caledonia,WPRO,486.0,10968,8.0,265
2021-11-07,NC,New Caledonia,WPRO,338.0,11306,3.0,268
2021-11-14,NC,New Caledonia,WPRO,267.0,11573,4.0,272
2021-11-21,NC,New Caledonia,WPRO,298.0,11871,4.0,276
2021-11-28,NC,New Caledonia,WPRO,234.0,12105,0.0,276
2021-12-05,NC,New Caledonia,WPRO,280.0,12385,3.0,279
2021-12-12,NC,New Caledonia,WPRO,130.0,12515,1.0,280
2021-12-19,NC,New Caledonia,WPRO,123.0,12638,0.0,280
2021-12-26,NC,New Caledonia,WPRO,79.0,12717,0.0,280
2022-01-02,NC,New Caledonia,WPRO,273.0,12990,1.0,281
2022-01-09,NC,New Caledonia,WPRO,164.0,13154,0.0,281
2022-01-16,NC,New Caledonia,WPRO,518.0,13672,0.0,281
2022-01-23,NC,New Caledonia,WPRO,1659.0,15331,1.0,282
2022-01-30,NC,New Caledonia,WPRO,3448.0,18779,1.0,283
2022-02-06,NC,New Caledonia,WPRO,7137.0,25916,1.0,284
2022-02-13,NC,New Caledonia,WPRO,9263.0,35179,0.0,284
2022-02-20,NC,New Caledonia,WPRO,8842.0,44021,3.0,287
2022-02-27,NC,New Caledonia,WPRO,9122.0,53143,12.0,299
2022-03-06,NC,New Caledonia,WPRO,3826.0,56969,3.0,302
2022-03-13,NC,New Caledonia,WPRO,2424.0,59393,3.0,305
2022-03-20,NC,New Caledonia,WPRO,618.0,60011,1.0,306
2022-03-27,NC,New Caledonia,WPRO,260.0,60271,4.0,310
2022-04-03,NC,New Caledonia,WPRO,159.0,60430,1.0,311
2022-04-10,NC,New Caledonia,WPRO,68.0,60498,1.0,312
2022-04-17,NC,New Caledonia,WPRO,23.0,60521,0.0,312
2022-04-24,NC,New Caledonia,WPRO,36.0,60557,0.0,312
2022-05-01,NC,New Caledonia,WPRO,96.0,60653,0.0,312
2022-05-08,NC,New Caledonia,WPRO,232.0,60885,0.0,312
2022-05-15,NC,New Caledonia,WPRO,300.0,61185,0.0,312
2022-05-22,NC,New Caledonia,WPRO,465.0,61650,0.0,312
2022-05-29,NC,New Caledonia,WPRO,358.0,62008,1.0,313
2022-06-05,NC,New Caledonia,WPRO,321.0,62329,0.0,313
2022-06-12,NC,New Caledonia,WPRO,294.0,62623,0.0,313
2022-06-19,NC,New Caledonia,WPRO,379.0,63002,0.0,313
2022-06-26,NC,New Caledonia,WPRO,513.0,63515,0.0,313
2022-07-03,NC,New Caledonia,WPRO,822.0,64337,0.0,313
2022-07-10,NC,New Caledonia,WPRO,1070.0,65407,0.0,313
2022-07-17,NC,New Caledonia,WPRO,1365.0,66772,1.0,314
2022-07-24,NC,New Caledonia,WPRO,1363.0,68135,0.0,314
2022-07-31,NC,New Caledonia,WPRO,1661.0,69796,0.0,314
2022-08-07,NC,New Caledonia,WPRO,1222.0,71018,0.0,314
2022-08-14,NC,New Caledonia,WPRO,1344.0,72362,0.0,314
2022-08-21,NC,New Caledonia,WPRO,710.0,73072,0.0,314
2022-08-28,NC,New Caledonia,WPRO,561.0,73633,0.0,314
2022-09-04,NC,New Caledonia,WPRO,469.0,74102,0.0,314
2022-09-11,NC,New Caledonia,WPRO,23.0,74125,0.0,314
2022-09-18,NC,New Caledonia,WPRO,93.0,74218,0.0,314
2022-09-25,NC,New Caledonia,WPRO,39.0,74257,0.0,314
2022-10-02,NC,New Caledonia,WPRO,58.0,74315,0.0,314
2022-10-09,NC,New Caledonia,WPRO,31.0,74346,0.0,314
2022-10-16,NC,New Caledonia,WPRO,1.0,74347,0.0,314
2022-10-23,NC,New Caledonia,WPRO,0.0,74347,0.0,314
2022-10-30,NC,New Caledonia,WPRO,59.0,74406,0.0,314
2022-11-06,NC,New Caledonia,WPRO,44.0,74450,0.0,314
2022-11-13,NC,New Caledonia,WPRO,368.0,74818,0.0,314
2022-11-20,NC,New Caledonia,WPRO,440.0,75258,0.0,314
2022-11-27,NC,New Caledonia,WPRO,0.0,75258,0.0,314
2022-12-04,NC,New Caledonia,WPRO,929.0,76187,0.0,314
2022-12-11,NC,New Caledonia,WPRO,2151.0,78338,0.0,314
2022-12-18,NC,New Caledonia,WPRO,0.0,78338,0.0,314
2022-12-25,NC,New Caledonia,WPRO,824.0,79162,0.0,314
2023-01-01,NC,New Caledonia,WPRO,415.0,79577,0.0,314
2023-01-08,NC,New Caledonia,WPRO,165.0,79742,0.0,314
2023-01-15,NC,New Caledonia,WPRO,118.0,79860,0.0,314
2023-01-22,NC,New Caledonia,WPRO,59.0,79919,0.0,314
2023-01-29,NC,New Caledonia,WPRO,37.0,79956,0.0,314
2023-02-05,NC,New Caledonia,WPRO,25.0,79981,0.0,314
2023-02-12,NC,New Caledonia,WPRO,16.0,79997,0.0,314
2023-02-19,NC,New Caledonia,WPRO,10.0,80007,0.0,314
2023-02-26,NC,New Caledonia,WPRO,0.0,80007,0.0,314
2023-03-05,NC,New Caledonia,WPRO,10.0,80017,0.0,314
2023-03-12,NC,New Caledonia,WPRO,0.0,80017,0.0,314
2023-03-19,NC,New Caledonia,WPRO,15.0,80032,0.0,314
2023-03-26,NC,New Caledonia,WPRO,0.0,80032,0.0,314
2023-04-02,NC,New Caledonia,WPRO,16.0,80048,0.0,314
2023-04-09,NC,New Caledonia,WPRO,4.0,80052,0.0,314
2023-04-16,NC,New Caledonia,WPRO,1.0,80053,0.0,314
2023-04-23,NC,New Caledonia,WPRO,4.0,80057,0.0,314
2023-04-30,NC,New Caledonia,WPRO,1.0,80058,0.0,314
2023-05-07,NC,New Caledonia,WPRO,0.0,80058,0.0,314
2023-05-14,NC,New Caledonia,WPRO,0.0,80058,0.0,314
2023-05-21,NC,New Caledonia,WPRO,0.0,80058,0.0,314
2023-05-28,NC,New Caledonia,WPRO,0.0,80058,0.0,314
2023-06-04,NC,New Caledonia,WPRO,6.0,80064,0.0,314
2023-06-11,NC,New Caledonia,WPRO,0.0,80064,0.0,314
2023-06-18,NC,New Caledonia,WPRO,0.0,80064,0.0,314
2023-06-25,NC,New Caledonia,WPRO,0.0,80064,0.0,314
2023-07-02,NC,New Caledonia,WPRO,0.0,80064,0.0,314
2023-07-09,NC,New Caledonia,WPRO,0.0,80064,0.0,314
2023-07-16,NC,New Caledonia,WPRO,0.0,80064,0.0,314
2023-07-23,NC,New Caledonia,WPRO,0.0,80064,0.0,314
2023-07-30,NC,New Caledonia,WPRO,0.0,80064,0.0,314
2023-08-06,NC,New Caledonia,WPRO,0.0,80064,0.0,314
2023-08-13,NC,New Caledonia,WPRO,0.0,80064,0.0,314
2023-08-20,NC,New Caledonia,WPRO,0.0,80064,0.0,314
2023-08-27,NC,New Caledonia,WPRO,0.0,80064,0.0,314
2023-09-03,NC,New Caledonia,WPRO,0.0,80064,0.0,314
2023-09-10,NC,New Caledonia,WPRO,0.0,80064,0.0,314
2023-09-17,NC,New Caledonia,WPRO,0.0,80064,0.0,314
2023-09-24,NC,New Caledonia,WPRO,0.0,80064,0.0,314
2023-10-01,NC,New Caledonia,WPRO,0.0,80064,0.0,314
2023-10-08,NC,New Caledonia,WPRO,0.0,80064,0.0,314
2023-10-15,NC,New Caledonia,WPRO,0.0,80064,0.0,314
2023-10-22,NC,New Caledonia,WPRO,0.0,80064,0.0,314
2023-10-29,NC,New Caledonia,WPRO,0.0,80064,0.0,314
2023-11-05,NC,New Caledonia,WPRO,0.0,80064,0.0,314
2023-11-12,NC,New Caledonia,WPRO,0.0,80064,0.0,314
2023-11-19,NC,New Caledonia,WPRO,0.0,80064,0.0,314
2023-11-26,NC,New Caledonia,WPRO,0.0,80064,0.0,314
2023-12-03,NC,New Caledonia,WPRO,0.0,80064,0.0,314
2023-12-10,NC,New Caledonia,WPRO,0.0,80064,0.0,314
2023-12-17,NC,New Caledonia,WPRO,0.0,80064,0.0,314
2023-12-24,NC,New Caledonia,WPRO,0.0,80064,0.0,314
2023-12-31,NC,New Caledonia,WPRO,0.0,80064,0.0,314
2024-01-07,NC,New Caledonia,WPRO,0.0,80064,0.0,314
2024-01-14,NC,New Caledonia,WPRO,0.0,80064,0.0,314
2024-01-21,NC,New Caledonia,WPRO,0.0,80064,0.0,314
2024-01-28,NC,New Caledonia,WPRO,0.0,80064,0.0,314
2024-02-04,NC,New Caledonia,WPRO,0.0,80064,0.0,314
2024-02-11,NC,New Caledonia,WPRO,0.0,80064,0.0,314
2024-02-18,NC,New Caledonia,WPRO,0.0,80064,0.0,314
2024-02-25,NC,New Caledonia,WPRO,0.0,80064,0.0,314
2024-03-03,NC,New Caledonia,WPRO,0.0,80064,0.0,314
2024-03-10,NC,New Caledonia,WPRO,0.0,80064,0.0,314
2024-03-17,NC,New Caledonia,WPRO,0.0,80064,0.0,314
2024-03-24,NC,New Caledonia,WPRO,0.0,80064,0.0,314
2024-03-31,NC,New Caledonia,WPRO,0.0,80064,0.0,314
2024-04-07,NC,New Caledonia,WPRO,0.0,80064,0.0,314
2024-04-14,NC,New Caledonia,WPRO,0.0,80064,0.0,314
2024-04-21,NC,New Caledonia,WPRO,0.0,80064,0.0,314
2024-04-28,NC,New Caledonia,WPRO,0.0,80064,0.0,314
