Date_reported,Country_code,Country,WHO_region,New_cases,Cumulative_cases,New_deaths,Cumulative_deaths
2020-03-01,NL,Netherlands (Kingdom of the),EURO,19.0,19,0.0,0
2020-03-08,NL,Netherlands (Kingdom of the),EURO,311.0,330,4.0,4
2020-03-15,NL,Netherlands (Kingdom of the),EURO,1276.0,1606,36.0,40
2020-03-22,NL,Netherlands (Kingdom of the),EURO,3775.0,5381,295.0,335
2020-03-29,NL,Netherlands (Kingdom of the),EURO,6747.0,12128,797.0,1132
2020-04-05,NL,Netherlands (Kingdom of the),EURO,7161.0,19289,1185.0,2317
2020-04-12,NL,Netherlands (Kingdom of the),EURO,7951.0,27240,1040.0,3357
2020-04-19,NL,Netherlands (Kingdom of the),EURO,6671.0,33911,886.0,4243
2020-04-26,NL,Netherlands (Kingdom of the),EURO,4549.0,38460,705.0,4948
2020-05-03,NL,Netherlands (Kingdom of the),EURO,2495.0,40955,426.0,5374
2020-05-10,NL,Netherlands (Kingdom of the),EURO,1772.0,42727,295.0,5669
2020-05-17,NL,Netherlands (Kingdom of the),EURO,1327.0,44054,174.0,5843
2020-05-24,NL,Netherlands (Kingdom of the),EURO,1311.0,45365,120.0,5963
2020-05-31,NL,Netherlands (Kingdom of the),EURO,1123.0,46488,91.0,6054
2020-06-07,NL,Netherlands (Kingdom of the),EURO,1226.0,47714,56.0,6110
2020-06-14,NL,Netherlands (Kingdom of the),EURO,1105.0,48819,35.0,6145
2020-06-21,NL,Netherlands (Kingdom of the),EURO,697.0,49516,25.0,6170
2020-06-28,NL,Netherlands (Kingdom of the),EURO,539.0,50055,12.0,6182
2020-07-05,NL,Netherlands (Kingdom of the),EURO,435.0,50490,12.0,6194
2020-07-12,NL,Netherlands (Kingdom of the),EURO,502.0,50992,6.0,6200
2020-07-19,NL,Netherlands (Kingdom of the),EURO,961.0,51953,7.0,6207
2020-07-26,NL,Netherlands (Kingdom of the),EURO,1298.0,53251,7.0,6214
2020-08-02,NL,Netherlands (Kingdom of the),EURO,2557.0,55808,9.0,6223
2020-08-09,NL,Netherlands (Kingdom of the),EURO,3861.0,59669,5.0,6228
2020-08-16,NL,Netherlands (Kingdom of the),EURO,4023.0,63692,26.0,6254
2020-08-23,NL,Netherlands (Kingdom of the),EURO,3656.0,67348,27.0,6281
2020-08-30,NL,Netherlands (Kingdom of the),EURO,3650.0,70998,23.0,6304
2020-09-06,NL,Netherlands (Kingdom of the),EURO,5319.0,76317,18.0,6322
2020-09-13,NL,Netherlands (Kingdom of the),EURO,8280.0,84597,20.0,6342
2020-09-20,NL,Netherlands (Kingdom of the),EURO,13807.0,98404,37.0,6379
2020-09-27,NL,Netherlands (Kingdom of the),EURO,18823.0,117227,91.0,6470
2020-10-04,NL,Netherlands (Kingdom of the),EURO,27048.0,144275,128.0,6598
2020-10-11,NL,Netherlands (Kingdom of the),EURO,42790.0,187065,172.0,6770
2020-10-18,NL,Netherlands (Kingdom of the),EURO,55977.0,243042,269.0,7039
2020-10-25,NL,Netherlands (Kingdom of the),EURO,67368.0,310410,370.0,7409
2020-11-01,NL,Netherlands (Kingdom of the),EURO,62785.0,373195,513.0,7922
2020-11-08,NL,Netherlands (Kingdom of the),EURO,43944.0,417139,559.0,8481
2020-11-15,NL,Netherlands (Kingdom of the),EURO,37914.0,455053,458.0,8939
2020-11-22,NL,Netherlands (Kingdom of the),EURO,36568.0,491621,368.0,9307
2020-11-29,NL,Netherlands (Kingdom of the),EURO,33608.0,525229,357.0,9664
2020-12-06,NL,Netherlands (Kingdom of the),EURO,42202.0,567431,322.0,9986
2020-12-13,NL,Netherlands (Kingdom of the),EURO,60890.0,628321,398.0,10384
2020-12-20,NL,Netherlands (Kingdom of the),EURO,78088.0,706409,529.0,10913
2020-12-27,NL,Netherlands (Kingdom of the),EURO,66789.0,773198,626.0,11539
2021-01-03,NL,Netherlands (Kingdom of the),EURO,55955.0,829153,666.0,12205
2021-01-10,NL,Netherlands (Kingdom of the),EURO,50250.0,879403,642.0,12847
2021-01-17,NL,Netherlands (Kingdom of the),EURO,39229.0,918632,550.0,13397
2021-01-24,NL,Netherlands (Kingdom of the),EURO,35329.0,953961,531.0,13928
2021-01-31,NL,Netherlands (Kingdom of the),EURO,28980.0,982941,420.0,14348
2021-02-07,NL,Netherlands (Kingdom of the),EURO,25891.0,1008832,406.0,14754
2021-02-14,NL,Netherlands (Kingdom of the),EURO,24411.0,1033243,398.0,15152
2021-02-21,NL,Netherlands (Kingdom of the),EURO,28835.0,1062078,404.0,15556
2021-02-28,NL,Netherlands (Kingdom of the),EURO,31441.0,1093519,277.0,15833
2021-03-07,NL,Netherlands (Kingdom of the),EURO,31590.0,1125109,240.0,16073
2021-03-14,NL,Netherlands (Kingdom of the),EURO,38711.0,1163820,186.0,16259
2021-03-21,NL,Netherlands (Kingdom of the),EURO,45398.0,1209218,176.0,16435
2021-03-28,NL,Netherlands (Kingdom of the),EURO,51427.0,1260645,151.0,16586
2021-04-04,NL,Netherlands (Kingdom of the),EURO,48090.0,1308735,150.0,16736
2021-04-11,NL,Netherlands (Kingdom of the),EURO,50219.0,1358954,140.0,16876
2021-04-18,NL,Netherlands (Kingdom of the),EURO,53662.0,1412616,147.0,17023
2021-04-25,NL,Netherlands (Kingdom of the),EURO,56111.0,1468727,139.0,17162
2021-05-02,NL,Netherlands (Kingdom of the),EURO,51258.0,1519985,140.0,17302
2021-05-09,NL,Netherlands (Kingdom of the),EURO,47001.0,1566986,136.0,17438
2021-05-16,NL,Netherlands (Kingdom of the),EURO,35849.0,1602835,92.0,17530
2021-05-23,NL,Netherlands (Kingdom of the),EURO,26533.0,1629368,83.0,17613
2021-05-30,NL,Netherlands (Kingdom of the),EURO,20487.0,1649855,50.0,17663
2021-06-06,NL,Netherlands (Kingdom of the),EURO,15121.0,1664976,56.0,17719
2021-06-13,NL,Netherlands (Kingdom of the),EURO,9149.0,1674125,24.0,17743
2021-06-20,NL,Netherlands (Kingdom of the),EURO,5970.0,1680095,13.0,17756
2021-06-27,NL,Netherlands (Kingdom of the),EURO,4254.0,1684349,8.0,17764
2021-07-04,NL,Netherlands (Kingdom of the),EURO,7171.0,1691520,8.0,17772
2021-07-11,NL,Netherlands (Kingdom of the),EURO,49557.0,1741077,12.0,17784
2021-07-18,NL,Netherlands (Kingdom of the),EURO,69451.0,1810528,12.0,17796
2021-07-25,NL,Netherlands (Kingdom of the),EURO,38748.0,1849276,27.0,17823
2021-08-01,NL,Netherlands (Kingdom of the),EURO,22349.0,1871625,36.0,17859
2021-08-08,NL,Netherlands (Kingdom of the),EURO,17261.0,1888886,50.0,17909
2021-08-15,NL,Netherlands (Kingdom of the),EURO,16599.0,1905485,44.0,17953
2021-08-22,NL,Netherlands (Kingdom of the),EURO,16882.0,1922367,34.0,17987
2021-08-29,NL,Netherlands (Kingdom of the),EURO,17582.0,1939949,50.0,18037
2021-09-05,NL,Netherlands (Kingdom of the),EURO,17515.0,1957464,42.0,18079
2021-09-12,NL,Netherlands (Kingdom of the),EURO,16189.0,1973653,37.0,18116
2021-09-19,NL,Netherlands (Kingdom of the),EURO,13635.0,1987288,43.0,18159
2021-09-26,NL,Netherlands (Kingdom of the),EURO,11633.0,1998921,24.0,18183
2021-10-03,NL,Netherlands (Kingdom of the),EURO,11871.0,2010792,27.0,18210
2021-10-10,NL,Netherlands (Kingdom of the),EURO,17281.0,2028073,23.0,18233
2021-10-17,NL,Netherlands (Kingdom of the),EURO,25310.0,2053383,49.0,18282
2021-10-24,NL,Netherlands (Kingdom of the),EURO,37779.0,2091162,82.0,18364
2021-10-31,NL,Netherlands (Kingdom of the),EURO,53511.0,2144673,142.0,18506
2021-11-07,NL,Netherlands (Kingdom of the),EURO,75856.0,2220529,174.0,18680
2021-11-14,NL,Netherlands (Kingdom of the),EURO,114696.0,2335225,202.0,18882
2021-11-21,NL,Netherlands (Kingdom of the),EURO,154065.0,2489290,347.0,19229
2021-11-28,NL,Netherlands (Kingdom of the),EURO,154548.0,2643838,419.0,19648
2021-12-05,NL,Netherlands (Kingdom of the),EURO,144887.0,2788725,433.0,20081
2021-12-12,NL,Netherlands (Kingdom of the),EURO,116172.0,2904897,414.0,20495
2021-12-19,NL,Netherlands (Kingdom of the),EURO,95619.0,3000516,292.0,20787
2021-12-26,NL,Netherlands (Kingdom of the),EURO,84986.0,3085502,173.0,20960
2022-01-02,NL,Netherlands (Kingdom of the),EURO,109523.0,3195025,132.0,21092
2022-01-09,NL,Netherlands (Kingdom of the),EURO,201891.0,3396916,85.0,21177
2022-01-16,NL,Netherlands (Kingdom of the),EURO,251885.0,3648801,59.0,21236
2022-01-23,NL,Netherlands (Kingdom of the),EURO,423932.0,4072733,63.0,21299
2022-01-30,NL,Netherlands (Kingdom of the),EURO,582545.0,4655278,53.0,21352
2022-02-06,NL,Netherlands (Kingdom of the),EURO,626302.0,5281580,72.0,21424
2022-02-13,NL,Netherlands (Kingdom of the),EURO,513691.0,5795271,90.0,21514
2022-02-20,NL,Netherlands (Kingdom of the),EURO,326724.0,6121995,95.0,21609
2022-02-27,NL,Netherlands (Kingdom of the),EURO,243445.0,6365440,59.0,21668
2022-03-06,NL,Netherlands (Kingdom of the),EURO,408462.0,6773902,70.0,21738
2022-03-13,NL,Netherlands (Kingdom of the),EURO,448158.0,7222060,78.0,21816
2022-03-20,NL,Netherlands (Kingdom of the),EURO,324075.0,7546135,97.0,21913
2022-03-27,NL,Netherlands (Kingdom of the),EURO,231665.0,7777800,107.0,22020
2022-04-03,NL,Netherlands (Kingdom of the),EURO,145200.0,7923000,82.0,22102
2022-04-10,NL,Netherlands (Kingdom of the),EURO,73707.0,7996707,63.0,22165
2022-04-17,NL,Netherlands (Kingdom of the),EURO,28273.0,8024980,44.0,22209
2022-04-24,NL,Netherlands (Kingdom of the),EURO,16529.0,8041509,29.0,22238
2022-05-01,NL,Netherlands (Kingdom of the),EURO,10341.0,8051850,34.0,22272
2022-05-08,NL,Netherlands (Kingdom of the),EURO,10185.0,8062035,13.0,22285
2022-05-15,NL,Netherlands (Kingdom of the),EURO,8434.0,8070469,12.0,22297
2022-05-22,NL,Netherlands (Kingdom of the),EURO,7561.0,8078030,13.0,22310
2022-05-29,NL,Netherlands (Kingdom of the),EURO,6840.0,8084870,11.0,22321
2022-06-05,NL,Netherlands (Kingdom of the),EURO,9368.0,8094238,4.0,22325
2022-06-12,NL,Netherlands (Kingdom of the),EURO,14164.0,8108402,10.0,22335
2022-06-19,NL,Netherlands (Kingdom of the),EURO,24704.0,8133106,14.0,22349
2022-06-26,NL,Netherlands (Kingdom of the),EURO,33507.0,8166613,16.0,22365
2022-07-03,NL,Netherlands (Kingdom of the),EURO,38387.0,8205000,28.0,22393
2022-07-10,NL,Netherlands (Kingdom of the),EURO,42753.0,8247753,20.0,22413
2022-07-17,NL,Netherlands (Kingdom of the),EURO,40744.0,8288497,35.0,22448
2022-07-24,NL,Netherlands (Kingdom of the),EURO,28294.0,8316791,32.0,22480
2022-07-31,NL,Netherlands (Kingdom of the),EURO,22692.0,8339483,32.0,22512
2022-08-07,NL,Netherlands (Kingdom of the),EURO,15856.0,8355339,31.0,22543
2022-08-14,NL,Netherlands (Kingdom of the),EURO,11780.0,8367119,28.0,22571
2022-08-21,NL,Netherlands (Kingdom of the),EURO,9302.0,8376421,25.0,22596
2022-08-28,NL,Netherlands (Kingdom of the),EURO,7762.0,8384183,12.0,22608
2022-09-04,NL,Netherlands (Kingdom of the),EURO,7678.0,8391861,8.0,22616
2022-09-11,NL,Netherlands (Kingdom of the),EURO,8345.0,8400206,15.0,22631
2022-09-18,NL,Netherlands (Kingdom of the),EURO,8646.0,8408852,13.0,22644
2022-09-25,NL,Netherlands (Kingdom of the),EURO,11537.0,8420389,11.0,22655
2022-10-02,NL,Netherlands (Kingdom of the),EURO,18296.0,8438685,28.0,22683
2022-10-09,NL,Netherlands (Kingdom of the),EURO,23937.0,8462622,36.0,22719
2022-10-16,NL,Netherlands (Kingdom of the),EURO,22656.0,8485278,50.0,22769
2022-10-23,NL,Netherlands (Kingdom of the),EURO,18412.0,8503690,38.0,22807
2022-10-30,NL,Netherlands (Kingdom of the),EURO,12726.0,8516416,32.0,22839
2022-11-06,NL,Netherlands (Kingdom of the),EURO,8230.0,8524646,26.0,22865
2022-11-13,NL,Netherlands (Kingdom of the),EURO,6146.0,8530792,24.0,22889
2022-11-20,NL,Netherlands (Kingdom of the),EURO,5482.0,8536274,10.0,22899
2022-11-27,NL,Netherlands (Kingdom of the),EURO,5131.0,8541405,11.0,22910
2022-12-04,NL,Netherlands (Kingdom of the),EURO,5533.0,8546938,14.0,22924
2022-12-11,NL,Netherlands (Kingdom of the),EURO,5707.0,8552645,16.0,22940
2022-12-18,NL,Netherlands (Kingdom of the),EURO,6093.0,8558738,15.0,22955
2022-12-25,NL,Netherlands (Kingdom of the),EURO,7329.0,8566067,21.0,22976
2023-01-01,NL,Netherlands (Kingdom of the),EURO,5805.0,8571872,10.0,22986
2023-01-08,NL,Netherlands (Kingdom of the),EURO,4389.0,8576261,0.0,22986
2023-01-15,NL,Netherlands (Kingdom of the),EURO,2434.0,8578695,0.0,22986
2023-01-22,NL,Netherlands (Kingdom of the),EURO,1754.0,8580449,0.0,22986
2023-01-29,NL,Netherlands (Kingdom of the),EURO,1892.0,8582341,0.0,22986
2023-02-05,NL,Netherlands (Kingdom of the),EURO,2455.0,8584796,0.0,22986
2023-02-12,NL,Netherlands (Kingdom of the),EURO,2851.0,8587647,0.0,22986
2023-02-19,NL,Netherlands (Kingdom of the),EURO,3949.0,8591596,0.0,22986
2023-02-26,NL,Netherlands (Kingdom of the),EURO,4627.0,8596223,0.0,22986
2023-03-05,NL,Netherlands (Kingdom of the),EURO,4153.0,8600376,0.0,22986
2023-03-12,NL,Netherlands (Kingdom of the),EURO,3860.0,8604236,0.0,22986
2023-03-19,NL,Netherlands (Kingdom of the),EURO,2819.0,8607055,0.0,22986
2023-03-26,NL,Netherlands (Kingdom of the),EURO,1864.0,8608919,0.0,22986
2023-04-02,NL,Netherlands (Kingdom of the),EURO,1469.0,8610388,0.0,22986
2023-04-09,NL,Netherlands (Kingdom of the),EURO,1089.0,8611477,0.0,22986
2023-04-16,NL,Netherlands (Kingdom of the),EURO,946.0,8612423,0.0,22986
2023-04-23,NL,Netherlands (Kingdom of the),EURO,836.0,8613259,0.0,22986
2023-04-30,NL,Netherlands (Kingdom of the),EURO,622.0,8613881,0.0,22986
2023-05-07,NL,Netherlands (Kingdom of the),EURO,591.0,8614472,0.0,22986
2023-05-14,NL,Netherlands (Kingdom of the),EURO,446.0,8614918,0.0,22986
2023-05-21,NL,Netherlands (Kingdom of the),EURO,296.0,8615214,0.0,22986
2023-05-28,NL,Netherlands (Kingdom of the),EURO,270.0,8615484,0.0,22986
2023-06-04,NL,Netherlands (Kingdom of the),EURO,286.0,8615770,0.0,22986
2023-06-11,NL,Netherlands (Kingdom of the),EURO,195.0,8615965,0.0,22986
2023-06-18,NL,Netherlands (Kingdom of the),EURO,164.0,8616129,0.0,22986
2023-06-25,NL,Netherlands (Kingdom of the),EURO,114.0,8616243,0.0,22986
2023-07-02,NL,Netherlands (Kingdom of the),EURO,126.0,8616369,0.0,22986
2023-07-09,NL,Netherlands (Kingdom of the),EURO,74.0,8616443,0.0,22986
2023-07-16,NL,Netherlands (Kingdom of the),EURO,83.0,8616526,0.0,22986
2023-07-23,NL,Netherlands (Kingdom of the),EURO,106.0,8616632,0.0,22986
2023-07-30,NL,Netherlands (Kingdom of the),EURO,88.0,8616720,0.0,22986
2023-08-06,NL,Netherlands (Kingdom of the),EURO,128.0,8616848,0.0,22986
2023-08-13,NL,Netherlands (Kingdom of the),EURO,178.0,8617026,0.0,22986
2023-08-20,NL,Netherlands (Kingdom of the),EURO,200.0,8617226,0.0,22986
2023-08-27,NL,Netherlands (Kingdom of the),EURO,287.0,8617513,0.0,22986
2023-09-03,NL,Netherlands (Kingdom of the),EURO,259.0,8617772,0.0,22986
2023-09-10,NL,Netherlands (Kingdom of the),EURO,354.0,8618126,0.0,22986
2023-09-17,NL,Netherlands (Kingdom of the),EURO,393.0,8618519,0.0,22986
2023-09-24,NL,Netherlands (Kingdom of the),EURO,403.0,8618922,0.0,22986
2023-10-01,NL,Netherlands (Kingdom of the),EURO,345.0,8619267,0.0,22986
2023-10-08,NL,Netherlands (Kingdom of the),EURO,438.0,8619705,0.0,22986
2023-10-15,NL,Netherlands (Kingdom of the),EURO,346.0,8620051,0.0,22986
2023-10-22,NL,Netherlands (Kingdom of the),EURO,0.0,8620051,0.0,22986
2023-10-29,NL,Netherlands (Kingdom of the),EURO,0.0,8620051,0.0,22986
2023-11-05,NL,Netherlands (Kingdom of the),EURO,920.0,8620971,0.0,22986
2023-11-12,NL,Netherlands (Kingdom of the),EURO,903.0,8621874,0.0,22986
2023-11-19,NL,Netherlands (Kingdom of the),EURO,891.0,8622765,0.0,22986
2023-11-26,NL,Netherlands (Kingdom of the),EURO,917.0,8623682,0.0,22986
2023-12-03,NL,Netherlands (Kingdom of the),EURO,1105.0,8624787,0.0,22986
2023-12-10,NL,Netherlands (Kingdom of the),EURO,1556.0,8626343,0.0,22986
2023-12-17,NL,Netherlands (Kingdom of the),EURO,1793.0,8628136,0.0,22986
2023-12-24,NL,Netherlands (Kingdom of the),EURO,1629.0,8629765,0.0,22986
2023-12-31,NL,Netherlands (Kingdom of the),EURO,1265.0,8631030,0.0,22986
2024-01-07,NL,Netherlands (Kingdom of the),EURO,991.0,8632021,0.0,22986
2024-01-14,NL,Netherlands (Kingdom of the),EURO,754.0,8632775,0.0,22986
2024-01-21,NL,Netherlands (Kingdom of the),EURO,598.0,8633373,0.0,22986
2024-01-28,NL,Netherlands (Kingdom of the),EURO,569.0,8633942,0.0,22986
2024-02-04,NL,Netherlands (Kingdom of the),EURO,483.0,8634425,0.0,22986
2024-02-11,NL,Netherlands (Kingdom of the),EURO,350.0,8634775,0.0,22986
2024-02-18,NL,Netherlands (Kingdom of the),EURO,294.0,8635069,0.0,22986
2024-02-25,NL,Netherlands (Kingdom of the),EURO,219.0,8635288,0.0,22986
2024-03-03,NL,Netherlands (Kingdom of the),EURO,170.0,8635458,0.0,22986
2024-03-10,NL,Netherlands (Kingdom of the),EURO,133.0,8635591,0.0,22986
2024-03-17,NL,Netherlands (Kingdom of the),EURO,107.0,8635698,0.0,22986
2024-03-24,NL,Netherlands (Kingdom of the),EURO,88.0,8635786,0.0,22986
2024-03-31,NL,Netherlands (Kingdom of the),EURO,115.0,8635901,0.0,22986
2024-04-07,NL,Netherlands (Kingdom of the),EURO,71.0,8635972,0.0,22986
2024-04-14,NL,Netherlands (Kingdom of the),EURO,56.0,8636028,0.0,22986
2024-04-21,NL,Netherlands (Kingdom of the),EURO,54.0,8636082,0.0,22986
2024-04-28,NL,Netherlands (Kingdom of the),EURO,61.0,8636143,0.0,22986
