Date_reported,Country_code,Country,WHO_region,New_cases,Cumulative_cases,New_deaths,Cumulative_deaths
2020-03-08,PL,Poland,EURO,6.0,6,0.0,0
2020-03-15,PL,Poland,EURO,97.0,103,3.0,3
2020-03-22,PL,Poland,EURO,431.0,534,2.0,5
2020-03-29,PL,Poland,EURO,1104.0,1638,13.0,18
2020-04-05,PL,Poland,EURO,1989.0,3627,61.0,79
2020-04-12,PL,Poland,EURO,2728.0,6355,129.0,208
2020-04-19,PL,Poland,EURO,2387.0,8742,137.0,345
2020-04-26,PL,Poland,EURO,2531.0,11273,176.0,521
2020-05-03,PL,Poland,EURO,2102.0,13375,140.0,661
2020-05-10,PL,Poland,EURO,2276.0,15651,122.0,783
2020-05-17,PL,Poland,EURO,2606.0,18257,131.0,914
2020-05-24,PL,Poland,EURO,2674.0,20931,78.0,992
2020-05-31,PL,Poland,EURO,2640.0,23571,68.0,1060
2020-06-07,PL,Poland,EURO,2415.0,25986,90.0,1150
2020-06-14,PL,Poland,EURO,3031.0,29017,86.0,1236
2020-06-21,PL,Poland,EURO,2603.0,31620,109.0,1345
2020-06-28,PL,Poland,EURO,2094.0,33714,89.0,1434
2020-07-05,PL,Poland,EURO,2005.0,35719,77.0,1511
2020-07-12,PL,Poland,EURO,1802.0,37521,57.0,1568
2020-07-19,PL,Poland,EURO,2225.0,39746,49.0,1617
2020-07-26,PL,Poland,EURO,2876.0,42622,47.0,1664
2020-08-02,PL,Poland,EURO,3724.0,46346,57.0,1721
2020-08-09,PL,Poland,EURO,4821.0,51167,79.0,1800
2020-08-16,PL,Poland,EURO,4923.0,56090,69.0,1869
2020-08-23,PL,Poland,EURO,5091.0,61181,82.0,1951
2020-08-30,PL,Poland,EURO,5058.0,66239,81.0,2032
2020-09-06,PL,Poland,EURO,4148.0,70387,81.0,2113
2020-09-13,PL,Poland,EURO,3263.0,73650,68.0,2181
2020-09-20,PL,Poland,EURO,4680.0,78330,100.0,2281
2020-09-27,PL,Poland,EURO,7650.0,85980,142.0,2423
2020-10-04,PL,Poland,EURO,12160.0,98140,180.0,2603
2020-10-11,PL,Poland,EURO,23498.0,121638,369.0,2972
2020-10-18,PL,Poland,EURO,45592.0,167230,553.0,3525
2020-10-25,PL,Poland,EURO,74716.0,241946,790.0,4315
2020-11-01,PL,Poland,EURO,124785.0,366731,1316.0,5631
2020-11-08,PL,Poland,EURO,172909.0,539640,2005.0,7636
2020-11-15,PL,Poland,EURO,183478.0,723118,2409.0,10045
2020-11-22,PL,Poland,EURO,160188.0,883306,3243.0,13288
2020-11-29,PL,Poland,EURO,103928.0,987234,3773.0,17061
2020-12-06,PL,Poland,EURO,78343.0,1065577,3060.0,20121
2020-12-13,PL,Poland,EURO,72231.0,1137808,2775.0,22896
2020-12-20,PL,Poland,EURO,67012.0,1204820,2533.0,25429
2020-12-27,PL,Poland,EURO,55103.0,1259923,1778.0,27207
2021-01-03,PL,Poland,EURO,61169.0,1321092,1998.0,29205
2021-01-10,PL,Poland,EURO,67009.0,1388101,2069.0,31274
2021-01-17,PL,Poland,EURO,49942.0,1438043,2160.0,33434
2021-01-24,PL,Poland,EURO,39822.0,1477865,2007.0,35441
2021-01-31,PL,Poland,EURO,37682.0,1515547,1817.0,37258
2021-02-07,PL,Poland,EURO,36873.0,1552420,1904.0,39162
2021-02-14,PL,Poland,EURO,38697.0,1591117,1717.0,40879
2021-02-21,PL,Poland,EURO,49813.0,1640930,1362.0,42241
2021-02-28,PL,Poland,EURO,68226.0,1709156,1598.0,43839
2021-03-07,PL,Poland,EURO,87931.0,1797087,1472.0,45311
2021-03-14,PL,Poland,EURO,111512.0,1908599,1891.0,47202
2021-03-21,PL,Poland,EURO,151874.0,2060473,2117.0,49319
2021-03-28,PL,Poland,EURO,191601.0,2252074,2578.0,51897
2021-04-04,PL,Poland,EURO,187526.0,2439600,3055.0,54952
2021-04-11,PL,Poland,EURO,135990.0,2575590,3478.0,58430
2021-04-18,PL,Poland,EURO,113416.0,2689006,3608.0,62038
2021-04-25,PL,Poland,EURO,70799.0,2759805,3381.0,65419
2021-05-02,PL,Poland,EURO,44359.0,2804164,2655.0,68074
2021-05-09,PL,Poland,EURO,29812.0,2833976,1945.0,70019
2021-05-16,PL,Poland,EURO,21466.0,2855442,1668.0,71687
2021-05-23,PL,Poland,EURO,11543.0,2866985,1263.0,72950
2021-05-30,PL,Poland,EURO,6356.0,2873341,810.0,73760
2021-06-06,PL,Poland,EURO,3203.0,2876544,414.0,74174
2021-06-13,PL,Poland,EURO,2211.0,2878755,421.0,74595
2021-06-20,PL,Poland,EURO,1305.0,2880060,255.0,74850
2021-06-27,PL,Poland,EURO,877.0,2880937,151.0,75001
2021-07-04,PL,Poland,EURO,634.0,2881571,105.0,75106
2021-07-11,PL,Poland,EURO,558.0,2882129,72.0,75178
2021-07-18,PL,Poland,EURO,607.0,2882736,55.0,75233
2021-07-25,PL,Poland,EURO,733.0,2883469,27.0,75260
2021-08-01,PL,Poland,EURO,882.0,2884351,19.0,75279
2021-08-08,PL,Poland,EURO,1070.0,2885421,24.0,75303
2021-08-15,PL,Poland,EURO,1240.0,2886661,14.0,75317
2021-08-22,PL,Poland,EURO,1373.0,2888034,17.0,75334
2021-08-29,PL,Poland,EURO,1577.0,2889611,24.0,75358
2021-09-05,PL,Poland,EURO,2254.0,2891865,37.0,75395
2021-09-12,PL,Poland,EURO,3166.0,2895031,46.0,75441
2021-09-19,PL,Poland,EURO,4284.0,2899315,62.0,75503
2021-09-26,PL,Poland,EURO,5303.0,2904618,84.0,75587
2021-10-03,PL,Poland,EURO,7634.0,2912252,123.0,75710
2021-10-10,PL,Poland,EURO,11535.0,2923787,173.0,75883
2021-10-17,PL,Poland,EURO,17191.0,2940978,243.0,76126
2021-10-24,PL,Poland,EURO,33327.0,2974305,335.0,76461
2021-10-31,PL,Poland,EURO,52284.0,3026589,553.0,77014
2021-11-07,PL,Poland,EURO,78939.0,3105528,758.0,77772
2021-11-14,PL,Poland,EURO,100283.0,3205811,1109.0,78881
2021-11-21,PL,Poland,EURO,140762.0,3346573,1953.0,80834
2021-11-28,PL,Poland,EURO,162271.0,3508844,2213.0,83047
2021-12-05,PL,Poland,EURO,163539.0,3672383,2633.0,85680
2021-12-12,PL,Poland,EURO,156823.0,3829206,2805.0,88485
2021-12-19,PL,Poland,EURO,130602.0,3959808,3006.0,91491
2021-12-26,PL,Poland,EURO,91024.0,4050832,2839.0,94330
2022-01-02,PL,Poland,EURO,77580.0,4128412,3266.0,97596
2022-01-09,PL,Poland,EURO,85772.0,4214184,2151.0,99747
2022-01-16,PL,Poland,EURO,99852.0,4314036,2564.0,102311
2022-01-23,PL,Poland,EURO,205147.0,4519183,1537.0,103848
2022-01-30,PL,Poland,EURO,334382.0,4853565,1317.0,105165
2022-02-06,PL,Poland,EURO,311108.0,5164673,1434.0,106599
2022-02-13,PL,Poland,EURO,236085.0,5400758,1522.0,108121
2022-02-20,PL,Poland,EURO,152407.0,5553165,1695.0,109816
2022-02-27,PL,Poland,EURO,106705.0,5659870,1501.0,111317
2022-03-06,PL,Poland,EURO,81270.0,5741140,1228.0,112545
2022-03-13,PL,Poland,EURO,76923.0,5818063,899.0,113444
2022-03-20,PL,Poland,EURO,72482.0,5890545,775.0,114219
2022-03-27,PL,Poland,EURO,52113.0,5942658,608.0,114827
2022-04-03,PL,Poland,EURO,26428.0,5969086,517.0,115344
2022-04-10,PL,Poland,EURO,8626.0,5977712,290.0,115634
2022-04-17,PL,Poland,EURO,7050.0,5984762,203.0,115837
2022-04-24,PL,Poland,EURO,5956.0,5990718,110.0,115947
2022-05-01,PL,Poland,EURO,5555.0,5996273,111.0,116058
2022-05-08,PL,Poland,EURO,3677.0,5999950,79.0,116137
2022-05-15,PL,Poland,EURO,3019.0,6002969,70.0,116207
2022-05-22,PL,Poland,EURO,2100.0,6005069,61.0,116268
2022-05-29,PL,Poland,EURO,1627.0,6006696,43.0,116311
2022-06-05,PL,Poland,EURO,1457.0,6008153,36.0,116347
2022-06-12,PL,Poland,EURO,1436.0,6009589,22.0,116369
2022-06-19,PL,Poland,EURO,1196.0,6010785,22.0,116391
2022-06-26,PL,Poland,EURO,1840.0,6012625,24.0,116415
2022-07-03,PL,Poland,EURO,3335.0,6015960,18.0,116433
2022-07-10,PL,Poland,EURO,5820.0,6021780,18.0,116451
2022-07-17,PL,Poland,EURO,10251.0,6032031,17.0,116468
2022-07-24,PL,Poland,EURO,16595.0,6048626,40.0,116508
2022-07-31,PL,Poland,EURO,20661.0,6069287,60.0,116568
2022-08-07,PL,Poland,EURO,24630.0,6093917,90.0,116658
2022-08-14,PL,Poland,EURO,25009.0,6118926,113.0,116771
2022-08-21,PL,Poland,EURO,24437.0,6143363,108.0,116879
2022-08-28,PL,Poland,EURO,23541.0,6166904,149.0,117028
2022-09-04,PL,Poland,EURO,20275.0,6187179,123.0,117151
2022-09-11,PL,Poland,EURO,25179.0,6212358,99.0,117250
2022-09-18,PL,Poland,EURO,32071.0,6244429,99.0,117349
2022-09-25,PL,Poland,EURO,28692.0,6273121,106.0,117455
2022-10-02,PL,Poland,EURO,24135.0,6297256,142.0,117597
2022-10-09,PL,Poland,EURO,17763.0,6315019,158.0,117755
2022-10-16,PL,Poland,EURO,11598.0,6326617,144.0,117899
2022-10-23,PL,Poland,EURO,8147.0,6334764,129.0,118028
2022-10-30,PL,Poland,EURO,5404.0,6340168,95.0,118123
2022-11-06,PL,Poland,EURO,3491.0,6343659,46.0,118169
2022-11-13,PL,Poland,EURO,2539.0,6346198,40.0,118209
2022-11-20,PL,Poland,EURO,2533.0,6348731,64.0,118273
2022-11-27,PL,Poland,EURO,2475.0,6351206,32.0,118305
2022-12-04,PL,Poland,EURO,3091.0,6354297,34.0,118339
2022-12-11,PL,Poland,EURO,3089.0,6357386,43.0,118382
2022-12-18,PL,Poland,EURO,4105.0,6361491,47.0,118429
2022-12-25,PL,Poland,EURO,3891.0,6365382,46.0,118475
2023-01-01,PL,Poland,EURO,3160.0,6368542,58.0,118533
2023-01-08,PL,Poland,EURO,2633.0,6371175,53.0,118586
2023-01-15,PL,Poland,EURO,2060.0,6373235,65.0,118651
2023-01-22,PL,Poland,EURO,2083.0,6375318,30.0,118681
2023-01-29,PL,Poland,EURO,2888.0,6378206,34.0,118715
2023-02-05,PL,Poland,EURO,4754.0,6382960,33.0,118748
2023-02-12,PL,Poland,EURO,6655.0,6389615,31.0,118779
2023-02-19,PL,Poland,EURO,10603.0,6400218,47.0,118826
2023-02-26,PL,Poland,EURO,14971.0,6415189,42.0,118868
2023-03-05,PL,Poland,EURO,17062.0,6432251,84.0,118952
2023-03-12,PL,Poland,EURO,20385.0,6452636,78.0,119030
2023-03-19,PL,Poland,EURO,20347.0,6472983,106.0,119136
2023-03-26,PL,Poland,EURO,15383.0,6488366,109.0,119245
2023-04-02,PL,Poland,EURO,9358.0,6497724,116.0,119361
2023-04-09,PL,Poland,EURO,6370.0,6504094,62.0,119423
2023-04-16,PL,Poland,EURO,4671.0,6508765,59.0,119482
2023-04-23,PL,Poland,EURO,3215.0,6511980,38.0,119520
2023-04-30,PL,Poland,EURO,1901.0,6513881,35.0,119555
2023-05-07,PL,Poland,EURO,933.0,6514814,8.0,119563
2023-05-14,PL,Poland,EURO,805.0,6515619,22.0,119585
2023-05-21,PL,Poland,EURO,652.0,6516271,11.0,119596
2023-05-28,PL,Poland,EURO,510.0,6516781,13.0,119609
2023-06-04,PL,Poland,EURO,386.0,6517167,8.0,119617
2023-06-11,PL,Poland,EURO,260.0,6517427,5.0,119622
2023-06-18,PL,Poland,EURO,201.0,6517628,1.0,119623
2023-06-25,PL,Poland,EURO,179.0,6517807,1.0,119624
2023-07-02,PL,Poland,EURO,103.0,6517910,3.0,119627
2023-07-09,PL,Poland,EURO,67.0,6517977,3.0,119630
2023-07-16,PL,Poland,EURO,81.0,6518058,2.0,119632
2023-07-23,PL,Poland,EURO,71.0,6518129,0.0,119632
2023-07-30,PL,Poland,EURO,47.0,6518176,3.0,119635
2023-08-06,PL,Poland,EURO,94.0,6518270,0.0,119635
2023-08-13,PL,Poland,EURO,125.0,6518395,0.0,119635
2023-08-20,PL,Poland,EURO,188.0,6518583,2.0,119637
2023-08-27,PL,Poland,EURO,252.0,6518835,1.0,119638
2023-09-03,PL,Poland,EURO,369.0,6519204,2.0,119640
2023-09-10,PL,Poland,EURO,539.0,6519743,2.0,119642
2023-09-17,PL,Poland,EURO,933.0,6520676,3.0,119645
2023-09-24,PL,Poland,EURO,1222.0,6521898,2.0,119647
2023-10-01,PL,Poland,EURO,1437.0,6523335,7.0,119654
2023-10-08,PL,Poland,EURO,1431.0,6524766,1.0,119655
2023-10-15,PL,Poland,EURO,1740.0,6526506,2.0,119657
2023-10-22,PL,Poland,EURO,2495.0,6529001,8.0,119665
2023-10-29,PL,Poland,EURO,3938.0,6532939,21.0,119686
2023-11-05,PL,Poland,EURO,4261.0,6537200,9.0,119695
2023-11-12,PL,Poland,EURO,6227.0,6543427,26.0,119721
2023-11-19,PL,Poland,EURO,7463.0,6550890,24.0,119745
2023-11-26,PL,Poland,EURO,9710.0,6560600,64.0,119809
2023-12-03,PL,Poland,EURO,13111.0,6573711,30.0,119839
2023-12-10,PL,Poland,EURO,17007.0,6590718,47.0,119886
2023-12-17,PL,Poland,EURO,18374.0,6609092,132.0,120018
2023-12-24,PL,Poland,EURO,15554.0,6624646,141.0,120159
2023-12-31,PL,Poland,EURO,7419.0,6632065,79.0,120238
2024-01-07,PL,Poland,EURO,8613.0,6640678,191.0,120429
2024-01-14,PL,Poland,EURO,4974.0,6645652,68.0,120497
2024-01-21,PL,Poland,EURO,4265.0,6649917,53.0,120550
2024-01-28,PL,Poland,EURO,3448.0,6653365,27.0,120577
2024-02-04,PL,Poland,EURO,2394.0,6655759,41.0,120618
2024-02-11,PL,Poland,EURO,1793.0,6657552,24.0,120642
2024-02-18,PL,Poland,EURO,1300.0,6658852,23.0,120665
2024-02-25,PL,Poland,EURO,1107.0,6659959,12.0,120677
2024-03-03,PL,Poland,EURO,683.0,6660642,10.0,120687
2024-03-10,PL,Poland,EURO,467.0,6661109,3.0,120690
2024-03-17,PL,Poland,EURO,380.0,6661489,11.0,120701
2024-03-24,PL,Poland,EURO,277.0,6661766,5.0,120706
2024-03-31,PL,Poland,EURO,253.0,6662019,0.0,120706
2024-04-07,PL,Poland,EURO,171.0,6662190,1.0,120707
2024-04-14,PL,Poland,EURO,136.0,6662326,2.0,120709
2024-04-21,PL,Poland,EURO,85.0,6662411,0.0,120709
2024-04-28,PL,Poland,EURO,110.0,6662521,2.0,120711
