Date_reported,Country_code,Country,WHO_region,New_cases,Cumulative_cases,New_deaths,Cumulative_deaths
2020-03-15,PR,Puerto Rico,AMRO,2.0,2,0.0,0
2020-03-22,PR,Puerto Rico,AMRO,39.0,41,4.0,4
2020-03-29,PR,Puerto Rico,AMRO,255.0,296,12.0,16
2020-04-05,PR,Puerto Rico,AMRO,335.0,631,18.0,34
2020-04-12,PR,Puerto Rico,AMRO,158.0,789,24.0,58
2020-04-19,PR,Puerto Rico,AMRO,138.0,927,21.0,79
2020-04-26,PR,Puerto Rico,AMRO,109.0,1036,19.0,98
2020-05-03,PR,Puerto Rico,AMRO,92.0,1128,15.0,113
2020-05-10,PR,Puerto Rico,AMRO,108.0,1236,10.0,123
2020-05-17,PR,Puerto Rico,AMRO,73.0,1309,5.0,128
2020-05-24,PR,Puerto Rico,AMRO,59.0,1368,9.0,137
2020-05-31,PR,Puerto Rico,AMRO,77.0,1445,6.0,143
2020-06-07,PR,Puerto Rico,AMRO,86.0,1531,6.0,149
2020-06-14,PR,Puerto Rico,AMRO,85.0,1616,4.0,153
2020-06-21,PR,Puerto Rico,AMRO,104.0,1720,3.0,156
2020-06-28,PR,Puerto Rico,AMRO,220.0,1940,2.0,158
2020-07-05,PR,Puerto Rico,AMRO,488.0,2428,5.0,163
2020-07-12,PR,Puerto Rico,AMRO,1346.0,3774,14.0,177
2020-07-19,PR,Puerto Rico,AMRO,2008.0,5782,16.0,193
2020-07-26,PR,Puerto Rico,AMRO,1678.0,7460,29.0,222
2020-08-02,PR,Puerto Rico,AMRO,1559.0,9019,44.0,266
2020-08-09,PR,Puerto Rico,AMRO,2520.0,11539,45.0,311
2020-08-16,PR,Puerto Rico,AMRO,2379.0,13918,73.0,384
2020-08-23,PR,Puerto Rico,AMRO,1954.0,15872,49.0,433
2020-08-30,PR,Puerto Rico,AMRO,1779.0,17651,29.0,462
2020-09-06,PR,Puerto Rico,AMRO,1750.0,19401,53.0,515
2020-09-13,PR,Puerto Rico,AMRO,2283.0,21684,73.0,588
2020-09-20,PR,Puerto Rico,AMRO,2697.0,24381,47.0,635
2020-09-27,PR,Puerto Rico,AMRO,1926.0,26307,46.0,681
2020-10-04,PR,Puerto Rico,AMRO,1921.0,28228,50.0,731
2020-10-11,PR,Puerto Rico,AMRO,2507.0,30735,42.0,773
2020-10-18,PR,Puerto Rico,AMRO,2692.0,33427,40.0,813
2020-10-25,PR,Puerto Rico,AMRO,3343.0,36770,37.0,850
2020-11-01,PR,Puerto Rico,AMRO,4007.0,40777,41.0,891
2020-11-08,PR,Puerto Rico,AMRO,4559.0,45336,54.0,945
2020-11-15,PR,Puerto Rico,AMRO,5835.0,51171,73.0,1018
2020-11-22,PR,Puerto Rico,AMRO,6477.0,57648,82.0,1100
2020-11-29,PR,Puerto Rico,AMRO,4783.0,62431,108.0,1208
2020-12-06,PR,Puerto Rico,AMRO,6636.0,69067,104.0,1312
2020-12-13,PR,Puerto Rico,AMRO,5807.0,74874,117.0,1429
2020-12-20,PR,Puerto Rico,AMRO,4687.0,79561,109.0,1538
2020-12-27,PR,Puerto Rico,AMRO,2742.0,82303,92.0,1630
2021-01-03,PR,Puerto Rico,AMRO,3042.0,85345,68.0,1698
2021-01-10,PR,Puerto Rico,AMRO,3514.0,88859,81.0,1779
2021-01-17,PR,Puerto Rico,AMRO,3810.0,92669,58.0,1837
2021-01-24,PR,Puerto Rico,AMRO,2834.0,95503,47.0,1884
2021-01-31,PR,Puerto Rico,AMRO,2412.0,97915,53.0,1937
2021-02-07,PR,Puerto Rico,AMRO,1942.0,99857,44.0,1981
2021-02-14,PR,Puerto Rico,AMRO,1497.0,101354,31.0,2012
2021-02-21,PR,Puerto Rico,AMRO,1280.0,102634,29.0,2041
2021-02-28,PR,Puerto Rico,AMRO,1336.0,103970,26.0,2067
2021-03-07,PR,Puerto Rico,AMRO,1176.0,105146,18.0,2085
2021-03-14,PR,Puerto Rico,AMRO,1160.0,106306,13.0,2098
2021-03-21,PR,Puerto Rico,AMRO,1815.0,108121,19.0,2117
2021-03-28,PR,Puerto Rico,AMRO,2503.0,110624,12.0,2129
2021-04-04,PR,Puerto Rico,AMRO,3463.0,114087,22.0,2151
2021-04-11,PR,Puerto Rico,AMRO,7814.0,121901,28.0,2179
2021-04-18,PR,Puerto Rico,AMRO,7458.0,129359,54.0,2233
2021-04-25,PR,Puerto Rico,AMRO,5377.0,134736,58.0,2291
2021-05-02,PR,Puerto Rico,AMRO,3366.0,138102,53.0,2344
2021-05-09,PR,Puerto Rico,AMRO,1902.0,140004,56.0,2400
2021-05-16,PR,Puerto Rico,AMRO,1253.0,141257,55.0,2455
2021-05-23,PR,Puerto Rico,AMRO,952.0,142209,38.0,2493
2021-05-30,PR,Puerto Rico,AMRO,653.0,142862,22.0,2515
2021-06-06,PR,Puerto Rico,AMRO,404.0,143266,19.0,2534
2021-06-13,PR,Puerto Rico,AMRO,368.0,143634,9.0,2543
2021-06-20,PR,Puerto Rico,AMRO,330.0,143964,9.0,2552
2021-06-27,PR,Puerto Rico,AMRO,299.0,144263,5.0,2557
2021-07-04,PR,Puerto Rico,AMRO,469.0,144732,5.0,2562
2021-07-11,PR,Puerto Rico,AMRO,661.0,145393,3.0,2565
2021-07-18,PR,Puerto Rico,AMRO,1354.0,146747,6.0,2571
2021-07-25,PR,Puerto Rico,AMRO,2326.0,149073,8.0,2579
2021-08-01,PR,Puerto Rico,AMRO,3914.0,152987,15.0,2594
2021-08-08,PR,Puerto Rico,AMRO,5806.0,158793,34.0,2628
2021-08-15,PR,Puerto Rico,AMRO,7050.0,165843,59.0,2687
2021-08-22,PR,Puerto Rico,AMRO,6078.0,171921,90.0,2777
2021-08-29,PR,Puerto Rico,AMRO,5321.0,177242,83.0,2860
2021-09-05,PR,Puerto Rico,AMRO,4103.0,181345,90.0,2950
2021-09-12,PR,Puerto Rico,AMRO,2803.0,184148,86.0,3036
2021-09-19,PR,Puerto Rico,AMRO,1952.0,186100,65.0,3101
2021-09-26,PR,Puerto Rico,AMRO,1490.0,187590,55.0,3156
2021-10-03,PR,Puerto Rico,AMRO,980.0,188570,26.0,3182
2021-10-10,PR,Puerto Rico,AMRO,975.0,189545,23.0,3205
2021-10-17,PR,Puerto Rico,AMRO,714.0,190259,14.0,3219
2021-10-24,PR,Puerto Rico,AMRO,678.0,190937,16.0,3235
2021-10-31,PR,Puerto Rico,AMRO,745.0,191682,11.0,3246
2021-11-07,PR,Puerto Rico,AMRO,941.0,192623,7.0,3253
2021-11-14,PR,Puerto Rico,AMRO,898.0,193521,10.0,3263
2021-11-21,PR,Puerto Rico,AMRO,884.0,194405,7.0,3270
2021-11-28,PR,Puerto Rico,AMRO,573.0,194978,4.0,3274
2021-12-05,PR,Puerto Rico,AMRO,982.0,195960,4.0,3278
2021-12-12,PR,Puerto Rico,AMRO,894.0,196854,4.0,3282
2021-12-19,PR,Puerto Rico,AMRO,12116.0,208970,10.0,3292
2021-12-26,PR,Puerto Rico,AMRO,43364.0,252334,9.0,3301
2022-01-02,PR,Puerto Rico,AMRO,72566.0,324900,30.0,3331
2022-01-09,PR,Puerto Rico,AMRO,66268.0,391168,98.0,3429
2022-01-16,PR,Puerto Rico,AMRO,53195.0,444363,163.0,3592
2022-01-23,PR,Puerto Rico,AMRO,23235.0,467598,180.0,3772
2022-01-30,PR,Puerto Rico,AMRO,12423.0,480021,136.0,3908
2022-02-06,PR,Puerto Rico,AMRO,6736.0,486757,87.0,3995
2022-02-13,PR,Puerto Rico,AMRO,4004.0,490761,69.0,4064
2022-02-20,PR,Puerto Rico,AMRO,2469.0,493230,43.0,4107
2022-02-27,PR,Puerto Rico,AMRO,1847.0,495077,29.0,4136
2022-03-06,PR,Puerto Rico,AMRO,1604.0,496681,22.0,4158
2022-03-13,PR,Puerto Rico,AMRO,1426.0,498107,9.0,4167
2022-03-20,PR,Puerto Rico,AMRO,1552.0,499659,2.0,4169
2022-03-27,PR,Puerto Rico,AMRO,2114.0,501773,4.0,4173
2022-04-03,PR,Puerto Rico,AMRO,3456.0,505229,9.0,4182
2022-04-10,PR,Puerto Rico,AMRO,6088.0,511317,11.0,4193
2022-04-17,PR,Puerto Rico,AMRO,10770.0,522087,5.0,4198
2022-04-24,PR,Puerto Rico,AMRO,23624.0,545711,8.0,4206
2022-05-01,PR,Puerto Rico,AMRO,29984.0,575695,17.0,4223
2022-05-08,PR,Puerto Rico,AMRO,33645.0,609340,27.0,4250
2022-05-15,PR,Puerto Rico,AMRO,35589.0,644929,38.0,4288
2022-05-22,PR,Puerto Rico,AMRO,33626.0,678555,51.0,4339
2022-05-29,PR,Puerto Rico,AMRO,30231.0,708786,49.0,4388
2022-06-05,PR,Puerto Rico,AMRO,28179.0,736965,39.0,4427
2022-06-12,PR,Puerto Rico,AMRO,25388.0,762353,41.0,4468
2022-06-19,PR,Puerto Rico,AMRO,24883.0,787236,41.0,4509
2022-06-26,PR,Puerto Rico,AMRO,24923.0,812159,64.0,4573
2022-07-03,PR,Puerto Rico,AMRO,22949.0,835108,51.0,4624
2022-07-10,PR,Puerto Rico,AMRO,18243.0,853351,41.0,4665
2022-07-17,PR,Puerto Rico,AMRO,18704.0,872055,44.0,4709
2022-07-24,PR,Puerto Rico,AMRO,20155.0,892210,45.0,4754
2022-07-31,PR,Puerto Rico,AMRO,18555.0,910765,47.0,4801
2022-08-07,PR,Puerto Rico,AMRO,22489.0,933254,47.0,4848
2022-08-14,PR,Puerto Rico,AMRO,18684.0,951938,50.0,4898
2022-08-21,PR,Puerto Rico,AMRO,15185.0,967123,39.0,4937
2022-08-28,PR,Puerto Rico,AMRO,15613.0,982736,53.0,4990
2022-09-04,PR,Puerto Rico,AMRO,13188.0,995924,40.0,5030
2022-09-11,PR,Puerto Rico,AMRO,10193.0,1006117,33.0,5063
2022-09-18,PR,Puerto Rico,AMRO,8459.0,1014576,47.0,5110
2022-09-25,PR,Puerto Rico,AMRO,4188.0,1018764,49.0,5159
2022-10-02,PR,Puerto Rico,AMRO,5078.0,1023842,20.0,5179
2022-10-09,PR,Puerto Rico,AMRO,5375.0,1029217,27.0,5206
2022-10-16,PR,Puerto Rico,AMRO,5811.0,1035028,29.0,5235
2022-10-23,PR,Puerto Rico,AMRO,7360.0,1042388,23.0,5258
2022-10-30,PR,Puerto Rico,AMRO,7747.0,1050135,17.0,5275
2022-11-06,PR,Puerto Rico,AMRO,8047.0,1058182,20.0,5295
2022-11-13,PR,Puerto Rico,AMRO,7865.0,1066047,23.0,5318
2022-11-20,PR,Puerto Rico,AMRO,8840.0,1074887,28.0,5346
2022-11-27,PR,Puerto Rico,AMRO,7259.0,1082146,36.0,5382
2022-12-04,PR,Puerto Rico,AMRO,12431.0,1094577,42.0,5424
2022-12-11,PR,Puerto Rico,AMRO,12129.0,1106706,38.0,5462
2022-12-18,PR,Puerto Rico,AMRO,13058.0,1119764,39.0,5501
2022-12-25,PR,Puerto Rico,AMRO,11275.0,1131039,40.0,5541
2023-01-01,PR,Puerto Rico,AMRO,10107.0,1141146,36.0,5577
2023-01-08,PR,Puerto Rico,AMRO,7978.0,1149124,37.0,5614
2023-01-15,PR,Puerto Rico,AMRO,11238.0,1160362,34.0,5648
2023-01-22,PR,Puerto Rico,AMRO,8830.0,1169192,34.0,5682
2023-01-29,PR,Puerto Rico,AMRO,8127.0,1177319,32.0,5714
2023-02-05,PR,Puerto Rico,AMRO,6087.0,1183406,29.0,5743
2023-02-12,PR,Puerto Rico,AMRO,5033.0,1188439,32.0,5775
2023-02-19,PR,Puerto Rico,AMRO,4574.0,1193013,23.0,5798
2023-02-26,PR,Puerto Rico,AMRO,3700.0,1196713,15.0,5813
2023-03-05,PR,Puerto Rico,AMRO,3062.0,1199775,17.0,5830
2023-03-12,PR,Puerto Rico,AMRO,3086.0,1202861,14.0,5844
2023-03-19,PR,Puerto Rico,AMRO,3026.0,1205887,11.0,5855
2023-03-26,PR,Puerto Rico,AMRO,3117.0,1209004,6.0,5861
2023-04-02,PR,Puerto Rico,AMRO,2775.0,1211779,7.0,5868
2023-04-09,PR,Puerto Rico,AMRO,1887.0,1213666,6.0,5874
2023-04-16,PR,Puerto Rico,AMRO,3211.0,1216877,8.0,5882
2023-04-23,PR,Puerto Rico,AMRO,3521.0,1220398,8.0,5890
2023-04-30,PR,Puerto Rico,AMRO,3968.0,1224366,11.0,5901
2023-05-07,PR,Puerto Rico,AMRO,5044.0,1229410,11.0,5912
2023-05-14,PR,Puerto Rico,AMRO,6240.0,1235650,15.0,5927
2023-05-21,PR,Puerto Rico,AMRO,6916.0,1242566,11.0,5938
2023-05-28,PR,Puerto Rico,AMRO,6903.0,1249469,0.0,5938
2023-06-04,PR,Puerto Rico,AMRO,3244.0,1252713,0.0,5938
2023-06-11,PR,Puerto Rico,AMRO,0.0,1252713,0.0,5938
2023-06-18,PR,Puerto Rico,AMRO,0.0,1252713,0.0,5938
2023-06-25,PR,Puerto Rico,AMRO,0.0,1252713,0.0,5938
2023-07-02,PR,Puerto Rico,AMRO,0.0,1252713,0.0,5938
2023-07-09,PR,Puerto Rico,AMRO,0.0,1252713,0.0,5938
2023-07-16,PR,Puerto Rico,AMRO,0.0,1252713,0.0,5938
2023-07-23,PR,Puerto Rico,AMRO,0.0,1252713,0.0,5938
2023-07-30,PR,Puerto Rico,AMRO,0.0,1252713,0.0,5938
2023-08-06,PR,Puerto Rico,AMRO,0.0,1252713,0.0,5938
2023-08-13,PR,Puerto Rico,AMRO,0.0,1252713,0.0,5938
2023-08-20,PR,Puerto Rico,AMRO,0.0,1252713,0.0,5938
2023-08-27,PR,Puerto Rico,AMRO,0.0,1252713,0.0,5938
2023-09-03,PR,Puerto Rico,AMRO,0.0,1252713,0.0,5938
2023-09-10,PR,Puerto Rico,AMRO,0.0,1252713,0.0,5938
2023-09-17,PR,Puerto Rico,AMRO,0.0,1252713,0.0,5938
2023-09-24,PR,Puerto Rico,AMRO,0.0,1252713,0.0,5938
2023-10-01,PR,Puerto Rico,AMRO,0.0,1252713,0.0,5938
2023-10-08,PR,Puerto Rico,AMRO,0.0,1252713,0.0,5938
2023-10-15,PR,Puerto Rico,AMRO,0.0,1252713,0.0,5938
2023-10-22,PR,Puerto Rico,AMRO,0.0,1252713,0.0,5938
2023-10-29,PR,Puerto Rico,AMRO,0.0,1252713,0.0,5938
2023-11-05,PR,Puerto Rico,AMRO,0.0,1252713,0.0,5938
2023-11-12,PR,Puerto Rico,AMRO,0.0,1252713,0.0,5938
2023-11-19,PR,Puerto Rico,AMRO,0.0,1252713,0.0,5938
2023-11-26,PR,Puerto Rico,AMRO,0.0,1252713,0.0,5938
2023-12-03,PR,Puerto Rico,AMRO,0.0,1252713,0.0,5938
2023-12-10,PR,Puerto Rico,AMRO,0.0,1252713,0.0,5938
2023-12-17,PR,Puerto Rico,AMRO,0.0,1252713,0.0,5938
2023-12-24,PR,Puerto Rico,AMRO,0.0,1252713,0.0,5938
2023-12-31,PR,Puerto Rico,AMRO,0.0,1252713,0.0,5938
2024-01-07,PR,Puerto Rico,AMRO,0.0,1252713,0.0,5938
2024-01-14,PR,Puerto Rico,AMRO,0.0,1252713,0.0,5938
2024-01-21,PR,Puerto Rico,AMRO,0.0,1252713,0.0,5938
2024-01-28,PR,Puerto Rico,AMRO,0.0,1252713,0.0,5938
2024-02-04,PR,Puerto Rico,AMRO,0.0,1252713,0.0,5938
2024-02-11,PR,Puerto Rico,AMRO,0.0,1252713,0.0,5938
2024-02-18,PR,Puerto Rico,AMRO,0.0,1252713,0.0,5938
2024-02-25,PR,Puerto Rico,AMRO,0.0,1252713,0.0,5938
2024-03-03,PR,Puerto Rico,AMRO,0.0,1252713,0.0,5938
2024-03-10,PR,Puerto Rico,AMRO,0.0,1252713,0.0,5938
2024-03-17,PR,Puerto Rico,AMRO,0.0,1252713,0.0,5938
2024-03-24,PR,Puerto Rico,AMRO,0.0,1252713,0.0,5938
2024-03-31,PR,Puerto Rico,AMRO,0.0,1252713,0.0,5938
2024-04-07,PR,Puerto Rico,AMRO,0.0,1252713,0.0,5938
2024-04-14,PR,Puerto Rico,AMRO,0.0,1252713,0.0,5938
2024-04-21,PR,Puerto Rico,AMRO,0.0,1252713,0.0,5938
2024-04-28,PR,Puerto Rico,AMRO,0.0,1252713,0.0,5938
