Date_reported,Country_code,Country,WHO_region,New_cases,Cumulative_cases,New_deaths,Cumulative_deaths
2020-02-23,PT,Portugal,EURO,1.0,1,0.0,0
2020-03-01,PT,Portugal,EURO,1.0,2,0.0,0
2020-03-08,PT,Portugal,EURO,27.0,29,0.0,0
2020-03-15,PT,Portugal,EURO,289.0,318,0.0,0
2020-03-22,PT,Portugal,EURO,1405.0,1723,26.0,26
2020-03-29,PT,Portugal,EURO,3726.0,5449,124.0,150
2020-04-05,PT,Portugal,EURO,5045.0,10494,206.0,356
2020-04-12,PT,Portugal,EURO,4433.0,14927,246.0,602
2020-04-19,PT,Portugal,EURO,4241.0,19168,217.0,819
2020-04-26,PT,Portugal,EURO,3181.0,22349,187.0,1006
2020-05-03,PT,Portugal,EURO,2371.0,24720,140.0,1146
2020-05-10,PT,Portugal,EURO,2326.0,27046,80.0,1226
2020-05-17,PT,Portugal,EURO,1853.0,28899,69.0,1295
2020-05-24,PT,Portugal,EURO,2008.0,30907,68.0,1363
2020-05-31,PT,Portugal,EURO,1956.0,32863,69.0,1432
2020-06-07,PT,Portugal,EURO,2111.0,34974,50.0,1482
2020-06-14,PT,Portugal,EURO,1959.0,36933,31.0,1513
2020-06-21,PT,Portugal,EURO,2461.0,39394,20.0,1533
2020-06-28,PT,Portugal,EURO,2673.0,42067,38.0,1571
2020-07-05,PT,Portugal,EURO,2457.0,44524,54.0,1625
2020-07-12,PT,Portugal,EURO,2566.0,47090,41.0,1666
2020-07-19,PT,Portugal,EURO,2143.0,49233,29.0,1695
2020-07-26,PT,Portugal,EURO,1700.0,50933,29.0,1724
2020-08-02,PT,Portugal,EURO,1444.0,52377,18.0,1742
2020-08-09,PT,Portugal,EURO,1484.0,53861,22.0,1764
2020-08-16,PT,Portugal,EURO,1597.0,55458,19.0,1783
2020-08-23,PT,Portugal,EURO,1524.0,56982,23.0,1806
2020-08-30,PT,Portugal,EURO,2322.0,59304,21.0,1827
2020-09-06,PT,Portugal,EURO,2566.0,61870,22.0,1849
2020-09-13,PT,Portugal,EURO,3818.0,65688,28.0,1877
2020-09-20,PT,Portugal,EURO,4518.0,70206,49.0,1926
2020-09-27,PT,Portugal,EURO,4815.0,75021,37.0,1963
2020-10-04,PT,Portugal,EURO,5383.0,80404,61.0,2024
2020-10-11,PT,Portugal,EURO,7508.0,87912,81.0,2105
2020-10-18,PT,Portugal,EURO,12995.0,100907,105.0,2210
2020-10-25,PT,Portugal,EURO,17475.0,118382,146.0,2356
2020-11-01,PT,Portugal,EURO,23294.0,141676,245.0,2601
2020-11-08,PT,Portugal,EURO,32323.0,173999,377.0,2978
2020-11-15,PT,Portugal,EURO,34571.0,208570,527.0,3505
2020-11-22,PT,Portugal,EURO,36869.0,245439,480.0,3985
2020-11-29,PT,Portugal,EURO,33275.0,278714,532.0,4517
2020-12-06,PT,Portugal,EURO,26465.0,305179,534.0,5051
2020-12-13,PT,Portugal,EURO,25959.0,331138,609.0,5660
2020-12-20,PT,Portugal,EURO,26186.0,357324,543.0,6203
2020-12-27,PT,Portugal,EURO,20150.0,377474,492.0,6695
2021-01-03,PT,Portugal,EURO,32506.0,409980,530.0,7225
2021-01-10,PT,Portugal,EURO,53049.0,463029,745.0,7970
2021-01-17,PT,Portugal,EURO,62101.0,525130,1109.0,9079
2021-01-24,PT,Portugal,EURO,81676.0,606806,1698.0,10777
2021-01-31,PT,Portugal,EURO,78867.0,685673,2014.0,12791
2021-02-07,PT,Portugal,EURO,44485.0,730158,1587.0,14378
2021-02-14,PT,Portugal,EURO,22830.0,752988,1034.0,15412
2021-02-21,PT,Portugal,EURO,13874.0,766862,608.0,16020
2021-02-28,PT,Portugal,EURO,8805.0,775667,326.0,16346
2021-03-07,PT,Portugal,EURO,8816.0,784483,209.0,16555
2021-03-14,PT,Portugal,EURO,7577.0,792060,130.0,16685
2021-03-21,PT,Portugal,EURO,4789.0,796849,88.0,16773
2021-03-28,PT,Portugal,EURO,4960.0,801809,59.0,16832
2021-04-04,PT,Portugal,EURO,4342.0,806151,42.0,16874
2021-04-11,PT,Portugal,EURO,4479.0,810630,34.0,16908
2021-04-18,PT,Portugal,EURO,4181.0,814811,27.0,16935
2021-04-25,PT,Portugal,EURO,4125.0,818936,19.0,16954
2021-05-02,PT,Portugal,EURO,3760.0,822696,13.0,16967
2021-05-09,PT,Portugal,EURO,3480.0,826176,15.0,16982
2021-05-16,PT,Portugal,EURO,3228.0,829404,17.0,16999
2021-05-23,PT,Portugal,EURO,3653.0,833057,7.0,17006
2021-05-30,PT,Portugal,EURO,3887.0,836944,7.0,17013
2021-06-06,PT,Portugal,EURO,4288.0,841232,12.0,17025
2021-06-13,PT,Portugal,EURO,5133.0,846365,10.0,17035
2021-06-20,PT,Portugal,EURO,7841.0,854206,22.0,17057
2021-06-27,PT,Portugal,EURO,9700.0,863906,19.0,17076
2021-07-04,PT,Portugal,EURO,14651.0,878557,31.0,17107
2021-07-11,PT,Portugal,EURO,19512.0,898069,49.0,17156
2021-07-18,PT,Portugal,EURO,25787.0,923856,52.0,17208
2021-07-25,PT,Portugal,EURO,23120.0,946976,86.0,17294
2021-08-01,PT,Portugal,EURO,18721.0,965697,79.0,17373
2021-08-08,PT,Portugal,EURO,16062.0,981759,103.0,17476
2021-08-15,PT,Portugal,EURO,16530.0,998289,89.0,17565
2021-08-22,PT,Portugal,EURO,16297.0,1014586,70.0,17635
2021-08-29,PT,Portugal,EURO,16168.0,1030754,83.0,17718
2021-09-05,PT,Portugal,EURO,12570.0,1043324,80.0,17798
2021-09-12,PT,Portugal,EURO,9003.0,1052327,56.0,17854
2021-09-19,PT,Portugal,EURO,6887.0,1059214,48.0,17902
2021-09-26,PT,Portugal,EURO,6193.0,1065407,40.0,17942
2021-10-03,PT,Portugal,EURO,4753.0,1070160,45.0,17987
2021-10-10,PT,Portugal,EURO,4540.0,1074700,49.0,18036
2021-10-17,PT,Portugal,EURO,4986.0,1079686,51.0,18087
2021-10-24,PT,Portugal,EURO,5452.0,1085138,38.0,18125
2021-10-31,PT,Portugal,EURO,5882.0,1091020,25.0,18150
2021-11-07,PT,Portugal,EURO,6953.0,1097973,45.0,18195
2021-11-14,PT,Portugal,EURO,9958.0,1107931,60.0,18255
2021-11-21,PT,Portugal,EURO,14949.0,1122880,79.0,18334
2021-11-28,PT,Portugal,EURO,20269.0,1143149,92.0,18426
2021-12-05,PT,Portugal,EURO,23850.0,1166999,122.0,18548
2021-12-12,PT,Portugal,EURO,27410.0,1194409,122.0,18670
2021-12-19,PT,Portugal,EURO,31699.0,1226108,125.0,18795
2021-12-26,PT,Portugal,EURO,56540.0,1282648,93.0,18888
2022-01-02,PT,Portugal,EURO,149550.0,1432198,114.0,19002
2022-01-09,PT,Portugal,EURO,236118.0,1668316,133.0,19135
2022-01-16,PT,Portugal,EURO,264007.0,1932323,205.0,19340
2022-01-23,PT,Portugal,EURO,367358.0,2299681,281.0,19621
2022-01-30,PT,Portugal,EURO,405306.0,2704987,292.0,19913
2022-02-06,PT,Portugal,EURO,308062.0,3013049,355.0,20268
2022-02-13,PT,Portugal,EURO,169681.0,3182730,301.0,20569
2022-02-20,PT,Portugal,EURO,105839.0,3288569,298.0,20867
2022-02-27,PT,Portugal,EURO,80116.0,3368685,202.0,21069
2022-03-06,PT,Portugal,EURO,82398.0,3451083,155.0,21224
2022-03-13,PT,Portugal,EURO,85842.0,3536925,140.0,21364
2022-03-20,PT,Portugal,EURO,81477.0,3618402,127.0,21491
2022-03-27,PT,Portugal,EURO,77148.0,3695550,158.0,21649
2022-04-03,PT,Portugal,EURO,68162.0,3763712,151.0,21800
2022-04-10,PT,Portugal,EURO,62897.0,3826609,152.0,21952
2022-04-17,PT,Portugal,EURO,63637.0,3890246,145.0,22097
2022-04-24,PT,Portugal,EURO,70068.0,3960314,127.0,22224
2022-05-01,PT,Portugal,EURO,74057.0,4034371,128.0,22352
2022-05-08,PT,Portugal,EURO,100901.0,4135272,131.0,22483
2022-05-15,PT,Portugal,EURO,160111.0,4295383,192.0,22675
2022-05-22,PT,Portugal,EURO,190560.0,4485943,223.0,22898
2022-05-29,PT,Portugal,EURO,175844.0,4661787,231.0,23129
2022-06-05,PT,Portugal,EURO,165476.0,4827263,295.0,23424
2022-06-12,PT,Portugal,EURO,118089.0,4945352,262.0,23686
2022-06-19,PT,Portugal,EURO,100752.0,5046104,269.0,23955
2022-06-26,PT,Portugal,EURO,75145.0,5121249,155.0,24110
2022-07-03,PT,Portugal,EURO,66673.0,5187922,136.0,24246
2022-07-10,PT,Portugal,EURO,53160.0,5241082,139.0,24385
2022-07-17,PT,Portugal,EURO,36813.0,5277895,119.0,24504
2022-07-24,PT,Portugal,EURO,30282.0,5308177,83.0,24587
2022-07-31,PT,Portugal,EURO,22110.0,5330287,70.0,24657
2022-08-07,PT,Portugal,EURO,19202.0,5349489,70.0,24727
2022-08-14,PT,Portugal,EURO,17633.0,5367122,57.0,24784
2022-08-21,PT,Portugal,EURO,16001.0,5383123,40.0,24824
2022-08-28,PT,Portugal,EURO,17870.0,5400993,45.0,24869
2022-09-04,PT,Portugal,EURO,16575.0,5417568,48.0,24917
2022-09-11,PT,Portugal,EURO,15909.0,5433477,39.0,24956
2022-09-18,PT,Portugal,EURO,17355.0,5450832,41.0,24997
2022-09-25,PT,Portugal,EURO,19259.0,5470091,42.0,25039
2022-10-02,PT,Portugal,EURO,17513.0,5487604,50.0,25089
2022-10-09,PT,Portugal,EURO,6467.0,5494071,42.0,25131
2022-10-16,PT,Portugal,EURO,7052.0,5501123,47.0,25178
2022-10-23,PT,Portugal,EURO,7736.0,5508859,50.0,25228
2022-10-30,PT,Portugal,EURO,5806.0,5514665,61.0,25289
2022-11-06,PT,Portugal,EURO,5304.0,5519969,49.0,25338
2022-11-13,PT,Portugal,EURO,6060.0,5526029,55.0,25393
2022-11-20,PT,Portugal,EURO,6093.0,5532122,48.0,25441
2022-11-27,PT,Portugal,EURO,5126.0,5537248,60.0,25501
2022-12-04,PT,Portugal,EURO,3963.0,5541211,69.0,25570
2022-12-11,PT,Portugal,EURO,3370.0,5544581,73.0,25643
2022-12-18,PT,Portugal,EURO,3445.0,5548026,71.0,25714
2022-12-25,PT,Portugal,EURO,2542.0,5550568,59.0,25773
2023-01-01,PT,Portugal,EURO,2401.0,5552969,50.0,25823
2023-01-08,PT,Portugal,EURO,2154.0,5555123,61.0,25884
2023-01-15,PT,Portugal,EURO,1851.0,5556974,58.0,25942
2023-01-22,PT,Portugal,EURO,1333.0,5558307,64.0,26006
2023-01-29,PT,Portugal,EURO,1242.0,5559549,33.0,26039
2023-02-05,PT,Portugal,EURO,1074.0,5560623,27.0,26066
2023-02-12,PT,Portugal,EURO,1646.0,5562269,52.0,26118
2023-02-19,PT,Portugal,EURO,1544.0,5563813,57.0,26175
2023-02-26,PT,Portugal,EURO,1567.0,5565380,53.0,26228
2023-03-05,PT,Portugal,EURO,1585.0,5566965,49.0,26277
2023-03-12,PT,Portugal,EURO,1609.0,5568574,42.0,26319
2023-03-19,PT,Portugal,EURO,1736.0,5570310,57.0,26376
2023-03-26,PT,Portugal,EURO,1615.0,5571925,45.0,26421
2023-04-02,PT,Portugal,EURO,1568.0,5573493,44.0,26465
2023-04-09,PT,Portugal,EURO,1344.0,5574837,30.0,26495
2023-04-16,PT,Portugal,EURO,1754.0,5576591,36.0,26531
2023-04-23,PT,Portugal,EURO,1510.0,5578101,39.0,26570
2023-04-30,PT,Portugal,EURO,1309.0,5579410,34.0,26604
2023-05-07,PT,Portugal,EURO,1379.0,5580789,50.0,26654
2023-05-14,PT,Portugal,EURO,1333.0,5582122,24.0,26678
2023-05-21,PT,Portugal,EURO,1618.0,5583740,42.0,26720
2023-05-28,PT,Portugal,EURO,2082.0,5585822,36.0,26756
2023-06-04,PT,Portugal,EURO,1758.0,5587580,46.0,26802
2023-06-11,PT,Portugal,EURO,1255.0,5588835,40.0,26842
2023-06-18,PT,Portugal,EURO,1123.0,5589958,45.0,26887
2023-06-25,PT,Portugal,EURO,1096.0,5591054,26.0,26913
2023-07-02,PT,Portugal,EURO,1029.0,5592083,27.0,26940
2023-07-09,PT,Portugal,EURO,1253.0,5593336,30.0,26970
2023-07-16,PT,Portugal,EURO,1400.0,5594736,23.0,26993
2023-07-23,PT,Portugal,EURO,1379.0,5596115,31.0,27024
2023-07-30,PT,Portugal,EURO,1837.0,5597952,37.0,27061
2023-08-06,PT,Portugal,EURO,1713.0,5599665,45.0,27106
2023-08-13,PT,Portugal,EURO,2386.0,5602051,33.0,27139
2023-08-20,PT,Portugal,EURO,3172.0,5605223,52.0,27191
2023-08-27,PT,Portugal,EURO,4332.0,5609555,73.0,27264
2023-09-03,PT,Portugal,EURO,4165.0,5613720,54.0,27318
2023-09-10,PT,Portugal,EURO,3980.0,5617700,56.0,27374
2023-09-17,PT,Portugal,EURO,3231.0,5620931,60.0,27434
2023-09-24,PT,Portugal,EURO,2583.0,5623514,68.0,27502
2023-10-01,PT,Portugal,EURO,2649.0,5626163,42.0,27544
2023-10-08,PT,Portugal,EURO,1903.0,5628066,37.0,27581
2023-10-15,PT,Portugal,EURO,1734.0,5629800,53.0,27634
2023-10-22,PT,Portugal,EURO,1085.0,5630885,40.0,27674
2023-10-29,PT,Portugal,EURO,744.0,5631629,28.0,27702
2023-11-05,PT,Portugal,EURO,620.0,5632249,20.0,27722
2023-11-12,PT,Portugal,EURO,710.0,5632959,16.0,27738
2023-11-19,PT,Portugal,EURO,701.0,5633660,26.0,27764
2023-11-26,PT,Portugal,EURO,768.0,5634428,19.0,27783
2023-12-03,PT,Portugal,EURO,796.0,5635224,18.0,27801
2023-12-10,PT,Portugal,EURO,846.0,5636070,27.0,27828
2023-12-17,PT,Portugal,EURO,1066.0,5637136,26.0,27854
2023-12-24,PT,Portugal,EURO,1174.0,5638310,32.0,27886
2023-12-31,PT,Portugal,EURO,1162.0,5639472,43.0,27929
2024-01-07,PT,Portugal,EURO,1023.0,5640495,47.0,27976
2024-01-14,PT,Portugal,EURO,621.0,5641116,43.0,28019
2024-01-21,PT,Portugal,EURO,515.0,5641631,41.0,28060
2024-01-28,PT,Portugal,EURO,326.0,5641957,20.0,28080
2024-02-04,PT,Portugal,EURO,268.0,5642225,14.0,28094
2024-02-11,PT,Portugal,EURO,238.0,5642463,10.0,28104
2024-02-18,PT,Portugal,EURO,134.0,5642597,6.0,28110
2024-02-25,PT,Portugal,EURO,108.0,5642705,3.0,28113
2024-03-03,PT,Portugal,EURO,140.0,5642845,1.0,28114
2024-03-10,PT,Portugal,EURO,93.0,5642938,3.0,28117
2024-03-17,PT,Portugal,EURO,71.0,5643009,6.0,28123
2024-03-24,PT,Portugal,EURO,56.0,5643065,4.0,28127
2024-03-31,PT,Portugal,EURO,61.0,5643126,1.0,28128
2024-04-07,PT,Portugal,EURO,63.0,5643189,4.0,28132
2024-04-14,PT,Portugal,EURO,80.0,5643269,7.0,28139
2024-04-21,PT,Portugal,EURO,88.0,5643357,4.0,28143
2024-04-28,PT,Portugal,EURO,73.0,5643430,5.0,28148
