Date_reported,Country_code,Country,WHO_region,New_cases,Cumulative_cases,New_deaths,Cumulative_deaths
2020-03-15,RE,Réunion,,13.0,13,0.0,0
2020-03-22,RE,Réunion,,34.0,47,0.0,0
2020-03-29,RE,Réunion,,96.0,143,0.0,0
2020-04-05,RE,Réunion,,191.0,334,0.0,0
2020-04-12,RE,Réunion,,54.0,388,0.0,0
2020-04-19,RE,Réunion,,19.0,407,0.0,0
2020-04-26,RE,Réunion,,4.0,411,0.0,0
2020-05-03,RE,Réunion,,9.0,420,0.0,0
2020-05-10,RE,Réunion,,10.0,430,0.0,0
2020-05-17,RE,Réunion,,13.0,443,0.0,0
2020-05-24,RE,Réunion,,9.0,452,1.0,1
2020-05-31,RE,Réunion,,19.0,471,0.0,1
2020-06-07,RE,Réunion,,9.0,480,0.0,1
2020-06-14,RE,Réunion,,9.0,489,0.0,1
2020-06-21,RE,Réunion,,16.0,505,0.0,1
2020-06-28,RE,Réunion,,15.0,520,1.0,2
2020-07-05,RE,Réunion,,16.0,536,0.0,2
2020-07-12,RE,Réunion,,41.0,577,1.0,3
2020-07-19,RE,Réunion,,47.0,624,0.0,3
2020-07-26,RE,Réunion,,33.0,657,0.0,3
2020-08-02,RE,Réunion,,7.0,664,1.0,4
2020-08-09,RE,Réunion,,17.0,681,1.0,5
2020-08-16,RE,Réunion,,107.0,788,0.0,5
2020-08-23,RE,Réunion,,329.0,1117,1.0,6
2020-08-30,RE,Réunion,,440.0,1557,-3.0,3
2020-09-06,RE,Réunion,,558.0,2115,3.0,6
2020-09-13,RE,Réunion,,608.0,2723,4.0,10
2020-09-20,RE,Réunion,,471.0,3194,0.0,10
2020-09-27,RE,Réunion,,491.0,3685,1.0,11
2020-10-04,RE,Réunion,,493.0,4178,5.0,16
2020-10-11,RE,Réunion,,313.0,4491,0.0,16
2020-10-18,RE,Réunion,,285.0,4776,1.0,17
2020-10-25,RE,Réunion,,373.0,5149,3.0,20
2020-11-01,RE,Réunion,,510.0,5659,2.0,22
2020-11-08,RE,Réunion,,605.0,6264,5.0,27
2020-11-15,RE,Réunion,,617.0,6881,2.0,29
2020-11-22,RE,Réunion,,620.0,7501,6.0,35
2020-11-29,RE,Réunion,,439.0,7940,5.0,40
2020-12-06,RE,Réunion,,260.0,8200,1.0,41
2020-12-13,RE,Réunion,,145.0,8345,0.0,41
2020-12-20,RE,Réunion,,359.0,8704,1.0,42
2020-12-27,RE,Réunion,,205.0,8909,0.0,42
2021-01-03,RE,Réunion,,128.0,9037,0.0,42
2021-01-10,RE,Réunion,,210.0,9247,0.0,42
2021-01-17,RE,Réunion,,196.0,9443,3.0,45
2021-01-24,RE,Réunion,,258.0,9701,0.0,45
2021-01-31,RE,Réunion,,295.0,9996,1.0,46
2021-02-07,RE,Réunion,,491.0,10487,1.0,47
2021-02-14,RE,Réunion,,420.0,10907,0.0,47
2021-02-21,RE,Réunion,,655.0,11562,1.0,48
2021-02-28,RE,Réunion,,854.0,12416,4.0,52
2021-03-07,RE,Réunion,,709.0,13125,7.0,59
2021-03-14,RE,Réunion,,676.0,13801,12.0,71
2021-03-21,RE,Réunion,,830.0,14631,16.0,87
2021-03-28,RE,Réunion,,930.0,15561,15.0,102
2021-04-04,RE,Réunion,,1025.0,16586,13.0,115
2021-04-11,RE,Réunion,,922.0,17508,8.0,123
2021-04-18,RE,Réunion,,917.0,18425,12.0,135
2021-04-25,RE,Réunion,,918.0,19343,6.0,141
2021-05-02,RE,Réunion,,1038.0,20381,7.0,148
2021-05-09,RE,Réunion,,1070.0,21451,2.0,150
2021-05-16,RE,Réunion,,1193.0,22644,19.0,169
2021-05-23,RE,Réunion,,922.0,23566,7.0,176
2021-05-30,RE,Réunion,,1335.0,24901,13.0,189
2021-06-06,RE,Réunion,,1174.0,26075,14.0,203
2021-06-13,RE,Réunion,,1160.0,27235,9.0,212
2021-06-20,RE,Réunion,,1206.0,28441,8.0,220
2021-06-27,RE,Réunion,,1061.0,29502,6.0,226
2021-07-04,RE,Réunion,,1081.0,30583,11.0,237
2021-07-11,RE,Réunion,,1262.0,31845,7.0,244
2021-07-18,RE,Réunion,,1450.0,33295,12.0,256
2021-07-25,RE,Réunion,,1320.0,34615,10.0,266
2021-08-01,RE,Réunion,,2616.0,37231,9.0,275
2021-08-08,RE,Réunion,,3014.0,40245,13.0,288
2021-08-15,RE,Réunion,,3590.0,43835,10.0,298
2021-08-22,RE,Réunion,,2919.0,46754,12.0,310
2021-08-29,RE,Réunion,,1929.0,48683,22.0,332
2021-09-05,RE,Réunion,,1663.0,50346,10.0,342
2021-09-12,RE,Réunion,,1305.0,51651,12.0,354
2021-09-19,RE,Réunion,,992.0,52643,4.0,358
2021-09-26,RE,Réunion,,598.0,53241,5.0,363
2021-10-03,RE,Réunion,,0.0,53241,3.0,366
2021-10-10,RE,Réunion,,722.0,53963,3.0,369
2021-10-17,RE,Réunion,,61.0,54024,1.0,370
2021-10-24,RE,Réunion,,414.0,54438,2.0,372
2021-10-31,RE,Réunion,,230.0,54668,2.0,374
2021-11-07,RE,Réunion,,457.0,55125,2.0,376
2021-11-14,RE,Réunion,,740.0,55865,0.0,376
2021-11-21,RE,Réunion,,1308.0,57173,3.0,379
2021-11-28,RE,Réunion,,1875.0,59048,2.0,381
2021-12-05,RE,Réunion,,2140.0,61188,3.0,384
2021-12-12,RE,Réunion,,2675.0,63863,7.0,391
2021-12-19,RE,Réunion,,3374.0,67237,2.0,393
2021-12-26,RE,Réunion,,4558.0,71795,8.0,401
2022-01-02,RE,Réunion,,4807.0,76602,8.0,409
2022-01-09,RE,Réunion,,9358.0,85960,10.0,419
2022-01-16,RE,Réunion,,16256.0,102216,16.0,435
2022-01-23,RE,Réunion,,31401.0,133617,27.0,462
2022-01-30,RE,Réunion,,46914.0,180531,38.0,500
2022-02-06,RE,Réunion,,45474.0,226005,31.0,531
2022-02-13,RE,Réunion,,30782.0,256787,34.0,565
2022-02-20,RE,Réunion,,21707.0,278494,38.0,603
2022-02-27,RE,Réunion,,13632.0,292126,37.0,640
2022-03-06,RE,Réunion,,10036.0,302162,26.0,666
2022-03-13,RE,Réunion,,8019.0,310181,14.0,680
2022-03-20,RE,Réunion,,8514.0,318695,9.0,689
2022-03-27,RE,Réunion,,8494.0,327189,13.0,702
2022-04-03,RE,Réunion,,9756.0,336945,7.0,709
2022-04-10,RE,Réunion,,10996.0,347941,11.0,720
2022-04-17,RE,Réunion,,12504.0,360445,11.0,731
2022-04-24,RE,Réunion,,13850.0,374295,11.0,742
2022-05-01,RE,Réunion,,12889.0,387184,7.0,749
2022-05-08,RE,Réunion,,10931.0,398115,7.0,756
2022-05-15,RE,Réunion,,7865.0,405980,6.0,762
2022-05-22,RE,Réunion,,5383.0,411363,8.0,770
2022-05-29,RE,Réunion,,3252.0,414615,7.0,777
2022-06-05,RE,Réunion,,2046.0,416661,7.0,784
2022-06-12,RE,Réunion,,1924.0,418585,12.0,796
2022-06-19,RE,Réunion,,1383.0,419968,3.0,799
2022-06-26,RE,Réunion,,1301.0,421269,8.0,807
2022-07-03,RE,Réunion,,1500.0,422769,5.0,812
2022-07-10,RE,Réunion,,2869.0,425638,7.0,819
2022-07-17,RE,Réunion,,3599.0,429237,6.0,825
2022-07-24,RE,Réunion,,4235.0,433472,6.0,831
2022-07-31,RE,Réunion,,5687.0,439159,7.0,838
2022-08-07,RE,Réunion,,5823.0,444982,7.0,845
2022-08-14,RE,Réunion,,4590.0,449572,8.0,853
2022-08-21,RE,Réunion,,5093.0,454665,2.0,855
2022-08-28,RE,Réunion,,5711.0,460376,6.0,861
2022-09-04,RE,Réunion,,7014.0,467390,13.0,874
2022-09-11,RE,Réunion,,4661.0,472051,5.0,879
2022-09-18,RE,Réunion,,2572.0,474623,5.0,884
2022-09-25,RE,Réunion,,1325.0,475948,6.0,890
2022-10-02,RE,Réunion,,623.0,476571,3.0,893
2022-10-09,RE,Réunion,,356.0,476927,1.0,894
2022-10-16,RE,Réunion,,336.0,477263,2.0,896
2022-10-23,RE,Réunion,,340.0,477603,2.0,898
2022-10-30,RE,Réunion,,356.0,477959,1.0,899
2022-11-06,RE,Réunion,,387.0,478346,0.0,899
2022-11-13,RE,Réunion,,509.0,478855,0.0,899
2022-11-20,RE,Réunion,,575.0,479430,3.0,902
2022-11-27,RE,Réunion,,893.0,480323,0.0,902
2022-12-04,RE,Réunion,,1217.0,481540,1.0,903
2022-12-11,RE,Réunion,,1366.0,482906,2.0,905
2022-12-18,RE,Réunion,,1830.0,484736,0.0,905
2022-12-25,RE,Réunion,,1923.0,486659,1.0,906
2023-01-01,RE,Réunion,,1849.0,488508,1.0,907
2023-01-08,RE,Réunion,,2104.0,490612,4.0,911
2023-01-15,RE,Réunion,,1213.0,491825,4.0,915
2023-01-22,RE,Réunion,,995.0,492820,1.0,916
2023-01-29,RE,Réunion,,1082.0,493902,3.0,919
2023-02-05,RE,Réunion,,693.0,494595,2.0,921
2023-02-12,RE,Réunion,,0.0,494595,0.0,921
2023-02-19,RE,Réunion,,0.0,494595,0.0,921
2023-02-26,RE,Réunion,,0.0,494595,0.0,921
2023-03-05,RE,Réunion,,0.0,494595,0.0,921
2023-03-12,RE,Réunion,,0.0,494595,0.0,921
2023-03-19,RE,Réunion,,0.0,494595,0.0,921
2023-03-26,RE,Réunion,,0.0,494595,0.0,921
2023-04-02,RE,Réunion,,0.0,494595,0.0,921
2023-04-09,RE,Réunion,,0.0,494595,0.0,921
2023-04-16,RE,Réunion,,0.0,494595,0.0,921
2023-04-23,RE,Réunion,,0.0,494595,0.0,921
2023-04-30,RE,Réunion,,0.0,494595,0.0,921
2023-05-07,RE,Réunion,,0.0,494595,0.0,921
2023-05-14,RE,Réunion,,0.0,494595,0.0,921
2023-05-21,RE,Réunion,,0.0,494595,0.0,921
2023-05-28,RE,Réunion,,0.0,494595,0.0,921
2023-06-04,RE,Réunion,,0.0,494595,0.0,921
2023-06-11,RE,Réunion,,0.0,494595,0.0,921
2023-06-18,RE,Réunion,,0.0,494595,0.0,921
2023-06-25,RE,Réunion,,0.0,494595,0.0,921
2023-07-02,RE,Réunion,,0.0,494595,0.0,921
2023-07-09,RE,Réunion,,0.0,494595,0.0,921
2023-07-16,RE,Réunion,,0.0,494595,0.0,921
2023-07-23,RE,Réunion,,0.0,494595,0.0,921
2023-07-30,RE,Réunion,,0.0,494595,0.0,921
2023-08-06,RE,Réunion,,0.0,494595,0.0,921
2023-08-13,RE,Réunion,,0.0,494595,0.0,921
2023-08-20,RE,Réunion,,0.0,494595,0.0,921
2023-08-27,RE,Réunion,,0.0,494595,0.0,921
2023-09-03,RE,Réunion,,0.0,494595,0.0,921
2023-09-10,RE,Réunion,,0.0,494595,0.0,921
2023-09-17,RE,Réunion,,0.0,494595,0.0,921
2023-09-24,RE,Réunion,,0.0,494595,0.0,921
2023-10-01,RE,Réunion,,0.0,494595,0.0,921
2023-10-08,RE,Réunion,,0.0,494595,0.0,921
2023-10-15,RE,Réunion,,0.0,494595,0.0,921
2023-10-22,RE,Réunion,,0.0,494595,0.0,921
2023-10-29,RE,Réunion,,0.0,494595,0.0,921
2023-11-05,RE,Réunion,,0.0,494595,0.0,921
2023-11-12,RE,Réunion,,0.0,494595,0.0,921
2023-11-19,RE,Réunion,,0.0,494595,0.0,921
2023-11-26,RE,Réunion,,0.0,494595,0.0,921
2023-12-03,RE,Réunion,,0.0,494595,0.0,921
2023-12-10,RE,Réunion,,0.0,494595,0.0,921
2023-12-17,RE,Réunion,,0.0,494595,0.0,921
2023-12-24,RE,Réunion,,0.0,494595,0.0,921
2023-12-31,RE,Réunion,,0.0,494595,0.0,921
2024-01-07,RE,Réunion,,0.0,494595,0.0,921
2024-01-14,RE,Réunion,,0.0,494595,0.0,921
2024-01-21,RE,Réunion,,0.0,494595,0.0,921
2024-01-28,RE,Réunion,,0.0,494595,0.0,921
2024-02-04,RE,Réunion,,0.0,494595,0.0,921
2024-02-11,RE,Réunion,,0.0,494595,0.0,921
2024-02-18,RE,Réunion,,0.0,494595,0.0,921
2024-02-25,RE,Réunion,,0.0,494595,0.0,921
2024-03-03,RE,Réunion,,0.0,494595,0.0,921
2024-03-10,RE,Réunion,,0.0,494595,0.0,921
2024-03-17,RE,Réunion,,0.0,494595,0.0,921
2024-03-24,RE,Réunion,,0.0,494595,0.0,921
2024-03-31,RE,Réunion,,0.0,494595,0.0,921
2024-04-07,RE,Réunion,,0.0,494595,0.0,921
2024-04-14,RE,Réunion,,0.0,494595,0.0,921
2024-04-21,RE,Réunion,,0.0,494595,0.0,921
2024-04-28,RE,Réunion,,0.0,494595,0.0,921
