Date_reported,Country_code,Country,WHO_region,New_cases,Cumulative_cases,New_deaths,Cumulative_deaths
2020-04-12,SS,South Sudan,AFRO,4.0,4,0.0,0
2020-04-19,SS,South Sudan,AFRO,0.0,4,0.0,0
2020-04-26,SS,South Sudan,AFRO,2.0,6,0.0,0
2020-05-03,SS,South Sudan,AFRO,40.0,46,0.0,0
2020-05-10,SS,South Sudan,AFRO,74.0,120,0.0,0
2020-05-17,SS,South Sudan,AFRO,165.0,285,6.0,6
2020-05-24,SS,South Sudan,AFRO,370.0,655,4.0,10
2020-05-31,SS,South Sudan,AFRO,492.0,1147,4.0,14
2020-06-07,SS,South Sudan,AFRO,326.0,1473,8.0,22
2020-06-14,SS,South Sudan,AFRO,220.0,1693,7.0,29
2020-06-21,SS,South Sudan,AFRO,189.0,1882,7.0,36
2020-06-28,SS,South Sudan,AFRO,84.0,1966,2.0,38
2020-07-05,SS,South Sudan,AFRO,99.0,2065,4.0,42
2020-07-12,SS,South Sudan,AFRO,80.0,2145,1.0,43
2020-07-19,SS,South Sudan,AFRO,55.0,2200,2.0,45
2020-07-26,SS,South Sudan,AFRO,86.0,2286,2.0,47
2020-08-02,SS,South Sudan,AFRO,143.0,2429,1.0,48
2020-08-09,SS,South Sudan,AFRO,42.0,2471,1.0,49
2020-08-16,SS,South Sudan,AFRO,18.0,2489,0.0,49
2020-08-23,SS,South Sudan,AFRO,15.0,2504,0.0,49
2020-08-30,SS,South Sudan,AFRO,21.0,2525,0.0,49
2020-09-06,SS,South Sudan,AFRO,19.0,2544,1.0,50
2020-09-13,SS,South Sudan,AFRO,40.0,2584,1.0,51
2020-09-20,SS,South Sudan,AFRO,60.0,2644,0.0,51
2020-09-27,SS,South Sudan,AFRO,48.0,2692,0.0,51
2020-10-04,SS,South Sudan,AFRO,34.0,2726,1.0,52
2020-10-11,SS,South Sudan,AFRO,61.0,2787,5.0,57
2020-10-18,SS,South Sudan,AFRO,55.0,2842,0.0,57
2020-10-25,SS,South Sudan,AFRO,41.0,2883,1.0,58
2020-11-01,SS,South Sudan,AFRO,43.0,2926,3.0,61
2020-11-08,SS,South Sudan,AFRO,34.0,2960,0.0,61
2020-11-15,SS,South Sudan,AFRO,54.0,3014,0.0,61
2020-11-22,SS,South Sudan,AFRO,70.0,3084,1.0,62
2020-11-29,SS,South Sudan,AFRO,23.0,3107,0.0,62
2020-12-06,SS,South Sudan,AFRO,67.0,3174,1.0,63
2020-12-13,SS,South Sudan,AFRO,32.0,3206,0.0,63
2020-12-20,SS,South Sudan,AFRO,25.0,3231,0.0,63
2020-12-27,SS,South Sudan,AFRO,274.0,3505,0.0,63
2021-01-03,SS,South Sudan,AFRO,71.0,3576,1.0,64
2021-01-10,SS,South Sudan,AFRO,73.0,3649,0.0,64
2021-01-17,SS,South Sudan,AFRO,93.0,3742,0.0,64
2021-01-24,SS,South Sudan,AFRO,101.0,3843,1.0,65
2021-01-31,SS,South Sudan,AFRO,194.0,4037,0.0,65
2021-02-07,SS,South Sudan,AFRO,455.0,4492,2.0,67
2021-02-14,SS,South Sudan,AFRO,921.0,5413,7.0,74
2021-02-21,SS,South Sudan,AFRO,1171.0,6584,12.0,86
2021-02-28,SS,South Sudan,AFRO,1353.0,7937,7.0,93
2021-03-07,SS,South Sudan,AFRO,840.0,8777,9.0,102
2021-03-14,SS,South Sudan,AFRO,724.0,9501,2.0,104
2021-03-21,SS,South Sudan,AFRO,389.0,9890,2.0,106
2021-03-28,SS,South Sudan,AFRO,208.0,10098,2.0,108
2021-04-04,SS,South Sudan,AFRO,169.0,10267,5.0,113
2021-04-11,SS,South Sudan,AFRO,105.0,10372,1.0,114
2021-04-18,SS,South Sudan,AFRO,101.0,10473,0.0,114
2021-04-25,SS,South Sudan,AFRO,60.0,10533,0.0,114
2021-05-02,SS,South Sudan,AFRO,65.0,10598,1.0,115
2021-05-09,SS,South Sudan,AFRO,39.0,10637,0.0,115
2021-05-16,SS,South Sudan,AFRO,16.0,10653,0.0,115
2021-05-23,SS,South Sudan,AFRO,17.0,10670,0.0,115
2021-05-30,SS,South Sudan,AFRO,18.0,10688,0.0,115
2021-06-06,SS,South Sudan,AFRO,0.0,10688,0.0,115
2021-06-13,SS,South Sudan,AFRO,0.0,10688,0.0,115
2021-06-20,SS,South Sudan,AFRO,98.0,10786,0.0,115
2021-06-27,SS,South Sudan,AFRO,38.0,10824,1.0,116
2021-07-04,SS,South Sudan,AFRO,52.0,10876,1.0,117
2021-07-11,SS,South Sudan,AFRO,15.0,10891,0.0,117
2021-07-18,SS,South Sudan,AFRO,26.0,10917,0.0,117
2021-07-25,SS,South Sudan,AFRO,0.0,10917,0.0,117
2021-08-01,SS,South Sudan,AFRO,146.0,11063,2.0,119
2021-08-08,SS,South Sudan,AFRO,56.0,11119,1.0,120
2021-08-15,SS,South Sudan,AFRO,61.0,11180,0.0,120
2021-08-22,SS,South Sudan,AFRO,121.0,11301,0.0,120
2021-08-29,SS,South Sudan,AFRO,116.0,11417,0.0,120
2021-09-05,SS,South Sudan,AFRO,100.0,11517,0.0,120
2021-09-12,SS,South Sudan,AFRO,93.0,11610,0.0,120
2021-09-19,SS,South Sudan,AFRO,195.0,11805,1.0,121
2021-09-26,SS,South Sudan,AFRO,131.0,11936,7.0,128
2021-10-03,SS,South Sudan,AFRO,99.0,12035,2.0,130
2021-10-10,SS,South Sudan,AFRO,79.0,12114,0.0,130
2021-10-17,SS,South Sudan,AFRO,109.0,12223,0.0,130
2021-10-24,SS,South Sudan,AFRO,70.0,12293,3.0,133
2021-10-31,SS,South Sudan,AFRO,109.0,12402,0.0,133
2021-11-07,SS,South Sudan,AFRO,88.0,12490,0.0,133
2021-11-14,SS,South Sudan,AFRO,95.0,12585,0.0,133
2021-11-21,SS,South Sudan,AFRO,90.0,12675,0.0,133
2021-11-28,SS,South Sudan,AFRO,76.0,12751,0.0,133
2021-12-05,SS,South Sudan,AFRO,68.0,12819,0.0,133
2021-12-12,SS,South Sudan,AFRO,72.0,12891,0.0,133
2021-12-19,SS,South Sudan,AFRO,568.0,13459,0.0,133
2021-12-26,SS,South Sudan,AFRO,1351.0,14810,2.0,135
2022-01-02,SS,South Sudan,AFRO,828.0,15638,1.0,136
2022-01-09,SS,South Sudan,AFRO,572.0,16210,0.0,136
2022-01-16,SS,South Sudan,AFRO,312.0,16522,0.0,136
2022-01-23,SS,South Sudan,AFRO,171.0,16693,1.0,137
2022-01-30,SS,South Sudan,AFRO,95.0,16788,0.0,137
2022-02-06,SS,South Sudan,AFRO,61.0,16849,0.0,137
2022-02-13,SS,South Sudan,AFRO,47.0,16896,0.0,137
2022-02-20,SS,South Sudan,AFRO,34.0,16930,0.0,137
2022-02-27,SS,South Sudan,AFRO,36.0,16966,0.0,137
2022-03-06,SS,South Sudan,AFRO,45.0,17011,0.0,137
2022-03-13,SS,South Sudan,AFRO,50.0,17061,1.0,138
2022-03-20,SS,South Sudan,AFRO,68.0,17129,0.0,138
2022-03-27,SS,South Sudan,AFRO,84.0,17213,0.0,138
2022-04-03,SS,South Sudan,AFRO,73.0,17286,0.0,138
2022-04-10,SS,South Sudan,AFRO,64.0,17350,0.0,138
2022-04-17,SS,South Sudan,AFRO,52.0,17402,0.0,138
2022-04-24,SS,South Sudan,AFRO,36.0,17438,0.0,138
2022-05-01,SS,South Sudan,AFRO,41.0,17479,0.0,138
2022-05-08,SS,South Sudan,AFRO,29.0,17508,0.0,138
2022-05-15,SS,South Sudan,AFRO,39.0,17547,0.0,138
2022-05-22,SS,South Sudan,AFRO,27.0,17574,0.0,138
2022-05-29,SS,South Sudan,AFRO,16.0,17590,0.0,138
2022-06-05,SS,South Sudan,AFRO,40.0,17630,0.0,138
2022-06-12,SS,South Sudan,AFRO,18.0,17648,0.0,138
2022-06-19,SS,South Sudan,AFRO,36.0,17684,0.0,138
2022-06-26,SS,South Sudan,AFRO,25.0,17709,0.0,138
2022-07-03,SS,South Sudan,AFRO,27.0,17736,0.0,138
2022-07-10,SS,South Sudan,AFRO,18.0,17754,0.0,138
2022-07-17,SS,South Sudan,AFRO,12.0,17766,0.0,138
2022-07-24,SS,South Sudan,AFRO,13.0,17779,0.0,138
2022-07-31,SS,South Sudan,AFRO,1.0,17780,0.0,138
2022-08-07,SS,South Sudan,AFRO,0.0,17780,0.0,138
2022-08-14,SS,South Sudan,AFRO,0.0,17780,0.0,138
2022-08-21,SS,South Sudan,AFRO,0.0,17780,0.0,138
2022-08-28,SS,South Sudan,AFRO,0.0,17780,0.0,138
2022-09-04,SS,South Sudan,AFRO,0.0,17780,0.0,138
2022-09-11,SS,South Sudan,AFRO,0.0,17780,0.0,138
2022-09-18,SS,South Sudan,AFRO,280.0,18060,0.0,138
2022-09-25,SS,South Sudan,AFRO,55.0,18115,0.0,138
2022-10-02,SS,South Sudan,AFRO,0.0,18115,0.0,138
2022-10-09,SS,South Sudan,AFRO,132.0,18247,0.0,138
2022-10-16,SS,South Sudan,AFRO,14.0,18261,0.0,138
2022-10-23,SS,South Sudan,AFRO,31.0,18292,0.0,138
2022-10-30,SS,South Sudan,AFRO,21.0,18313,0.0,138
2022-11-06,SS,South Sudan,AFRO,16.0,18329,0.0,138
2022-11-13,SS,South Sudan,AFRO,12.0,18341,0.0,138
2022-11-20,SS,South Sudan,AFRO,7.0,18348,0.0,138
2022-11-27,SS,South Sudan,AFRO,2.0,18350,0.0,138
2022-12-04,SS,South Sudan,AFRO,2.0,18352,0.0,138
2022-12-11,SS,South Sudan,AFRO,16.0,18368,0.0,138
2022-12-18,SS,South Sudan,AFRO,0.0,18368,0.0,138
2022-12-25,SS,South Sudan,AFRO,0.0,18368,0.0,138
2023-01-01,SS,South Sudan,AFRO,0.0,18368,0.0,138
2023-01-08,SS,South Sudan,AFRO,0.0,18368,0.0,138
2023-01-15,SS,South Sudan,AFRO,0.0,18368,0.0,138
2023-01-22,SS,South Sudan,AFRO,0.0,18368,0.0,138
2023-01-29,SS,South Sudan,AFRO,0.0,18368,0.0,138
2023-02-05,SS,South Sudan,AFRO,0.0,18368,0.0,138
2023-02-12,SS,South Sudan,AFRO,0.0,18368,0.0,138
2023-02-19,SS,South Sudan,AFRO,0.0,18368,0.0,138
2023-02-26,SS,South Sudan,AFRO,0.0,18368,0.0,138
2023-03-05,SS,South Sudan,AFRO,0.0,18368,0.0,138
2023-03-12,SS,South Sudan,AFRO,0.0,18368,0.0,138
2023-03-19,SS,South Sudan,AFRO,0.0,18368,0.0,138
2023-03-26,SS,South Sudan,AFRO,0.0,18368,0.0,138
2023-04-02,SS,South Sudan,AFRO,0.0,18368,0.0,138
2023-04-09,SS,South Sudan,AFRO,0.0,18368,0.0,138
2023-04-16,SS,South Sudan,AFRO,0.0,18368,0.0,138
2023-04-23,SS,South Sudan,AFRO,0.0,18368,0.0,138
2023-04-30,SS,South Sudan,AFRO,0.0,18368,0.0,138
2023-05-07,SS,South Sudan,AFRO,0.0,18368,0.0,138
2023-05-14,SS,South Sudan,AFRO,0.0,18368,0.0,138
2023-05-21,SS,South Sudan,AFRO,0.0,18368,0.0,138
2023-05-28,SS,South Sudan,AFRO,0.0,18368,0.0,138
2023-06-04,SS,South Sudan,AFRO,0.0,18368,0.0,138
2023-06-11,SS,South Sudan,AFRO,0.0,18368,0.0,138
2023-06-18,SS,South Sudan,AFRO,0.0,18368,0.0,138
2023-06-25,SS,South Sudan,AFRO,0.0,18368,0.0,138
2023-07-02,SS,South Sudan,AFRO,0.0,18368,0.0,138
2023-07-09,SS,South Sudan,AFRO,0.0,18368,0.0,138
2023-07-16,SS,South Sudan,AFRO,0.0,18368,0.0,138
2023-07-23,SS,South Sudan,AFRO,0.0,18368,0.0,138
2023-07-30,SS,South Sudan,AFRO,0.0,18368,0.0,138
2023-08-06,SS,South Sudan,AFRO,0.0,18368,0.0,138
2023-08-13,SS,South Sudan,AFRO,0.0,18368,0.0,138
2023-08-20,SS,South Sudan,AFRO,0.0,18368,0.0,138
2023-08-27,SS,South Sudan,AFRO,0.0,18368,0.0,138
2023-09-03,SS,South Sudan,AFRO,0.0,18368,0.0,138
2023-09-10,SS,South Sudan,AFRO,0.0,18368,0.0,138
2023-09-17,SS,South Sudan,AFRO,0.0,18368,0.0,138
2023-09-24,SS,South Sudan,AFRO,0.0,18368,0.0,138
2023-10-01,SS,South Sudan,AFRO,0.0,18368,0.0,138
2023-10-08,SS,South Sudan,AFRO,31.0,18399,9.0,147
2023-10-15,SS,South Sudan,AFRO,137.0,18536,0.0,147
2023-10-22,SS,South Sudan,AFRO,59.0,18595,0.0,147
2023-10-29,SS,South Sudan,AFRO,101.0,18696,0.0,147
2023-11-05,SS,South Sudan,AFRO,26.0,18722,0.0,147
2023-11-12,SS,South Sudan,AFRO,36.0,18758,0.0,147
2023-11-19,SS,South Sudan,AFRO,5.0,18763,0.0,147
2023-11-26,SS,South Sudan,AFRO,2.0,18765,0.0,147
2023-12-03,SS,South Sudan,AFRO,54.0,18819,0.0,147
2023-12-10,SS,South Sudan,AFRO,0.0,18819,0.0,147
2023-12-17,SS,South Sudan,AFRO,0.0,18819,0.0,147
2023-12-24,SS,South Sudan,AFRO,0.0,18819,0.0,147
2023-12-31,SS,South Sudan,AFRO,0.0,18819,0.0,147
2024-01-07,SS,South Sudan,AFRO,0.0,18819,0.0,147
2024-01-14,SS,South Sudan,AFRO,0.0,18819,0.0,147
2024-01-21,SS,South Sudan,AFRO,0.0,18819,0.0,147
2024-01-28,SS,South Sudan,AFRO,0.0,18819,0.0,147
2024-02-04,SS,South Sudan,AFRO,0.0,18819,0.0,147
2024-02-11,SS,South Sudan,AFRO,0.0,18819,0.0,147
2024-02-18,SS,South Sudan,AFRO,0.0,18819,0.0,147
2024-02-25,SS,South Sudan,AFRO,0.0,18819,0.0,147
2024-03-03,SS,South Sudan,AFRO,0.0,18819,0.0,147
2024-03-10,SS,South Sudan,AFRO,0.0,18819,0.0,147
2024-03-17,SS,South Sudan,AFRO,0.0,18819,0.0,147
2024-03-24,SS,South Sudan,AFRO,1.0,18820,0.0,147
2024-03-31,SS,South Sudan,AFRO,0.0,18820,0.0,147
2024-04-07,SS,South Sudan,AFRO,3.0,18823,0.0,147
2024-04-14,SS,South Sudan,AFRO,0.0,18823,0.0,147
2024-04-21,SS,South Sudan,AFRO,0.0,18823,0.0,147
2024-04-28,SS,South Sudan,AFRO,0.0,18823,0.0,147
