Date_reported,Country_code,Country,WHO_region,New_cases,Cumulative_cases,New_deaths,Cumulative_deaths
2020-04-12,ST,Sao Tome and Principe,AFRO,4.0,4,0.0,0
2020-04-19,ST,Sao Tome and Principe,AFRO,0.0,4,0.0,0
2020-04-26,ST,Sao Tome and Principe,AFRO,4.0,8,0.0,0
2020-05-03,ST,Sao Tome and Principe,AFRO,15.0,23,4.0,4
2020-05-10,ST,Sao Tome and Principe,AFRO,189.0,212,1.0,5
2020-05-17,ST,Sao Tome and Principe,AFRO,28.0,240,5.0,10
2020-05-24,ST,Sao Tome and Principe,AFRO,51.0,291,2.0,12
2020-05-31,ST,Sao Tome and Principe,AFRO,188.0,479,1.0,13
2020-06-07,ST,Sao Tome and Principe,AFRO,34.0,513,0.0,13
2020-06-14,ST,Sao Tome and Principe,AFRO,146.0,659,0.0,13
2020-06-21,ST,Sao Tome and Principe,AFRO,39.0,698,0.0,13
2020-06-28,ST,Sao Tome and Principe,AFRO,15.0,713,0.0,13
2020-07-05,ST,Sao Tome and Principe,AFRO,6.0,719,0.0,13
2020-07-12,ST,Sao Tome and Principe,AFRO,8.0,727,1.0,14
2020-07-19,ST,Sao Tome and Principe,AFRO,16.0,743,0.0,14
2020-07-26,ST,Sao Tome and Principe,AFRO,119.0,862,0.0,14
2020-08-02,ST,Sao Tome and Principe,AFRO,12.0,874,1.0,15
2020-08-09,ST,Sao Tome and Principe,AFRO,4.0,878,0.0,15
2020-08-16,ST,Sao Tome and Principe,AFRO,7.0,885,0.0,15
2020-08-23,ST,Sao Tome and Principe,AFRO,7.0,892,0.0,15
2020-08-30,ST,Sao Tome and Principe,AFRO,3.0,895,0.0,15
2020-09-06,ST,Sao Tome and Principe,AFRO,3.0,898,0.0,15
2020-09-13,ST,Sao Tome and Principe,AFRO,8.0,906,0.0,15
2020-09-20,ST,Sao Tome and Principe,AFRO,2.0,908,0.0,15
2020-09-27,ST,Sao Tome and Principe,AFRO,3.0,911,0.0,15
2020-10-04,ST,Sao Tome and Principe,AFRO,2.0,913,0.0,15
2020-10-11,ST,Sao Tome and Principe,AFRO,9.0,922,0.0,15
2020-10-18,ST,Sao Tome and Principe,AFRO,10.0,932,0.0,15
2020-10-25,ST,Sao Tome and Principe,AFRO,8.0,940,0.0,15
2020-11-01,ST,Sao Tome and Principe,AFRO,5.0,945,1.0,16
2020-11-08,ST,Sao Tome and Principe,AFRO,17.0,962,0.0,16
2020-11-15,ST,Sao Tome and Principe,AFRO,2.0,964,0.0,16
2020-11-22,ST,Sao Tome and Principe,AFRO,15.0,979,1.0,17
2020-11-29,ST,Sao Tome and Principe,AFRO,6.0,985,0.0,17
2020-12-06,ST,Sao Tome and Principe,AFRO,14.0,999,0.0,17
2020-12-13,ST,Sao Tome and Principe,AFRO,10.0,1009,0.0,17
2020-12-20,ST,Sao Tome and Principe,AFRO,3.0,1012,0.0,17
2020-12-27,ST,Sao Tome and Principe,AFRO,2.0,1014,0.0,17
2021-01-03,ST,Sao Tome and Principe,AFRO,10.0,1024,0.0,17
2021-01-10,ST,Sao Tome and Principe,AFRO,42.0,1066,0.0,17
2021-01-17,ST,Sao Tome and Principe,AFRO,64.0,1130,0.0,17
2021-01-24,ST,Sao Tome and Principe,AFRO,52.0,1182,0.0,17
2021-01-31,ST,Sao Tome and Principe,AFRO,74.0,1256,0.0,17
2021-02-07,ST,Sao Tome and Principe,AFRO,83.0,1339,1.0,18
2021-02-14,ST,Sao Tome and Principe,AFRO,143.0,1482,1.0,19
2021-02-21,ST,Sao Tome and Principe,AFRO,96.0,1578,2.0,21
2021-02-28,ST,Sao Tome and Principe,AFRO,208.0,1786,7.0,28
2021-03-07,ST,Sao Tome and Principe,AFRO,152.0,1938,3.0,31
2021-03-14,ST,Sao Tome and Principe,AFRO,140.0,2078,1.0,32
2021-03-21,ST,Sao Tome and Principe,AFRO,64.0,2142,2.0,34
2021-03-28,ST,Sao Tome and Principe,AFRO,68.0,2210,0.0,34
2021-04-04,ST,Sao Tome and Principe,AFRO,30.0,2240,1.0,35
2021-04-11,ST,Sao Tome and Principe,AFRO,23.0,2263,0.0,35
2021-04-18,ST,Sao Tome and Principe,AFRO,12.0,2275,0.0,35
2021-04-25,ST,Sao Tome and Principe,AFRO,22.0,2297,0.0,35
2021-05-02,ST,Sao Tome and Principe,AFRO,13.0,2310,0.0,35
2021-05-09,ST,Sao Tome and Principe,AFRO,8.0,2318,0.0,35
2021-05-16,ST,Sao Tome and Principe,AFRO,9.0,2327,0.0,35
2021-05-23,ST,Sao Tome and Principe,AFRO,9.0,2336,2.0,37
2021-05-30,ST,Sao Tome and Principe,AFRO,9.0,2345,0.0,37
2021-06-06,ST,Sao Tome and Principe,AFRO,8.0,2353,0.0,37
2021-06-13,ST,Sao Tome and Principe,AFRO,4.0,2357,0.0,37
2021-06-20,ST,Sao Tome and Principe,AFRO,5.0,2362,0.0,37
2021-06-27,ST,Sao Tome and Principe,AFRO,3.0,2365,0.0,37
2021-07-04,ST,Sao Tome and Principe,AFRO,11.0,2376,0.0,37
2021-07-11,ST,Sao Tome and Principe,AFRO,16.0,2392,0.0,37
2021-07-18,ST,Sao Tome and Principe,AFRO,18.0,2410,0.0,37
2021-07-25,ST,Sao Tome and Principe,AFRO,14.0,2424,0.0,37
2021-08-01,ST,Sao Tome and Principe,AFRO,30.0,2454,0.0,37
2021-08-08,ST,Sao Tome and Principe,AFRO,16.0,2470,0.0,37
2021-08-15,ST,Sao Tome and Principe,AFRO,18.0,2488,0.0,37
2021-08-22,ST,Sao Tome and Principe,AFRO,36.0,2524,0.0,37
2021-08-29,ST,Sao Tome and Principe,AFRO,66.0,2590,0.0,37
2021-09-05,ST,Sao Tome and Principe,AFRO,93.0,2683,0.0,37
2021-09-12,ST,Sao Tome and Principe,AFRO,131.0,2814,2.0,39
2021-09-19,ST,Sao Tome and Principe,AFRO,226.0,3040,4.0,43
2021-09-26,ST,Sao Tome and Principe,AFRO,298.0,3338,6.0,49
2021-10-03,ST,Sao Tome and Principe,AFRO,193.0,3531,3.0,52
2021-10-10,ST,Sao Tome and Principe,AFRO,95.0,3626,4.0,56
2021-10-17,ST,Sao Tome and Principe,AFRO,49.0,3675,0.0,56
2021-10-24,ST,Sao Tome and Principe,AFRO,22.0,3697,0.0,56
2021-10-31,ST,Sao Tome and Principe,AFRO,15.0,3712,0.0,56
2021-11-07,ST,Sao Tome and Principe,AFRO,9.0,3721,0.0,56
2021-11-14,ST,Sao Tome and Principe,AFRO,9.0,3730,0.0,56
2021-11-21,ST,Sao Tome and Principe,AFRO,1.0,3731,0.0,56
2021-11-28,ST,Sao Tome and Principe,AFRO,0.0,3731,0.0,56
2021-12-05,ST,Sao Tome and Principe,AFRO,1.0,3732,0.0,56
2021-12-12,ST,Sao Tome and Principe,AFRO,1.0,3733,1.0,57
2021-12-19,ST,Sao Tome and Principe,AFRO,2.0,3735,0.0,57
2021-12-26,ST,Sao Tome and Principe,AFRO,9.0,3744,0.0,57
2022-01-02,ST,Sao Tome and Principe,AFRO,159.0,3903,0.0,57
2022-01-09,ST,Sao Tome and Principe,AFRO,832.0,4735,6.0,63
2022-01-16,ST,Sao Tome and Principe,AFRO,760.0,5495,2.0,65
2022-01-23,ST,Sao Tome and Principe,AFRO,321.0,5816,3.0,68
2022-01-30,ST,Sao Tome and Principe,AFRO,67.0,5883,1.0,69
2022-02-06,ST,Sao Tome and Principe,AFRO,28.0,5911,2.0,71
2022-02-13,ST,Sao Tome and Principe,AFRO,9.0,5920,0.0,71
2022-02-20,ST,Sao Tome and Principe,AFRO,5.0,5925,0.0,71
2022-02-27,ST,Sao Tome and Principe,AFRO,8.0,5933,1.0,72
2022-03-06,ST,Sao Tome and Principe,AFRO,1.0,5934,0.0,72
2022-03-13,ST,Sao Tome and Principe,AFRO,0.0,5934,0.0,72
2022-03-20,ST,Sao Tome and Principe,AFRO,6.0,5940,1.0,73
2022-03-27,ST,Sao Tome and Principe,AFRO,5.0,5945,0.0,73
2022-04-03,ST,Sao Tome and Principe,AFRO,0.0,5945,0.0,73
2022-04-10,ST,Sao Tome and Principe,AFRO,3.0,5948,0.0,73
2022-04-17,ST,Sao Tome and Principe,AFRO,0.0,5948,0.0,73
2022-04-24,ST,Sao Tome and Principe,AFRO,5.0,5953,0.0,73
2022-05-01,ST,Sao Tome and Principe,AFRO,4.0,5957,0.0,73
2022-05-08,ST,Sao Tome and Principe,AFRO,13.0,5970,0.0,73
2022-05-15,ST,Sao Tome and Principe,AFRO,0.0,5970,0.0,73
2022-05-22,ST,Sao Tome and Principe,AFRO,0.0,5970,0.0,73
2022-05-29,ST,Sao Tome and Principe,AFRO,12.0,5982,0.0,73
2022-06-05,ST,Sao Tome and Principe,AFRO,9.0,5991,0.0,73
2022-06-12,ST,Sao Tome and Principe,AFRO,12.0,6003,0.0,73
2022-06-19,ST,Sao Tome and Principe,AFRO,7.0,6010,0.0,73
2022-06-26,ST,Sao Tome and Principe,AFRO,13.0,6023,0.0,73
2022-07-03,ST,Sao Tome and Principe,AFRO,20.0,6043,0.0,73
2022-07-10,ST,Sao Tome and Principe,AFRO,21.0,6064,1.0,74
2022-07-17,ST,Sao Tome and Principe,AFRO,15.0,6079,0.0,74
2022-07-24,ST,Sao Tome and Principe,AFRO,8.0,6087,0.0,74
2022-07-31,ST,Sao Tome and Principe,AFRO,13.0,6100,0.0,74
2022-08-07,ST,Sao Tome and Principe,AFRO,15.0,6115,1.0,75
2022-08-14,ST,Sao Tome and Principe,AFRO,5.0,6120,1.0,76
2022-08-21,ST,Sao Tome and Principe,AFRO,3.0,6123,0.0,76
2022-08-28,ST,Sao Tome and Principe,AFRO,13.0,6136,0.0,76
2022-09-04,ST,Sao Tome and Principe,AFRO,17.0,6153,0.0,76
2022-09-11,ST,Sao Tome and Principe,AFRO,24.0,6177,0.0,76
2022-09-18,ST,Sao Tome and Principe,AFRO,16.0,6193,0.0,76
2022-09-25,ST,Sao Tome and Principe,AFRO,16.0,6209,1.0,77
2022-10-02,ST,Sao Tome and Principe,AFRO,21.0,6230,0.0,77
2022-10-09,ST,Sao Tome and Principe,AFRO,6.0,6236,0.0,77
2022-10-16,ST,Sao Tome and Principe,AFRO,16.0,6252,0.0,77
2022-10-23,ST,Sao Tome and Principe,AFRO,11.0,6263,0.0,77
2022-10-30,ST,Sao Tome and Principe,AFRO,3.0,6266,0.0,77
2022-11-06,ST,Sao Tome and Principe,AFRO,4.0,6270,0.0,77
2022-11-13,ST,Sao Tome and Principe,AFRO,5.0,6275,0.0,77
2022-11-20,ST,Sao Tome and Principe,AFRO,0.0,6275,0.0,77
2022-11-27,ST,Sao Tome and Principe,AFRO,3.0,6278,0.0,77
2022-12-04,ST,Sao Tome and Principe,AFRO,0.0,6278,0.0,77
2022-12-11,ST,Sao Tome and Principe,AFRO,1.0,6279,0.0,77
2022-12-18,ST,Sao Tome and Principe,AFRO,0.0,6279,0.0,77
2022-12-25,ST,Sao Tome and Principe,AFRO,0.0,6279,0.0,77
2023-01-01,ST,Sao Tome and Principe,AFRO,0.0,6279,0.0,77
2023-01-08,ST,Sao Tome and Principe,AFRO,0.0,6279,0.0,77
2023-01-15,ST,Sao Tome and Principe,AFRO,0.0,6279,0.0,77
2023-01-22,ST,Sao Tome and Principe,AFRO,0.0,6279,0.0,77
2023-01-29,ST,Sao Tome and Principe,AFRO,0.0,6279,0.0,77
2023-02-05,ST,Sao Tome and Principe,AFRO,1.0,6280,0.0,77
2023-02-12,ST,Sao Tome and Principe,AFRO,0.0,6280,0.0,77
2023-02-19,ST,Sao Tome and Principe,AFRO,0.0,6280,0.0,77
2023-02-26,ST,Sao Tome and Principe,AFRO,1.0,6281,0.0,77
2023-03-05,ST,Sao Tome and Principe,AFRO,0.0,6281,0.0,77
2023-03-12,ST,Sao Tome and Principe,AFRO,0.0,6281,0.0,77
2023-03-19,ST,Sao Tome and Principe,AFRO,15.0,6296,0.0,77
2023-03-26,ST,Sao Tome and Principe,AFRO,53.0,6349,0.0,77
2023-04-02,ST,Sao Tome and Principe,AFRO,88.0,6437,1.0,78
2023-04-09,ST,Sao Tome and Principe,AFRO,63.0,6500,1.0,79
2023-04-16,ST,Sao Tome and Principe,AFRO,42.0,6542,1.0,80
2023-04-23,ST,Sao Tome and Principe,AFRO,20.0,6562,0.0,80
2023-04-30,ST,Sao Tome and Principe,AFRO,6.0,6568,0.0,80
2023-05-07,ST,Sao Tome and Principe,AFRO,1.0,6569,0.0,80
2023-05-14,ST,Sao Tome and Principe,AFRO,6.0,6575,0.0,80
2023-05-21,ST,Sao Tome and Principe,AFRO,2.0,6577,0.0,80
2023-05-28,ST,Sao Tome and Principe,AFRO,4.0,6581,0.0,80
2023-06-04,ST,Sao Tome and Principe,AFRO,4.0,6585,0.0,80
2023-06-11,ST,Sao Tome and Principe,AFRO,2.0,6587,0.0,80
2023-06-18,ST,Sao Tome and Principe,AFRO,1.0,6588,0.0,80
2023-06-25,ST,Sao Tome and Principe,AFRO,0.0,6588,0.0,80
2023-07-02,ST,Sao Tome and Principe,AFRO,0.0,6588,0.0,80
2023-07-09,ST,Sao Tome and Principe,AFRO,0.0,6588,0.0,80
2023-07-16,ST,Sao Tome and Principe,AFRO,1.0,6589,0.0,80
2023-07-23,ST,Sao Tome and Principe,AFRO,0.0,6589,0.0,80
2023-07-30,ST,Sao Tome and Principe,AFRO,0.0,6589,0.0,80
2023-08-06,ST,Sao Tome and Principe,AFRO,0.0,6589,0.0,80
2023-08-13,ST,Sao Tome and Principe,AFRO,0.0,6589,0.0,80
2023-08-20,ST,Sao Tome and Principe,AFRO,0.0,6589,0.0,80
2023-08-27,ST,Sao Tome and Principe,AFRO,0.0,6589,0.0,80
2023-09-03,ST,Sao Tome and Principe,AFRO,7.0,6596,0.0,80
2023-09-10,ST,Sao Tome and Principe,AFRO,0.0,6596,0.0,80
2023-09-17,ST,Sao Tome and Principe,AFRO,1.0,6597,0.0,80
2023-09-24,ST,Sao Tome and Principe,AFRO,0.0,6597,0.0,80
2023-10-01,ST,Sao Tome and Principe,AFRO,0.0,6597,0.0,80
2023-10-08,ST,Sao Tome and Principe,AFRO,1.0,6598,0.0,80
2023-10-15,ST,Sao Tome and Principe,AFRO,1.0,6599,0.0,80
2023-10-22,ST,Sao Tome and Principe,AFRO,2.0,6601,0.0,80
2023-10-29,ST,Sao Tome and Principe,AFRO,0.0,6601,0.0,80
2023-11-05,ST,Sao Tome and Principe,AFRO,3.0,6604,0.0,80
2023-11-12,ST,Sao Tome and Principe,AFRO,3.0,6607,0.0,80
2023-11-19,ST,Sao Tome and Principe,AFRO,28.0,6635,0.0,80
2023-11-26,ST,Sao Tome and Principe,AFRO,51.0,6686,0.0,80
2023-12-03,ST,Sao Tome and Principe,AFRO,33.0,6719,0.0,80
2023-12-10,ST,Sao Tome and Principe,AFRO,10.0,6729,0.0,80
2023-12-17,ST,Sao Tome and Principe,AFRO,3.0,6732,0.0,80
2023-12-24,ST,Sao Tome and Principe,AFRO,2.0,6734,0.0,80
2023-12-31,ST,Sao Tome and Principe,AFRO,2.0,6736,0.0,80
2024-01-07,ST,Sao Tome and Principe,AFRO,0.0,6736,0.0,80
2024-01-14,ST,Sao Tome and Principe,AFRO,0.0,6736,0.0,80
2024-01-21,ST,Sao Tome and Principe,AFRO,0.0,6736,0.0,80
2024-01-28,ST,Sao Tome and Principe,AFRO,0.0,6736,0.0,80
2024-02-04,ST,Sao Tome and Principe,AFRO,0.0,6736,0.0,80
2024-02-11,ST,Sao Tome and Principe,AFRO,0.0,6736,0.0,80
2024-02-18,ST,Sao Tome and Principe,AFRO,0.0,6736,0.0,80
2024-02-25,ST,Sao Tome and Principe,AFRO,0.0,6736,0.0,80
2024-03-03,ST,Sao Tome and Principe,AFRO,0.0,6736,0.0,80
2024-03-10,ST,Sao Tome and Principe,AFRO,0.0,6736,0.0,80
2024-03-17,ST,Sao Tome and Principe,AFRO,5.0,6741,0.0,80
2024-03-24,ST,Sao Tome and Principe,AFRO,2.0,6743,0.0,80
2024-03-31,ST,Sao Tome and Principe,AFRO,6.0,6749,0.0,80
2024-04-07,ST,Sao Tome and Principe,AFRO,13.0,6762,0.0,80
2024-04-14,ST,Sao Tome and Principe,AFRO,4.0,6766,0.0,80
2024-04-21,ST,Sao Tome and Principe,AFRO,1.0,6767,0.0,80
2024-04-28,ST,Sao Tome and Principe,AFRO,3.0,6770,0.0,80
