Date_reported,Country_code,Country,WHO_region,New_cases,Cumulative_cases,New_deaths,Cumulative_deaths
2020-03-29,SY,Syrian Arab Republic,EMRO,5.0,5,0.0,0
2020-04-05,SY,Syrian Arab Republic,EMRO,11.0,16,2.0,2
2020-04-12,SY,Syrian Arab Republic,EMRO,9.0,25,0.0,2
2020-04-19,SY,Syrian Arab Republic,EMRO,13.0,38,0.0,2
2020-04-26,SY,Syrian Arab Republic,EMRO,4.0,42,1.0,3
2020-05-03,SY,Syrian Arab Republic,EMRO,2.0,44,0.0,3
2020-05-10,SY,Syrian Arab Republic,EMRO,3.0,47,0.0,3
2020-05-17,SY,Syrian Arab Republic,EMRO,4.0,51,0.0,3
2020-05-24,SY,Syrian Arab Republic,EMRO,19.0,70,1.0,4
2020-05-31,SY,Syrian Arab Republic,EMRO,52.0,122,0.0,4
2020-06-07,SY,Syrian Arab Republic,EMRO,3.0,125,2.0,6
2020-06-14,SY,Syrian Arab Republic,EMRO,45.0,170,0.0,6
2020-06-21,SY,Syrian Arab Republic,EMRO,28.0,198,1.0,7
2020-06-28,SY,Syrian Arab Republic,EMRO,58.0,256,2.0,9
2020-07-05,SY,Syrian Arab Republic,EMRO,82.0,338,1.0,10
2020-07-12,SY,Syrian Arab Republic,EMRO,56.0,394,6.0,16
2020-07-19,SY,Syrian Arab Republic,EMRO,102.0,496,9.0,25
2020-07-26,SY,Syrian Arab Republic,EMRO,131.0,627,11.0,36
2020-08-02,SY,Syrian Arab Republic,EMRO,153.0,780,7.0,43
2020-08-09,SY,Syrian Arab Republic,EMRO,345.0,1125,7.0,50
2020-08-16,SY,Syrian Arab Republic,EMRO,468.0,1593,10.0,60
2020-08-23,SY,Syrian Arab Republic,EMRO,550.0,2143,25.0,85
2020-08-30,SY,Syrian Arab Republic,EMRO,485.0,2628,21.0,106
2020-09-06,SY,Syrian Arab Republic,EMRO,476.0,3104,24.0,130
2020-09-13,SY,Syrian Arab Republic,EMRO,402.0,3506,22.0,152
2020-09-20,SY,Syrian Arab Republic,EMRO,259.0,3765,18.0,170
2020-09-27,SY,Syrian Arab Republic,EMRO,273.0,4038,18.0,188
2020-10-04,SY,Syrian Arab Republic,EMRO,291.0,4329,16.0,204
2020-10-11,SY,Syrian Arab Republic,EMRO,344.0,4673,17.0,221
2020-10-18,SY,Syrian Arab Republic,EMRO,360.0,5033,24.0,245
2020-10-25,SY,Syrian Arab Republic,EMRO,326.0,5359,22.0,267
2020-11-01,SY,Syrian Arab Republic,EMRO,369.0,5728,21.0,288
2020-11-08,SY,Syrian Arab Republic,EMRO,419.0,6147,25.0,313
2020-11-15,SY,Syrian Arab Republic,EMRO,466.0,6613,28.0,341
2020-11-22,SY,Syrian Arab Republic,EMRO,541.0,7154,31.0,372
2020-11-29,SY,Syrian Arab Republic,EMRO,561.0,7715,37.0,409
2020-12-06,SY,Syrian Arab Republic,EMRO,605.0,8320,33.0,442
2020-12-13,SY,Syrian Arab Republic,EMRO,721.0,9041,64.0,506
2020-12-20,SY,Syrian Arab Republic,EMRO,1009.0,10050,95.0,601
2020-12-27,SY,Syrian Arab Republic,EMRO,882.0,10932,68.0,669
2021-01-03,SY,Syrian Arab Republic,EMRO,684.0,11616,54.0,723
2021-01-10,SY,Syrian Arab Republic,EMRO,658.0,12274,45.0,768
2021-01-17,SY,Syrian Arab Republic,EMRO,668.0,12942,56.0,824
2021-01-24,SY,Syrian Arab Republic,EMRO,615.0,13557,55.0,879
2021-01-31,SY,Syrian Arab Republic,EMRO,441.0,13998,37.0,916
2021-02-07,SY,Syrian Arab Republic,EMRO,410.0,14408,31.0,947
2021-02-14,SY,Syrian Arab Republic,EMRO,412.0,14820,28.0,975
2021-02-21,SY,Syrian Arab Republic,EMRO,323.0,15143,21.0,996
2021-02-28,SY,Syrian Arab Republic,EMRO,390.0,15533,27.0,1023
2021-03-07,SY,Syrian Arab Republic,EMRO,392.0,15925,35.0,1058
2021-03-14,SY,Syrian Arab Republic,EMRO,476.0,16401,36.0,1094
2021-03-21,SY,Syrian Arab Republic,EMRO,839.0,17240,59.0,1153
2021-03-28,SY,Syrian Arab Republic,EMRO,1116.0,18356,74.0,1227
2021-04-04,SY,Syrian Arab Republic,EMRO,928.0,19284,72.0,1299
2021-04-11,SY,Syrian Arab Republic,EMRO,834.0,20118,69.0,1368
2021-04-18,SY,Syrian Arab Republic,EMRO,886.0,21004,69.0,1437
2021-04-25,SY,Syrian Arab Republic,EMRO,995.0,21999,89.0,1526
2021-05-02,SY,Syrian Arab Republic,EMRO,819.0,22818,72.0,1598
2021-05-09,SY,Syrian Arab Republic,EMRO,501.0,23319,50.0,1648
2021-05-16,SY,Syrian Arab Republic,EMRO,374.0,23693,45.0,1693
2021-05-23,SY,Syrian Arab Republic,EMRO,359.0,24052,36.0,1729
2021-05-30,SY,Syrian Arab Republic,EMRO,388.0,24440,34.0,1763
2021-06-06,SY,Syrian Arab Republic,EMRO,199.0,24639,27.0,1790
2021-06-13,SY,Syrian Arab Republic,EMRO,150.0,24789,18.0,1808
2021-06-20,SY,Syrian Arab Republic,EMRO,287.0,25076,33.0,1841
2021-06-27,SY,Syrian Arab Republic,EMRO,289.0,25365,23.0,1864
2021-07-04,SY,Syrian Arab Republic,EMRO,254.0,25619,21.0,1885
2021-07-11,SY,Syrian Arab Republic,EMRO,157.0,25776,12.0,1897
2021-07-18,SY,Syrian Arab Republic,EMRO,51.0,25827,7.0,1904
2021-07-25,SY,Syrian Arab Republic,EMRO,38.0,25865,1.0,1905
2021-08-01,SY,Syrian Arab Republic,EMRO,98.0,25963,9.0,1914
2021-08-08,SY,Syrian Arab Republic,EMRO,118.0,26081,5.0,1919
2021-08-15,SY,Syrian Arab Republic,EMRO,211.0,26292,16.0,1935
2021-08-22,SY,Syrian Arab Republic,EMRO,507.0,26799,29.0,1964
2021-08-29,SY,Syrian Arab Republic,EMRO,740.0,27539,34.0,1998
2021-09-05,SY,Syrian Arab Republic,EMRO,884.0,28423,35.0,2033
2021-09-12,SY,Syrian Arab Republic,EMRO,935.0,29358,38.0,2071
2021-09-19,SY,Syrian Arab Republic,EMRO,1161.0,30519,49.0,2120
2021-09-26,SY,Syrian Arab Republic,EMRO,2061.0,32580,78.0,2198
2021-10-03,SY,Syrian Arab Republic,EMRO,2116.0,34696,67.0,2265
2021-10-10,SY,Syrian Arab Republic,EMRO,2017.0,36713,67.0,2332
2021-10-17,SY,Syrian Arab Republic,EMRO,1992.0,38705,59.0,2391
2021-10-24,SY,Syrian Arab Republic,EMRO,2517.0,41222,101.0,2492
2021-10-31,SY,Syrian Arab Republic,EMRO,1924.0,43146,68.0,2560
2021-11-07,SY,Syrian Arab Republic,EMRO,1753.0,44899,53.0,2613
2021-11-14,SY,Syrian Arab Republic,EMRO,1231.0,46130,48.0,2661
2021-11-21,SY,Syrian Arab Republic,EMRO,961.0,47091,38.0,2699
2021-11-28,SY,Syrian Arab Republic,EMRO,772.0,47863,34.0,2733
2021-12-05,SY,Syrian Arab Republic,EMRO,675.0,48538,39.0,2772
2021-12-12,SY,Syrian Arab Republic,EMRO,651.0,49189,37.0,2809
2021-12-19,SY,Syrian Arab Republic,EMRO,504.0,49693,32.0,2841
2021-12-26,SY,Syrian Arab Republic,EMRO,358.0,50051,30.0,2871
2022-01-02,SY,Syrian Arab Republic,EMRO,259.0,50310,30.0,2901
2022-01-09,SY,Syrian Arab Republic,EMRO,172.0,50482,23.0,2924
2022-01-16,SY,Syrian Arab Republic,EMRO,192.0,50674,20.0,2944
2022-01-23,SY,Syrian Arab Republic,EMRO,269.0,50943,21.0,2965
2022-01-30,SY,Syrian Arab Republic,EMRO,341.0,51284,19.0,2984
2022-02-06,SY,Syrian Arab Republic,EMRO,542.0,51826,20.0,3004
2022-02-13,SY,Syrian Arab Republic,EMRO,800.0,52626,22.0,3026
2022-02-20,SY,Syrian Arab Republic,EMRO,901.0,53527,21.0,3047
2022-02-27,SY,Syrian Arab Republic,EMRO,853.0,54380,21.0,3068
2022-03-06,SY,Syrian Arab Republic,EMRO,583.0,54963,24.0,3092
2022-03-13,SY,Syrian Arab Republic,EMRO,366.0,55329,22.0,3114
2022-03-20,SY,Syrian Arab Republic,EMRO,209.0,55538,11.0,3125
2022-03-27,SY,Syrian Arab Republic,EMRO,112.0,55650,8.0,3133
2022-04-03,SY,Syrian Arab Republic,EMRO,56.0,55706,11.0,3144
2022-04-10,SY,Syrian Arab Republic,EMRO,33.0,55739,2.0,3146
2022-04-17,SY,Syrian Arab Republic,EMRO,30.0,55769,3.0,3149
2022-04-24,SY,Syrian Arab Republic,EMRO,26.0,55795,1.0,3150
2022-05-01,SY,Syrian Arab Republic,EMRO,21.0,55816,0.0,3150
2022-05-08,SY,Syrian Arab Republic,EMRO,31.0,55847,0.0,3150
2022-05-15,SY,Syrian Arab Republic,EMRO,22.0,55869,0.0,3150
2022-05-22,SY,Syrian Arab Republic,EMRO,9.0,55878,0.0,3150
2022-05-29,SY,Syrian Arab Republic,EMRO,12.0,55890,0.0,3150
2022-06-05,SY,Syrian Arab Republic,EMRO,7.0,55897,0.0,3150
2022-06-12,SY,Syrian Arab Republic,EMRO,8.0,55905,0.0,3150
2022-06-19,SY,Syrian Arab Republic,EMRO,9.0,55914,0.0,3150
2022-06-26,SY,Syrian Arab Republic,EMRO,7.0,55921,0.0,3150
2022-07-03,SY,Syrian Arab Republic,EMRO,9.0,55930,0.0,3150
2022-07-10,SY,Syrian Arab Republic,EMRO,22.0,55952,0.0,3150
2022-07-17,SY,Syrian Arab Republic,EMRO,27.0,55979,0.0,3150
2022-07-24,SY,Syrian Arab Republic,EMRO,106.0,56085,0.0,3150
2022-07-31,SY,Syrian Arab Republic,EMRO,194.0,56279,0.0,3150
2022-08-07,SY,Syrian Arab Republic,EMRO,195.0,56474,3.0,3153
2022-08-14,SY,Syrian Arab Republic,EMRO,226.0,56700,4.0,3157
2022-08-21,SY,Syrian Arab Republic,EMRO,138.0,56838,3.0,3160
2022-08-28,SY,Syrian Arab Republic,EMRO,135.0,56973,3.0,3163
2022-09-04,SY,Syrian Arab Republic,EMRO,99.0,57072,0.0,3163
2022-09-11,SY,Syrian Arab Republic,EMRO,80.0,57152,0.0,3163
2022-09-18,SY,Syrian Arab Republic,EMRO,64.0,57216,0.0,3163
2022-09-25,SY,Syrian Arab Republic,EMRO,51.0,57267,0.0,3163
2022-10-02,SY,Syrian Arab Republic,EMRO,40.0,57307,0.0,3163
2022-10-09,SY,Syrian Arab Republic,EMRO,15.0,57322,0.0,3163
2022-10-16,SY,Syrian Arab Republic,EMRO,11.0,57333,0.0,3163
2022-10-23,SY,Syrian Arab Republic,EMRO,14.0,57347,0.0,3163
2022-10-30,SY,Syrian Arab Republic,EMRO,11.0,57358,0.0,3163
2022-11-06,SY,Syrian Arab Republic,EMRO,10.0,57368,0.0,3163
2022-11-13,SY,Syrian Arab Republic,EMRO,11.0,57379,0.0,3163
2022-11-20,SY,Syrian Arab Republic,EMRO,8.0,57387,0.0,3163
2022-11-27,SY,Syrian Arab Republic,EMRO,7.0,57394,0.0,3163
2022-12-04,SY,Syrian Arab Republic,EMRO,11.0,57405,0.0,3163
2022-12-11,SY,Syrian Arab Republic,EMRO,8.0,57413,0.0,3163
2022-12-18,SY,Syrian Arab Republic,EMRO,10.0,57423,0.0,3163
2022-12-25,SY,Syrian Arab Republic,EMRO,0.0,57423,0.0,3163
2023-01-01,SY,Syrian Arab Republic,EMRO,0.0,57423,0.0,3163
2023-01-08,SY,Syrian Arab Republic,EMRO,0.0,57423,0.0,3163
2023-01-15,SY,Syrian Arab Republic,EMRO,0.0,57423,0.0,3163
2023-01-22,SY,Syrian Arab Republic,EMRO,0.0,57423,0.0,3163
2023-01-29,SY,Syrian Arab Republic,EMRO,0.0,57423,0.0,3163
2023-02-05,SY,Syrian Arab Republic,EMRO,0.0,57423,0.0,3163
2023-02-12,SY,Syrian Arab Republic,EMRO,0.0,57423,0.0,3163
2023-02-19,SY,Syrian Arab Republic,EMRO,0.0,57423,0.0,3163
2023-02-26,SY,Syrian Arab Republic,EMRO,0.0,57423,0.0,3163
2023-03-05,SY,Syrian Arab Republic,EMRO,0.0,57423,0.0,3163
2023-03-12,SY,Syrian Arab Republic,EMRO,0.0,57423,0.0,3163
2023-03-19,SY,Syrian Arab Republic,EMRO,0.0,57423,0.0,3163
2023-03-26,SY,Syrian Arab Republic,EMRO,0.0,57423,0.0,3163
2023-04-02,SY,Syrian Arab Republic,EMRO,0.0,57423,0.0,3163
2023-04-09,SY,Syrian Arab Republic,EMRO,0.0,57423,0.0,3163
2023-04-16,SY,Syrian Arab Republic,EMRO,0.0,57423,0.0,3163
2023-04-23,SY,Syrian Arab Republic,EMRO,0.0,57423,0.0,3163
2023-04-30,SY,Syrian Arab Republic,EMRO,0.0,57423,0.0,3163
2023-05-07,SY,Syrian Arab Republic,EMRO,0.0,57423,0.0,3163
2023-05-14,SY,Syrian Arab Republic,EMRO,0.0,57423,0.0,3163
2023-05-21,SY,Syrian Arab Republic,EMRO,0.0,57423,0.0,3163
2023-05-28,SY,Syrian Arab Republic,EMRO,0.0,57423,0.0,3163
2023-06-04,SY,Syrian Arab Republic,EMRO,0.0,57423,0.0,3163
2023-06-11,SY,Syrian Arab Republic,EMRO,0.0,57423,0.0,3163
2023-06-18,SY,Syrian Arab Republic,EMRO,0.0,57423,0.0,3163
2023-06-25,SY,Syrian Arab Republic,EMRO,0.0,57423,0.0,3163
2023-07-02,SY,Syrian Arab Republic,EMRO,0.0,57423,0.0,3163
2023-07-09,SY,Syrian Arab Republic,EMRO,0.0,57423,0.0,3163
2023-07-16,SY,Syrian Arab Republic,EMRO,0.0,57423,0.0,3163
2023-07-23,SY,Syrian Arab Republic,EMRO,0.0,57423,0.0,3163
2023-07-30,SY,Syrian Arab Republic,EMRO,0.0,57423,0.0,3163
2023-08-06,SY,Syrian Arab Republic,EMRO,0.0,57423,0.0,3163
2023-08-13,SY,Syrian Arab Republic,EMRO,0.0,57423,0.0,3163
2023-08-20,SY,Syrian Arab Republic,EMRO,0.0,57423,0.0,3163
2023-08-27,SY,Syrian Arab Republic,EMRO,0.0,57423,0.0,3163
2023-09-03,SY,Syrian Arab Republic,EMRO,0.0,57423,0.0,3163
2023-09-10,SY,Syrian Arab Republic,EMRO,0.0,57423,0.0,3163
2023-09-17,SY,Syrian Arab Republic,EMRO,0.0,57423,0.0,3163
2023-09-24,SY,Syrian Arab Republic,EMRO,0.0,57423,0.0,3163
2023-10-01,SY,Syrian Arab Republic,EMRO,0.0,57423,0.0,3163
2023-10-08,SY,Syrian Arab Republic,EMRO,0.0,57423,0.0,3163
2023-10-15,SY,Syrian Arab Republic,EMRO,0.0,57423,0.0,3163
2023-10-22,SY,Syrian Arab Republic,EMRO,0.0,57423,0.0,3163
2023-10-29,SY,Syrian Arab Republic,EMRO,0.0,57423,0.0,3163
2023-11-05,SY,Syrian Arab Republic,EMRO,0.0,57423,0.0,3163
2023-11-12,SY,Syrian Arab Republic,EMRO,0.0,57423,0.0,3163
2023-11-19,SY,Syrian Arab Republic,EMRO,0.0,57423,0.0,3163
2023-11-26,SY,Syrian Arab Republic,EMRO,0.0,57423,0.0,3163
2023-12-03,SY,Syrian Arab Republic,EMRO,0.0,57423,0.0,3163
2023-12-10,SY,Syrian Arab Republic,EMRO,0.0,57423,0.0,3163
2023-12-17,SY,Syrian Arab Republic,EMRO,0.0,57423,0.0,3163
2023-12-24,SY,Syrian Arab Republic,EMRO,0.0,57423,0.0,3163
2023-12-31,SY,Syrian Arab Republic,EMRO,0.0,57423,0.0,3163
2024-01-07,SY,Syrian Arab Republic,EMRO,0.0,57423,0.0,3163
2024-01-14,SY,Syrian Arab Republic,EMRO,0.0,57423,0.0,3163
2024-01-21,SY,Syrian Arab Republic,EMRO,0.0,57423,0.0,3163
2024-01-28,SY,Syrian Arab Republic,EMRO,0.0,57423,0.0,3163
2024-02-04,SY,Syrian Arab Republic,EMRO,0.0,57423,0.0,3163
2024-02-11,SY,Syrian Arab Republic,EMRO,0.0,57423,0.0,3163
2024-02-18,SY,Syrian Arab Republic,EMRO,0.0,57423,0.0,3163
2024-02-25,SY,Syrian Arab Republic,EMRO,0.0,57423,0.0,3163
2024-03-03,SY,Syrian Arab Republic,EMRO,0.0,57423,0.0,3163
2024-03-10,SY,Syrian Arab Republic,EMRO,0.0,57423,0.0,3163
2024-03-17,SY,Syrian Arab Republic,EMRO,0.0,57423,0.0,3163
2024-03-24,SY,Syrian Arab Republic,EMRO,0.0,57423,0.0,3163
2024-03-31,SY,Syrian Arab Republic,EMRO,0.0,57423,0.0,3163
2024-04-07,SY,Syrian Arab Republic,EMRO,0.0,57423,0.0,3163
2024-04-14,SY,Syrian Arab Republic,EMRO,0.0,57423,0.0,3163
2024-04-21,SY,Syrian Arab Republic,EMRO,0.0,57423,0.0,3163
2024-04-28,SY,Syrian Arab Republic,EMRO,0.0,57423,0.0,3163
