Date_reported,Country_code,Country,WHO_region,New_cases,Cumulative_cases,New_deaths,Cumulative_deaths
2020-03-15,SZ,Eswatini,AFRO,1.0,1,0.0,0
2020-03-22,SZ,Eswatini,AFRO,0.0,1,0.0,0
2020-03-29,SZ,Eswatini,AFRO,8.0,9,0.0,0
2020-04-05,SZ,Eswatini,AFRO,0.0,9,0.0,0
2020-04-12,SZ,Eswatini,AFRO,5.0,14,0.0,0
2020-04-19,SZ,Eswatini,AFRO,8.0,22,1.0,1
2020-04-26,SZ,Eswatini,AFRO,34.0,56,0.0,1
2020-05-03,SZ,Eswatini,AFRO,52.0,108,0.0,1
2020-05-10,SZ,Eswatini,AFRO,55.0,163,1.0,2
2020-05-17,SZ,Eswatini,AFRO,39.0,202,0.0,2
2020-05-24,SZ,Eswatini,AFRO,36.0,238,0.0,2
2020-05-31,SZ,Eswatini,AFRO,45.0,283,0.0,2
2020-06-07,SZ,Eswatini,AFRO,50.0,333,1.0,3
2020-06-14,SZ,Eswatini,AFRO,153.0,486,0.0,3
2020-06-21,SZ,Eswatini,AFRO,141.0,627,2.0,5
2020-06-28,SZ,Eswatini,AFRO,118.0,745,3.0,8
2020-07-05,SZ,Eswatini,AFRO,209.0,954,5.0,13
2020-07-12,SZ,Eswatini,AFRO,357.0,1311,5.0,18
2020-07-19,SZ,Eswatini,AFRO,418.0,1729,3.0,21
2020-07-26,SZ,Eswatini,AFRO,413.0,2142,7.0,28
2020-08-02,SZ,Eswatini,AFRO,564.0,2706,14.0,42
2020-08-09,SZ,Eswatini,AFRO,422.0,3128,14.0,56
2020-08-16,SZ,Eswatini,AFRO,617.0,3745,13.0,69
2020-08-23,SZ,Eswatini,AFRO,444.0,4189,12.0,81
2020-08-30,SZ,Eswatini,AFRO,321.0,4510,10.0,91
2020-09-06,SZ,Eswatini,AFRO,309.0,4819,3.0,94
2020-09-13,SZ,Eswatini,AFRO,231.0,5050,4.0,98
2020-09-20,SZ,Eswatini,AFRO,195.0,5245,6.0,104
2020-09-27,SZ,Eswatini,AFRO,174.0,5419,4.0,108
2020-10-04,SZ,Eswatini,AFRO,111.0,5530,4.0,112
2020-10-11,SZ,Eswatini,AFRO,130.0,5660,1.0,113
2020-10-18,SZ,Eswatini,AFRO,105.0,5765,2.0,115
2020-10-25,SZ,Eswatini,AFRO,82.0,5847,1.0,116
2020-11-01,SZ,Eswatini,AFRO,70.0,5917,1.0,117
2020-11-08,SZ,Eswatini,AFRO,72.0,5989,0.0,117
2020-11-15,SZ,Eswatini,AFRO,104.0,6093,2.0,119
2020-11-22,SZ,Eswatini,AFRO,112.0,6205,0.0,119
2020-11-29,SZ,Eswatini,AFRO,201.0,6406,2.0,121
2020-12-06,SZ,Eswatini,AFRO,89.0,6495,1.0,122
2020-12-13,SZ,Eswatini,AFRO,219.0,6714,5.0,127
2020-12-20,SZ,Eswatini,AFRO,591.0,7305,10.0,137
2020-12-27,SZ,Eswatini,AFRO,1060.0,8365,26.0,163
2021-01-03,SZ,Eswatini,AFRO,1115.0,9480,64.0,227
2021-01-10,SZ,Eswatini,AFRO,1700.0,11180,64.0,291
2021-01-17,SZ,Eswatini,AFRO,1556.0,12736,69.0,360
2021-01-24,SZ,Eswatini,AFRO,1594.0,14330,98.0,458
2021-01-31,SZ,Eswatini,AFRO,1336.0,15666,104.0,562
2021-02-07,SZ,Eswatini,AFRO,515.0,16181,42.0,604
2021-02-14,SZ,Eswatini,AFRO,307.0,16488,26.0,630
2021-02-21,SZ,Eswatini,AFRO,276.0,16764,15.0,645
2021-02-28,SZ,Eswatini,AFRO,238.0,17002,5.0,650
2021-03-07,SZ,Eswatini,AFRO,171.0,17173,8.0,658
2021-03-14,SZ,Eswatini,AFRO,61.0,17234,3.0,661
2021-03-21,SZ,Eswatini,AFRO,49.0,17283,4.0,665
2021-03-28,SZ,Eswatini,AFRO,35.0,17318,1.0,666
2021-04-04,SZ,Eswatini,AFRO,31.0,17349,2.0,668
2021-04-11,SZ,Eswatini,AFRO,24.0,17373,1.0,669
2021-04-18,SZ,Eswatini,AFRO,1042.0,18415,2.0,671
2021-04-25,SZ,Eswatini,AFRO,25.0,18440,0.0,671
2021-05-02,SZ,Eswatini,AFRO,18.0,18458,0.0,671
2021-05-09,SZ,Eswatini,AFRO,19.0,18477,0.0,671
2021-05-16,SZ,Eswatini,AFRO,42.0,18519,1.0,672
2021-05-23,SZ,Eswatini,AFRO,31.0,18550,0.0,672
2021-05-30,SZ,Eswatini,AFRO,39.0,18589,0.0,672
2021-06-06,SZ,Eswatini,AFRO,47.0,18636,1.0,673
2021-06-13,SZ,Eswatini,AFRO,96.0,18732,3.0,676
2021-06-20,SZ,Eswatini,AFRO,79.0,18811,1.0,677
2021-06-27,SZ,Eswatini,AFRO,207.0,19018,1.0,678
2021-07-04,SZ,Eswatini,AFRO,66.0,19084,0.0,678
2021-07-11,SZ,Eswatini,AFRO,786.0,19870,9.0,687
2021-07-18,SZ,Eswatini,AFRO,1192.0,21062,16.0,703
2021-07-25,SZ,Eswatini,AFRO,1625.0,22687,44.0,747
2021-08-01,SZ,Eswatini,AFRO,3292.0,25979,40.0,787
2021-08-08,SZ,Eswatini,AFRO,4808.0,30787,57.0,844
2021-08-15,SZ,Eswatini,AFRO,5064.0,35851,80.0,924
2021-08-22,SZ,Eswatini,AFRO,4432.0,40283,67.0,991
2021-08-29,SZ,Eswatini,AFRO,2436.0,42719,76.0,1067
2021-09-05,SZ,Eswatini,AFRO,1415.0,44134,77.0,1144
2021-09-12,SZ,Eswatini,AFRO,697.0,44831,25.0,1169
2021-09-19,SZ,Eswatini,AFRO,521.0,45352,25.0,1194
2021-09-26,SZ,Eswatini,AFRO,390.0,45742,18.0,1212
2021-10-03,SZ,Eswatini,AFRO,263.0,46005,12.0,1224
2021-10-10,SZ,Eswatini,AFRO,268.0,46273,3.0,1227
2021-10-17,SZ,Eswatini,AFRO,88.0,46361,6.0,1233
2021-10-24,SZ,Eswatini,AFRO,23.0,46384,8.0,1241
2021-10-31,SZ,Eswatini,AFRO,29.0,46413,1.0,1242
2021-11-07,SZ,Eswatini,AFRO,44.0,46457,2.0,1244
2021-11-14,SZ,Eswatini,AFRO,15.0,46472,1.0,1245
2021-11-21,SZ,Eswatini,AFRO,14.0,46486,3.0,1248
2021-11-28,SZ,Eswatini,AFRO,42.0,46528,0.0,1248
2021-12-05,SZ,Eswatini,AFRO,840.0,47368,0.0,1248
2021-12-12,SZ,Eswatini,AFRO,4806.0,52174,0.0,1248
2021-12-19,SZ,Eswatini,AFRO,7540.0,59714,12.0,1260
2021-12-26,SZ,Eswatini,AFRO,4667.0,64381,12.0,1272
2022-01-02,SZ,Eswatini,AFRO,1860.0,66241,36.0,1308
2022-01-09,SZ,Eswatini,AFRO,999.0,67240,24.0,1332
2022-01-16,SZ,Eswatini,AFRO,590.0,67830,25.0,1357
2022-01-23,SZ,Eswatini,AFRO,231.0,68061,10.0,1367
2022-01-30,SZ,Eswatini,AFRO,268.0,68329,7.0,1374
2022-02-06,SZ,Eswatini,AFRO,222.0,68551,3.0,1377
2022-02-13,SZ,Eswatini,AFRO,230.0,68781,6.0,1383
2022-02-20,SZ,Eswatini,AFRO,191.0,68972,5.0,1388
2022-02-27,SZ,Eswatini,AFRO,153.0,69125,2.0,1390
2022-03-06,SZ,Eswatini,AFRO,172.0,69297,1.0,1391
2022-03-13,SZ,Eswatini,AFRO,132.0,69429,1.0,1392
2022-03-20,SZ,Eswatini,AFRO,119.0,69548,0.0,1392
2022-03-27,SZ,Eswatini,AFRO,115.0,69663,1.0,1393
2022-04-03,SZ,Eswatini,AFRO,175.0,69838,1.0,1394
2022-04-10,SZ,Eswatini,AFRO,128.0,69966,1.0,1395
2022-04-17,SZ,Eswatini,AFRO,132.0,70098,0.0,1395
2022-04-24,SZ,Eswatini,AFRO,186.0,70284,2.0,1397
2022-05-01,SZ,Eswatini,AFRO,359.0,70643,0.0,1397
2022-05-08,SZ,Eswatini,AFRO,446.0,71089,3.0,1400
2022-05-15,SZ,Eswatini,AFRO,609.0,71698,2.0,1402
2022-05-22,SZ,Eswatini,AFRO,427.0,72125,2.0,1404
2022-05-29,SZ,Eswatini,AFRO,265.0,72390,2.0,1406
2022-06-05,SZ,Eswatini,AFRO,295.0,72685,4.0,1410
2022-06-12,SZ,Eswatini,AFRO,194.0,72879,0.0,1410
2022-06-19,SZ,Eswatini,AFRO,124.0,73003,4.0,1414
2022-06-26,SZ,Eswatini,AFRO,68.0,73071,1.0,1415
2022-07-03,SZ,Eswatini,AFRO,62.0,73133,1.0,1416
2022-07-10,SZ,Eswatini,AFRO,80.0,73213,1.0,1417
2022-07-17,SZ,Eswatini,AFRO,29.0,73242,0.0,1417
2022-07-24,SZ,Eswatini,AFRO,11.0,73253,0.0,1417
2022-07-31,SZ,Eswatini,AFRO,26.0,73279,0.0,1417
2022-08-07,SZ,Eswatini,AFRO,22.0,73301,2.0,1419
2022-08-14,SZ,Eswatini,AFRO,25.0,73326,0.0,1419
2022-08-21,SZ,Eswatini,AFRO,18.0,73344,0.0,1419
2022-08-28,SZ,Eswatini,AFRO,14.0,73358,3.0,1422
2022-09-04,SZ,Eswatini,AFRO,10.0,73368,0.0,1422
2022-09-11,SZ,Eswatini,AFRO,6.0,73374,0.0,1422
2022-09-18,SZ,Eswatini,AFRO,5.0,73379,0.0,1422
2022-09-25,SZ,Eswatini,AFRO,11.0,73390,0.0,1422
2022-10-02,SZ,Eswatini,AFRO,20.0,73410,0.0,1422
2022-10-09,SZ,Eswatini,AFRO,26.0,73436,0.0,1422
2022-10-16,SZ,Eswatini,AFRO,0.0,73436,0.0,1422
2022-10-23,SZ,Eswatini,AFRO,90.0,73526,0.0,1422
2022-10-30,SZ,Eswatini,AFRO,32.0,73558,0.0,1422
2022-11-06,SZ,Eswatini,AFRO,60.0,73618,0.0,1422
2022-11-13,SZ,Eswatini,AFRO,90.0,73708,0.0,1422
2022-11-20,SZ,Eswatini,AFRO,62.0,73770,0.0,1422
2022-11-27,SZ,Eswatini,AFRO,0.0,73770,0.0,1422
2022-12-04,SZ,Eswatini,AFRO,138.0,73908,0.0,1422
2022-12-11,SZ,Eswatini,AFRO,54.0,73962,0.0,1422
2022-12-18,SZ,Eswatini,AFRO,30.0,73992,0.0,1422
2022-12-25,SZ,Eswatini,AFRO,29.0,74021,0.0,1422
2023-01-01,SZ,Eswatini,AFRO,13.0,74034,0.0,1422
2023-01-08,SZ,Eswatini,AFRO,19.0,74053,0.0,1422
2023-01-15,SZ,Eswatini,AFRO,33.0,74086,0.0,1422
2023-01-22,SZ,Eswatini,AFRO,28.0,74114,0.0,1422
2023-01-29,SZ,Eswatini,AFRO,19.0,74133,0.0,1422
2023-02-05,SZ,Eswatini,AFRO,10.0,74143,1.0,1423
2023-02-12,SZ,Eswatini,AFRO,15.0,74158,0.0,1423
2023-02-19,SZ,Eswatini,AFRO,41.0,74199,0.0,1423
2023-02-26,SZ,Eswatini,AFRO,0.0,74199,0.0,1423
2023-03-05,SZ,Eswatini,AFRO,68.0,74267,2.0,1425
2023-03-12,SZ,Eswatini,AFRO,56.0,74323,0.0,1425
2023-03-19,SZ,Eswatini,AFRO,0.0,74323,0.0,1425
2023-03-26,SZ,Eswatini,AFRO,0.0,74323,0.0,1425
2023-04-02,SZ,Eswatini,AFRO,0.0,74323,0.0,1425
2023-04-09,SZ,Eswatini,AFRO,197.0,74520,0.0,1425
2023-04-16,SZ,Eswatini,AFRO,66.0,74586,0.0,1425
2023-04-23,SZ,Eswatini,AFRO,41.0,74627,0.0,1425
2023-04-30,SZ,Eswatini,AFRO,43.0,74670,0.0,1425
2023-05-07,SZ,Eswatini,AFRO,28.0,74698,0.0,1425
2023-05-14,SZ,Eswatini,AFRO,30.0,74728,0.0,1425
2023-05-21,SZ,Eswatini,AFRO,32.0,74760,1.0,1426
2023-05-28,SZ,Eswatini,AFRO,45.0,74805,1.0,1427
2023-06-04,SZ,Eswatini,AFRO,47.0,74852,0.0,1427
2023-06-11,SZ,Eswatini,AFRO,30.0,74882,0.0,1427
2023-06-18,SZ,Eswatini,AFRO,0.0,74882,0.0,1427
2023-06-25,SZ,Eswatini,AFRO,0.0,74882,0.0,1427
2023-07-02,SZ,Eswatini,AFRO,0.0,74882,0.0,1427
2023-07-09,SZ,Eswatini,AFRO,0.0,74882,0.0,1427
2023-07-16,SZ,Eswatini,AFRO,0.0,74882,0.0,1427
2023-07-23,SZ,Eswatini,AFRO,0.0,74882,0.0,1427
2023-07-30,SZ,Eswatini,AFRO,0.0,74882,0.0,1427
2023-08-06,SZ,Eswatini,AFRO,0.0,74882,0.0,1427
2023-08-13,SZ,Eswatini,AFRO,100.0,74982,0.0,1427
2023-08-20,SZ,Eswatini,AFRO,2.0,74984,0.0,1427
2023-08-27,SZ,Eswatini,AFRO,3.0,74987,0.0,1427
2023-09-03,SZ,Eswatini,AFRO,0.0,74987,0.0,1427
2023-09-10,SZ,Eswatini,AFRO,2.0,74989,0.0,1427
2023-09-17,SZ,Eswatini,AFRO,2.0,74991,0.0,1427
2023-09-24,SZ,Eswatini,AFRO,5.0,74996,0.0,1427
2023-10-01,SZ,Eswatini,AFRO,4.0,75000,0.0,1427
2023-10-08,SZ,Eswatini,AFRO,7.0,75007,0.0,1427
2023-10-15,SZ,Eswatini,AFRO,45.0,75052,0.0,1427
2023-10-22,SZ,Eswatini,AFRO,42.0,75094,0.0,1427
2023-10-29,SZ,Eswatini,AFRO,33.0,75127,0.0,1427
2023-11-05,SZ,Eswatini,AFRO,22.0,75149,0.0,1427
2023-11-12,SZ,Eswatini,AFRO,17.0,75166,0.0,1427
2023-11-19,SZ,Eswatini,AFRO,5.0,75171,0.0,1427
2023-11-26,SZ,Eswatini,AFRO,13.0,75184,0.0,1427
2023-12-03,SZ,Eswatini,AFRO,4.0,75188,0.0,1427
2023-12-10,SZ,Eswatini,AFRO,1.0,75189,0.0,1427
2023-12-17,SZ,Eswatini,AFRO,0.0,75189,0.0,1427
2023-12-24,SZ,Eswatini,AFRO,2.0,75191,0.0,1427
2023-12-31,SZ,Eswatini,AFRO,0.0,75191,0.0,1427
2024-01-07,SZ,Eswatini,AFRO,0.0,75191,0.0,1427
2024-01-14,SZ,Eswatini,AFRO,0.0,75191,0.0,1427
2024-01-21,SZ,Eswatini,AFRO,0.0,75191,0.0,1427
2024-01-28,SZ,Eswatini,AFRO,0.0,75191,0.0,1427
2024-02-04,SZ,Eswatini,AFRO,0.0,75191,0.0,1427
2024-02-11,SZ,Eswatini,AFRO,0.0,75191,0.0,1427
2024-02-18,SZ,Eswatini,AFRO,0.0,75191,0.0,1427
2024-02-25,SZ,Eswatini,AFRO,0.0,75191,0.0,1427
2024-03-03,SZ,Eswatini,AFRO,0.0,75191,0.0,1427
2024-03-10,SZ,Eswatini,AFRO,0.0,75191,0.0,1427
2024-03-17,SZ,Eswatini,AFRO,0.0,75191,0.0,1427
2024-03-24,SZ,Eswatini,AFRO,0.0,75191,0.0,1427
2024-03-31,SZ,Eswatini,AFRO,0.0,75191,0.0,1427
2024-04-07,SZ,Eswatini,AFRO,0.0,75191,0.0,1427
2024-04-14,SZ,Eswatini,AFRO,0.0,75191,0.0,1427
2024-04-21,SZ,Eswatini,AFRO,0.0,75191,0.0,1427
2024-04-28,SZ,Eswatini,AFRO,0.0,75191,0.0,1427
