Date_reported,Country_code,Country,WHO_region,New_cases,Cumulative_cases,New_deaths,Cumulative_deaths
2020-01-19,TH,Thailand,SEARO,6.0,6,0.0,0
2020-01-26,TH,Thailand,SEARO,-1.0,5,0.0,0
2020-02-02,TH,Thailand,SEARO,18.0,23,0.0,0
2020-02-09,TH,Thailand,SEARO,6.0,29,0.0,0
2020-02-16,TH,Thailand,SEARO,9.0,38,0.0,0
2020-02-23,TH,Thailand,SEARO,1.0,39,0.0,0
2020-03-01,TH,Thailand,SEARO,7.0,46,1.0,1
2020-03-08,TH,Thailand,SEARO,8.0,54,0.0,1
2020-03-15,TH,Thailand,SEARO,60.0,114,0.0,1
2020-03-22,TH,Thailand,SEARO,485.0,599,0.0,1
2020-03-29,TH,Thailand,SEARO,789.0,1388,6.0,7
2020-04-05,TH,Thailand,SEARO,781.0,2169,16.0,23
2020-04-12,TH,Thailand,SEARO,382.0,2551,15.0,38
2020-04-19,TH,Thailand,SEARO,214.0,2765,9.0,47
2020-04-26,TH,Thailand,SEARO,157.0,2922,4.0,51
2020-05-03,TH,Thailand,SEARO,47.0,2969,3.0,54
2020-05-10,TH,Thailand,SEARO,40.0,3009,2.0,56
2020-05-17,TH,Thailand,SEARO,19.0,3028,0.0,56
2020-05-24,TH,Thailand,SEARO,12.0,3040,0.0,56
2020-05-31,TH,Thailand,SEARO,41.0,3081,1.0,57
2020-06-07,TH,Thailand,SEARO,31.0,3112,1.0,58
2020-06-14,TH,Thailand,SEARO,23.0,3135,0.0,58
2020-06-21,TH,Thailand,SEARO,13.0,3148,0.0,58
2020-06-28,TH,Thailand,SEARO,14.0,3162,0.0,58
2020-07-05,TH,Thailand,SEARO,28.0,3190,0.0,58
2020-07-12,TH,Thailand,SEARO,27.0,3217,0.0,58
2020-07-19,TH,Thailand,SEARO,32.0,3249,0.0,58
2020-07-26,TH,Thailand,SEARO,42.0,3291,0.0,58
2020-08-02,TH,Thailand,SEARO,26.0,3317,0.0,58
2020-08-09,TH,Thailand,SEARO,34.0,3351,0.0,58
2020-08-16,TH,Thailand,SEARO,26.0,3377,0.0,58
2020-08-23,TH,Thailand,SEARO,18.0,3395,0.0,58
2020-08-30,TH,Thailand,SEARO,16.0,3411,0.0,58
2020-09-06,TH,Thailand,SEARO,33.0,3444,0.0,58
2020-09-13,TH,Thailand,SEARO,29.0,3473,0.0,58
2020-09-20,TH,Thailand,SEARO,33.0,3506,1.0,59
2020-09-27,TH,Thailand,SEARO,17.0,3523,0.0,59
2020-10-04,TH,Thailand,SEARO,62.0,3585,0.0,59
2020-10-11,TH,Thailand,SEARO,51.0,3636,0.0,59
2020-10-18,TH,Thailand,SEARO,50.0,3686,0.0,59
2020-10-25,TH,Thailand,SEARO,50.0,3736,0.0,59
2020-11-01,TH,Thailand,SEARO,48.0,3784,0.0,59
2020-11-08,TH,Thailand,SEARO,53.0,3837,1.0,60
2020-11-15,TH,Thailand,SEARO,37.0,3874,0.0,60
2020-11-22,TH,Thailand,SEARO,39.0,3913,-60.0,0
2020-11-29,TH,Thailand,SEARO,64.0,3977,60.0,60
2020-12-06,TH,Thailand,SEARO,109.0,4086,0.0,60
2020-12-13,TH,Thailand,SEARO,123.0,4209,0.0,60
2020-12-20,TH,Thailand,SEARO,698.0,4907,0.0,60
2020-12-27,TH,Thailand,SEARO,1234.0,6141,0.0,60
2021-01-03,TH,Thailand,SEARO,1553.0,7694,4.0,64
2021-01-10,TH,Thailand,SEARO,2604.0,10298,3.0,67
2021-01-17,TH,Thailand,SEARO,1756.0,12054,3.0,70
2021-01-24,TH,Thailand,SEARO,1446.0,13500,3.0,73
2021-01-31,TH,Thailand,SEARO,5282.0,18782,4.0,77
2021-02-07,TH,Thailand,SEARO,4589.0,23371,2.0,79
2021-02-14,TH,Thailand,SEARO,1200.0,24571,1.0,80
2021-02-21,TH,Thailand,SEARO,844.0,25415,3.0,83
2021-02-28,TH,Thailand,SEARO,536.0,25951,0.0,83
2021-03-07,TH,Thailand,SEARO,419.0,26370,2.0,85
2021-03-14,TH,Thailand,SEARO,557.0,26927,1.0,86
2021-03-21,TH,Thailand,SEARO,876.0,27803,4.0,90
2021-03-28,TH,Thailand,SEARO,931.0,28734,4.0,94
2021-04-04,TH,Thailand,SEARO,393.0,29127,1.0,95
2021-04-11,TH,Thailand,SEARO,3498.0,32625,2.0,97
2021-04-18,TH,Thailand,SEARO,9727.0,42352,4.0,101
2021-04-25,TH,Thailand,SEARO,13108.0,55460,39.0,140
2021-05-02,TH,Thailand,SEARO,13524.0,68984,105.0,245
2021-05-09,TH,Thailand,SEARO,14391.0,83375,154.0,399
2021-05-16,TH,Thailand,SEARO,18072.0,101447,190.0,589
2021-05-23,TH,Thailand,SEARO,28053.0,129500,187.0,776
2021-05-30,TH,Thailand,SEARO,24807.0,154307,236.0,1012
2021-06-06,TH,Thailand,SEARO,23160.0,177467,224.0,1236
2021-06-13,TH,Thailand,SEARO,18442.0,195909,213.0,1449
2021-06-20,TH,Thailand,SEARO,22222.0,218131,180.0,1629
2021-06-27,TH,Thailand,SEARO,26316.0,244447,283.0,1912
2021-07-04,TH,Thailand,SEARO,38620.0,283067,314.0,2226
2021-07-11,TH,Thailand,SEARO,53304.0,336371,485.0,2711
2021-07-18,TH,Thailand,SEARO,67015.0,403386,630.0,3341
2021-07-25,TH,Thailand,SEARO,93916.0,497302,718.0,4059
2021-08-01,TH,Thailand,SEARO,118012.0,615314,931.0,4990
2021-08-08,TH,Thailand,SEARO,141191.0,756505,1214.0,6204
2021-08-15,TH,Thailand,SEARO,150652.0,907157,1348.0,7552
2021-08-22,TH,Thailand,SEARO,142138.0,1049295,1768.0,9320
2021-08-29,TH,Thailand,SEARO,124796.0,1174091,1823.0,11143
2021-09-05,TH,Thailand,SEARO,106443.0,1280534,1712.0,12855
2021-09-12,TH,Thailand,SEARO,101639.0,1382173,1498.0,14353
2021-09-19,TH,Thailand,SEARO,94304.0,1476477,1010.0,15363
2021-09-26,TH,Thailand,SEARO,85161.0,1561638,905.0,16268
2021-10-03,TH,Thailand,SEARO,75794.0,1637432,746.0,17014
2021-10-10,TH,Thailand,SEARO,73452.0,1710884,677.0,17691
2021-10-17,TH,Thailand,SEARO,72817.0,1783701,582.0,18273
2021-10-24,TH,Thailand,SEARO,66781.0,1850482,482.0,18755
2021-10-31,TH,Thailand,SEARO,61542.0,1912024,450.0,19205
2021-11-07,TH,Thailand,SEARO,55975.0,1967999,459.0,19664
2021-11-14,TH,Thailand,SEARO,50411.0,2018410,372.0,20036
2021-11-21,TH,Thailand,SEARO,46171.0,2064581,351.0,20387
2021-11-28,TH,Thailand,SEARO,42232.0,2106813,320.0,20707
2021-12-05,TH,Thailand,SEARO,34428.0,2141241,237.0,20944
2021-12-12,TH,Thailand,SEARO,27405.0,2168646,227.0,21171
2021-12-19,TH,Thailand,SEARO,22882.0,2191528,206.0,21377
2021-12-26,TH,Thailand,SEARO,18442.0,2209970,203.0,21580
2022-01-02,TH,Thailand,SEARO,19588.0,2229558,140.0,21720
2022-01-09,TH,Thailand,SEARO,39992.0,2269550,105.0,21825
2022-01-16,TH,Thailand,SEARO,54935.0,2324485,100.0,21925
2022-01-23,TH,Thailand,SEARO,53015.0,2377500,107.0,22032
2022-01-30,TH,Thailand,SEARO,55034.0,2432534,125.0,22157
2022-02-06,TH,Thailand,SEARO,64467.0,2497001,134.0,22291
2022-02-13,TH,Thailand,SEARO,96326.0,2593327,145.0,22436
2022-02-20,TH,Thailand,SEARO,118988.0,2712315,188.0,22624
2022-02-27,TH,Thailand,SEARO,157301.0,2869616,267.0,22891
2022-03-06,TH,Thailand,SEARO,157079.0,3026695,344.0,23235
2022-03-13,TH,Thailand,SEARO,158130.0,3184825,474.0,23709
2022-03-20,TH,Thailand,SEARO,169144.0,3353969,537.0,24246
2022-03-27,TH,Thailand,SEARO,175116.0,3529085,553.0,24799
2022-04-03,TH,Thailand,SEARO,182510.0,3711595,616.0,25415
2022-04-10,TH,Thailand,SEARO,171890.0,3883485,668.0,26083
2022-04-17,TH,Thailand,SEARO,146474.0,4029959,799.0,26882
2022-04-24,TH,Thailand,SEARO,135915.0,4165874,893.0,27775
2022-05-01,TH,Thailand,SEARO,96610.0,4262484,842.0,28617
2022-05-08,TH,Thailand,SEARO,62366.0,4324850,471.0,29088
2022-05-15,TH,Thailand,SEARO,48996.0,4373846,384.0,29472
2022-05-22,TH,Thailand,SEARO,37648.0,4411494,274.0,29746
2022-05-29,TH,Thailand,SEARO,31154.0,4442648,226.0,29972
2022-06-05,TH,Thailand,SEARO,24145.0,4466793,199.0,30171
2022-06-12,TH,Thailand,SEARO,18070.0,4484863,163.0,30334
2022-06-19,TH,Thailand,SEARO,14181.0,4499044,133.0,30467
2022-06-26,TH,Thailand,SEARO,15111.0,4514155,125.0,30592
2022-07-03,TH,Thailand,SEARO,15950.0,4530105,108.0,30700
2022-07-10,TH,Thailand,SEARO,14938.0,4545043,135.0,30835
2022-07-17,TH,Thailand,SEARO,13986.0,4559029,161.0,30996
2022-07-24,TH,Thailand,SEARO,16824.0,4575853,161.0,31157
2022-07-31,TH,Thailand,SEARO,14323.0,4590176,228.0,31385
2022-08-07,TH,Thailand,SEARO,15433.0,4605609,211.0,31596
2022-08-14,TH,Thailand,SEARO,14816.0,4620425,232.0,31828
2022-08-21,TH,Thailand,SEARO,13755.0,4634180,199.0,32027
2022-08-28,TH,Thailand,SEARO,12232.0,4646412,195.0,32222
2022-09-04,TH,Thailand,SEARO,12130.0,4658542,178.0,32400
2022-09-11,TH,Thailand,SEARO,9004.0,4667546,139.0,32539
2022-09-18,TH,Thailand,SEARO,5841.0,4673387,90.0,32629
2022-09-25,TH,Thailand,SEARO,4965.0,4678352,89.0,32718
2022-10-02,TH,Thailand,SEARO,3780.0,4682132,53.0,32771
2022-10-09,TH,Thailand,SEARO,2915.0,4685047,58.0,32829
2022-10-16,TH,Thailand,SEARO,2234.0,4687281,53.0,32882
2022-10-23,TH,Thailand,SEARO,2616.0,4689897,40.0,32922
2022-10-30,TH,Thailand,SEARO,2551.0,4692448,33.0,32955
2022-11-06,TH,Thailand,SEARO,2759.0,4695207,40.0,32995
2022-11-13,TH,Thailand,SEARO,3166.0,4698373,42.0,33037
2022-11-20,TH,Thailand,SEARO,3957.0,4702330,69.0,33106
2022-11-27,TH,Thailand,SEARO,4914.0,4707244,74.0,33180
2022-12-04,TH,Thailand,SEARO,4284.0,4711528,105.0,33285
2022-12-11,TH,Thailand,SEARO,3961.0,4715489,107.0,33392
2022-12-18,TH,Thailand,SEARO,3419.0,4718908,113.0,33505
2022-12-25,TH,Thailand,SEARO,2900.0,4721808,89.0,33594
2023-01-01,TH,Thailand,SEARO,2111.0,4723919,75.0,33669
2023-01-08,TH,Thailand,SEARO,997.0,4724916,58.0,33727
2023-01-15,TH,Thailand,SEARO,969.0,4725885,65.0,33792
2023-01-22,TH,Thailand,SEARO,627.0,4726512,44.0,33836
2023-01-29,TH,Thailand,SEARO,472.0,4726984,29.0,33865
2023-02-05,TH,Thailand,SEARO,252.0,4727236,17.0,33882
2023-02-12,TH,Thailand,SEARO,392.0,4727628,12.0,33894
2023-02-19,TH,Thailand,SEARO,203.0,4727831,8.0,33902
2023-02-26,TH,Thailand,SEARO,204.0,4728035,9.0,33911
2023-03-05,TH,Thailand,SEARO,147.0,4728182,7.0,33918
2023-03-12,TH,Thailand,SEARO,122.0,4728304,6.0,33924
2023-03-19,TH,Thailand,SEARO,178.0,4728482,5.0,33929
2023-03-26,TH,Thailand,SEARO,150.0,4728632,6.0,33935
2023-04-02,TH,Thailand,SEARO,167.0,4728799,3.0,33938
2023-04-09,TH,Thailand,SEARO,168.0,4728967,2.0,33940
2023-04-16,TH,Thailand,SEARO,435.0,4729402,2.0,33942
2023-04-23,TH,Thailand,SEARO,1088.0,4730490,5.0,33947
2023-04-30,TH,Thailand,SEARO,1811.0,4732301,10.0,33957
2023-05-07,TH,Thailand,SEARO,1699.0,4734000,10.0,33967
2023-05-14,TH,Thailand,SEARO,2356.0,4736356,22.0,33989
2023-05-21,TH,Thailand,SEARO,2632.0,4738988,64.0,34053
2023-05-28,TH,Thailand,SEARO,2970.0,4741958,42.0,34095
2023-06-04,TH,Thailand,SEARO,3085.0,4745043,68.0,34163
2023-06-11,TH,Thailand,SEARO,2709.0,4747752,69.0,34232
2023-06-18,TH,Thailand,SEARO,2158.0,4749910,60.0,34292
2023-06-25,TH,Thailand,SEARO,1653.0,4751563,36.0,34328
2023-07-02,TH,Thailand,SEARO,859.0,4752422,43.0,34371
2023-07-09,TH,Thailand,SEARO,1193.0,4753615,25.0,34396
2023-07-16,TH,Thailand,SEARO,613.0,4754228,14.0,34410
2023-07-23,TH,Thailand,SEARO,556.0,4754784,8.0,34418
2023-07-30,TH,Thailand,SEARO,391.0,4755175,7.0,34425
2023-08-06,TH,Thailand,SEARO,268.0,4755443,12.0,34437
2023-08-13,TH,Thailand,SEARO,318.0,4755761,7.0,34444
2023-08-20,TH,Thailand,SEARO,389.0,4756150,9.0,34453
2023-08-27,TH,Thailand,SEARO,256.0,4756406,6.0,34459
2023-09-03,TH,Thailand,SEARO,187.0,4756593,6.0,34465
2023-09-10,TH,Thailand,SEARO,244.0,4756837,3.0,34468
2023-09-17,TH,Thailand,SEARO,212.0,4757049,3.0,34471
2023-09-24,TH,Thailand,SEARO,234.0,4757283,2.0,34473
2023-10-01,TH,Thailand,SEARO,190.0,4757473,1.0,34474
2023-10-08,TH,Thailand,SEARO,131.0,4757604,5.0,34479
2023-10-15,TH,Thailand,SEARO,124.0,4757728,3.0,34482
2023-10-22,TH,Thailand,SEARO,191.0,4757919,3.0,34485
2023-10-29,TH,Thailand,SEARO,206.0,4758125,2.0,34487
2023-11-05,TH,Thailand,SEARO,304.0,4758429,1.0,34488
2023-11-12,TH,Thailand,SEARO,287.0,4758716,1.0,34489
2023-11-19,TH,Thailand,SEARO,390.0,4759106,1.0,34490
2023-11-26,TH,Thailand,SEARO,480.0,4759586,2.0,34492
2023-12-03,TH,Thailand,SEARO,536.0,4760122,3.0,34495
2023-12-10,TH,Thailand,SEARO,590.0,4760712,5.0,34500
2023-12-17,TH,Thailand,SEARO,514.0,4761226,6.0,34506
2023-12-24,TH,Thailand,SEARO,555.0,4761781,8.0,34514
2023-12-31,TH,Thailand,SEARO,594.0,4762375,3.0,34517
2024-01-07,TH,Thailand,SEARO,664.0,4763039,4.0,34521
2024-01-14,TH,Thailand,SEARO,625.0,4763664,7.0,34528
2024-01-21,TH,Thailand,SEARO,718.0,4764382,11.0,34539
2024-01-28,TH,Thailand,SEARO,621.0,4765003,8.0,34547
2024-02-04,TH,Thailand,SEARO,715.0,4765718,8.0,34555
2024-02-11,TH,Thailand,SEARO,537.0,4766255,5.0,34560
2024-02-18,TH,Thailand,SEARO,496.0,4766751,4.0,34564
2024-02-25,TH,Thailand,SEARO,487.0,4767238,3.0,34567
2024-03-03,TH,Thailand,SEARO,462.0,4767700,2.0,34569
2024-03-10,TH,Thailand,SEARO,446.0,4768146,3.0,34572
2024-03-17,TH,Thailand,SEARO,501.0,4768647,4.0,34576
2024-03-24,TH,Thailand,SEARO,630.0,4769277,5.0,34581
2024-03-31,TH,Thailand,SEARO,728.0,4770005,2.0,34583
2024-04-07,TH,Thailand,SEARO,774.0,4770779,3.0,34586
2024-04-14,TH,Thailand,SEARO,849.0,4771628,4.0,34590
2024-04-21,TH,Thailand,SEARO,1004.0,4772632,3.0,34593
2024-04-28,TH,Thailand,SEARO,1672.0,4774304,9.0,34602
