Date_reported,Country_code,Country,WHO_region,New_cases,Cumulative_cases,New_deaths,Cumulative_deaths
2021-10-31,TO,Tonga,WPRO,1.0,1,0.0,0
2021-11-07,TO,Tonga,WPRO,0.0,1,0.0,0
2021-11-14,TO,Tonga,WPRO,0.0,1,0.0,0
2021-11-21,TO,Tonga,WPRO,0.0,1,0.0,0
2021-11-28,TO,Tonga,WPRO,0.0,1,0.0,0
2021-12-05,TO,Tonga,WPRO,0.0,1,0.0,0
2021-12-12,TO,Tonga,WPRO,0.0,1,0.0,0
2021-12-19,TO,Tonga,WPRO,0.0,1,0.0,0
2021-12-26,TO,Tonga,WPRO,0.0,1,0.0,0
2022-01-02,TO,Tonga,WPRO,0.0,1,0.0,0
2022-01-09,TO,Tonga,WPRO,0.0,1,0.0,0
2022-01-16,TO,Tonga,WPRO,0.0,1,0.0,0
2022-01-23,TO,Tonga,WPRO,0.0,1,0.0,0
2022-01-30,TO,Tonga,WPRO,0.0,1,0.0,0
2022-02-06,TO,Tonga,WPRO,20.0,21,0.0,0
2022-02-13,TO,Tonga,WPRO,120.0,141,0.0,0
2022-02-20,TO,Tonga,WPRO,90.0,231,0.0,0
2022-02-27,TO,Tonga,WPRO,124.0,355,0.0,0
2022-03-06,TO,Tonga,WPRO,647.0,1002,0.0,0
2022-03-13,TO,Tonga,WPRO,861.0,1863,2.0,2
2022-03-20,TO,Tonga,WPRO,1555.0,3418,0.0,2
2022-03-27,TO,Tonga,WPRO,2173.0,5591,0.0,2
2022-04-03,TO,Tonga,WPRO,1536.0,7127,7.0,9
2022-04-10,TO,Tonga,WPRO,804.0,7931,0.0,9
2022-04-17,TO,Tonga,WPRO,1094.0,9025,2.0,11
2022-04-24,TO,Tonga,WPRO,528.0,9553,0.0,11
2022-05-01,TO,Tonga,WPRO,643.0,10196,0.0,11
2022-05-08,TO,Tonga,WPRO,569.0,10765,0.0,11
2022-05-15,TO,Tonga,WPRO,352.0,11117,0.0,11
2022-05-22,TO,Tonga,WPRO,371.0,11488,0.0,11
2022-05-29,TO,Tonga,WPRO,156.0,11644,1.0,12
2022-06-05,TO,Tonga,WPRO,125.0,11769,0.0,12
2022-06-12,TO,Tonga,WPRO,140.0,11909,0.0,12
2022-06-19,TO,Tonga,WPRO,170.0,12079,0.0,12
2022-06-26,TO,Tonga,WPRO,222.0,12301,0.0,12
2022-07-03,TO,Tonga,WPRO,0.0,12301,0.0,12
2022-07-10,TO,Tonga,WPRO,81.0,12382,0.0,12
2022-07-17,TO,Tonga,WPRO,57.0,12439,0.0,12
2022-07-24,TO,Tonga,WPRO,76.0,12515,0.0,12
2022-07-31,TO,Tonga,WPRO,39.0,12554,0.0,12
2022-08-07,TO,Tonga,WPRO,0.0,12554,0.0,12
2022-08-14,TO,Tonga,WPRO,851.0,13405,0.0,12
2022-08-21,TO,Tonga,WPRO,730.0,14135,0.0,12
2022-08-28,TO,Tonga,WPRO,1100.0,15235,0.0,12
2022-09-04,TO,Tonga,WPRO,947.0,16182,0.0,12
2022-09-11,TO,Tonga,WPRO,0.0,16182,0.0,12
2022-09-18,TO,Tonga,WPRO,0.0,16182,0.0,12
2022-09-25,TO,Tonga,WPRO,0.0,16182,0.0,12
2022-10-02,TO,Tonga,WPRO,0.0,16182,0.0,12
2022-10-09,TO,Tonga,WPRO,0.0,16182,0.0,12
2022-10-16,TO,Tonga,WPRO,0.0,16182,0.0,12
2022-10-23,TO,Tonga,WPRO,0.0,16182,0.0,12
2022-10-30,TO,Tonga,WPRO,0.0,16182,0.0,12
2022-11-06,TO,Tonga,WPRO,0.0,16182,0.0,12
2022-11-13,TO,Tonga,WPRO,0.0,16182,0.0,12
2022-11-20,TO,Tonga,WPRO,0.0,16182,0.0,12
2022-11-27,TO,Tonga,WPRO,29.0,16211,0.0,12
2022-12-04,TO,Tonga,WPRO,0.0,16211,0.0,12
2022-12-11,TO,Tonga,WPRO,0.0,16211,0.0,12
2022-12-18,TO,Tonga,WPRO,0.0,16211,0.0,12
2022-12-25,TO,Tonga,WPRO,201.0,16412,0.0,12
2023-01-01,TO,Tonga,WPRO,75.0,16487,0.0,12
2023-01-08,TO,Tonga,WPRO,103.0,16590,0.0,12
2023-01-15,TO,Tonga,WPRO,0.0,16590,0.0,12
2023-01-22,TO,Tonga,WPRO,82.0,16672,0.0,12
2023-01-29,TO,Tonga,WPRO,62.0,16734,0.0,12
2023-02-05,TO,Tonga,WPRO,45.0,16779,0.0,12
2023-02-12,TO,Tonga,WPRO,16.0,16795,0.0,12
2023-02-19,TO,Tonga,WPRO,6.0,16801,0.0,12
2023-02-26,TO,Tonga,WPRO,6.0,16807,0.0,12
2023-03-05,TO,Tonga,WPRO,3.0,16810,0.0,12
2023-03-12,TO,Tonga,WPRO,2.0,16812,0.0,12
2023-03-19,TO,Tonga,WPRO,1.0,16813,0.0,12
2023-03-26,TO,Tonga,WPRO,1.0,16814,0.0,12
2023-04-02,TO,Tonga,WPRO,0.0,16814,0.0,12
2023-04-09,TO,Tonga,WPRO,0.0,16814,0.0,12
2023-04-16,TO,Tonga,WPRO,0.0,16814,0.0,12
2023-04-23,TO,Tonga,WPRO,0.0,16814,0.0,12
2023-04-30,TO,Tonga,WPRO,0.0,16814,0.0,12
2023-05-07,TO,Tonga,WPRO,2.0,16816,0.0,12
2023-05-14,TO,Tonga,WPRO,1.0,16817,0.0,12
2023-05-21,TO,Tonga,WPRO,0.0,16817,0.0,12
2023-05-28,TO,Tonga,WPRO,0.0,16817,0.0,12
2023-06-04,TO,Tonga,WPRO,0.0,16817,0.0,12
2023-06-11,TO,Tonga,WPRO,0.0,16817,0.0,12
2023-06-18,TO,Tonga,WPRO,1.0,16818,0.0,12
2023-06-25,TO,Tonga,WPRO,1.0,16819,0.0,12
2023-07-02,TO,Tonga,WPRO,0.0,16819,0.0,12
2023-07-09,TO,Tonga,WPRO,0.0,16819,0.0,12
2023-07-16,TO,Tonga,WPRO,0.0,16819,0.0,12
2023-07-23,TO,Tonga,WPRO,0.0,16819,0.0,12
2023-07-30,TO,Tonga,WPRO,0.0,16819,0.0,12
2023-08-06,TO,Tonga,WPRO,0.0,16819,0.0,12
2023-08-13,TO,Tonga,WPRO,2.0,16821,0.0,12
2023-08-20,TO,Tonga,WPRO,0.0,16821,0.0,12
2023-08-27,TO,Tonga,WPRO,0.0,16821,0.0,12
2023-09-03,TO,Tonga,WPRO,0.0,16821,0.0,12
2023-09-10,TO,Tonga,WPRO,0.0,16821,0.0,12
2023-09-17,TO,Tonga,WPRO,4.0,16825,0.0,12
2023-09-24,TO,Tonga,WPRO,0.0,16825,0.0,12
2023-10-01,TO,Tonga,WPRO,0.0,16825,0.0,12
2023-10-08,TO,Tonga,WPRO,2.0,16827,0.0,12
2023-10-15,TO,Tonga,WPRO,12.0,16839,0.0,12
2023-10-22,TO,Tonga,WPRO,7.0,16846,0.0,12
2023-10-29,TO,Tonga,WPRO,14.0,16860,0.0,12
2023-11-05,TO,Tonga,WPRO,5.0,16865,0.0,12
2023-11-12,TO,Tonga,WPRO,11.0,16876,0.0,12
2023-11-19,TO,Tonga,WPRO,12.0,16888,0.0,12
2023-11-26,TO,Tonga,WPRO,0.0,16888,0.0,12
2023-12-03,TO,Tonga,WPRO,0.0,16888,0.0,12
2023-12-10,TO,Tonga,WPRO,0.0,16888,0.0,12
2023-12-17,TO,Tonga,WPRO,0.0,16888,0.0,12
2023-12-24,TO,Tonga,WPRO,0.0,16888,0.0,12
2023-12-31,TO,Tonga,WPRO,61.0,16949,0.0,12
2024-01-07,TO,Tonga,WPRO,1.0,16950,0.0,12
2024-01-14,TO,Tonga,WPRO,2.0,16952,0.0,12
2024-01-21,TO,Tonga,WPRO,1.0,16953,0.0,12
2024-01-28,TO,Tonga,WPRO,1.0,16954,0.0,12
2024-02-04,TO,Tonga,WPRO,0.0,16954,0.0,12
2024-02-11,TO,Tonga,WPRO,0.0,16954,0.0,12
2024-02-18,TO,Tonga,WPRO,1.0,16955,0.0,12
2024-02-25,TO,Tonga,WPRO,0.0,16955,0.0,12
2024-03-03,TO,Tonga,WPRO,2.0,16957,0.0,12
2024-03-10,TO,Tonga,WPRO,1.0,16958,0.0,12
2024-03-17,TO,Tonga,WPRO,0.0,16958,0.0,12
2024-03-24,TO,Tonga,WPRO,0.0,16958,0.0,12
2024-03-31,TO,Tonga,WPRO,0.0,16958,0.0,12
2024-04-07,TO,Tonga,WPRO,0.0,16958,0.0,12
2024-04-14,TO,Tonga,WPRO,0.0,16958,0.0,12
2024-04-21,TO,Tonga,WPRO,0.0,16958,0.0,12
2024-04-28,TO,Tonga,WPRO,0.0,16958,0.0,12
