Date_reported,Country_code,Country,WHO_region,New_cases,Cumulative_cases,New_deaths,Cumulative_deaths
2020-03-22,UG,Uganda,AFRO,1.0,1,0.0,0
2020-03-29,UG,Uganda,AFRO,26.0,27,0.0,0
2020-04-05,UG,Uganda,AFRO,16.0,43,0.0,0
2020-04-12,UG,Uganda,AFRO,5.0,48,0.0,0
2020-04-19,UG,Uganda,AFRO,2.0,50,0.0,0
2020-04-26,UG,Uganda,AFRO,1.0,51,0.0,0
2020-05-03,UG,Uganda,AFRO,3.0,54,0.0,0
2020-05-10,UG,Uganda,AFRO,7.0,61,0.0,0
2020-05-17,UG,Uganda,AFRO,37.0,98,0.0,0
2020-05-24,UG,Uganda,AFRO,100.0,198,0.0,0
2020-05-31,UG,Uganda,AFRO,212.0,410,0.0,0
2020-06-07,UG,Uganda,AFRO,196.0,606,0.0,0
2020-06-14,UG,Uganda,AFRO,88.0,694,0.0,0
2020-06-21,UG,Uganda,AFRO,74.0,768,0.0,0
2020-06-28,UG,Uganda,AFRO,89.0,857,0.0,0
2020-07-05,UG,Uganda,AFRO,80.0,937,0.0,0
2020-07-12,UG,Uganda,AFRO,86.0,1023,0.0,0
2020-07-19,UG,Uganda,AFRO,40.0,1063,0.0,0
2020-07-26,UG,Uganda,AFRO,52.0,1115,2.0,2
2020-08-02,UG,Uganda,AFRO,67.0,1182,2.0,4
2020-08-09,UG,Uganda,AFRO,101.0,1283,3.0,7
2020-08-16,UG,Uganda,AFRO,217.0,1500,11.0,18
2020-08-23,UG,Uganda,AFRO,763.0,2263,7.0,25
2020-08-30,UG,Uganda,AFRO,665.0,2928,11.0,36
2020-09-06,UG,Uganda,AFRO,739.0,3667,15.0,51
2020-09-13,UG,Uganda,AFRO,1132.0,4799,11.0,62
2020-09-20,UG,Uganda,AFRO,1488.0,6287,13.0,75
2020-09-27,UG,Uganda,AFRO,1243.0,7530,8.0,83
2020-10-04,UG,Uganda,AFRO,1278.0,8808,15.0,98
2020-10-11,UG,Uganda,AFRO,993.0,9801,12.0,110
2020-10-18,UG,Uganda,AFRO,789.0,10590,8.0,118
2020-10-25,UG,Uganda,AFRO,853.0,11443,11.0,129
2020-11-01,UG,Uganda,AFRO,1300.0,12743,11.0,140
2020-11-08,UG,Uganda,AFRO,1662.0,14405,27.0,167
2020-11-15,UG,Uganda,AFRO,1615.0,16020,13.0,180
2020-11-22,UG,Uganda,AFRO,1949.0,17969,23.0,203
2020-11-29,UG,Uganda,AFRO,2178.0,20147,23.0,226
2020-12-06,UG,Uganda,AFRO,2354.0,22501,15.0,241
2020-12-13,UG,Uganda,AFRO,5034.0,27535,17.0,258
2020-12-20,UG,Uganda,AFRO,3656.0,31191,19.0,277
2020-12-27,UG,Uganda,AFRO,2624.0,33815,21.0,298
2021-01-03,UG,Uganda,AFRO,2107.0,35922,7.0,305
2021-01-10,UG,Uganda,AFRO,1820.0,37742,6.0,311
2021-01-17,UG,Uganda,AFRO,677.0,38419,4.0,315
2021-01-24,UG,Uganda,AFRO,730.0,39149,4.0,319
2021-01-31,UG,Uganda,AFRO,430.0,39579,2.0,321
2021-02-07,UG,Uganda,AFRO,269.0,39848,3.0,324
2021-02-14,UG,Uganda,AFRO,208.0,40056,2.0,326
2021-02-21,UG,Uganda,AFRO,157.0,40213,4.0,330
2021-02-28,UG,Uganda,AFRO,144.0,40357,1.0,331
2021-03-07,UG,Uganda,AFRO,122.0,40479,0.0,331
2021-03-14,UG,Uganda,AFRO,102.0,40581,0.0,331
2021-03-21,UG,Uganda,AFRO,107.0,40688,1.0,332
2021-03-28,UG,Uganda,AFRO,132.0,40820,1.0,333
2021-04-04,UG,Uganda,AFRO,196.0,41016,1.0,334
2021-04-11,UG,Uganda,AFRO,158.0,41174,1.0,335
2021-04-18,UG,Uganda,AFRO,222.0,41396,3.0,338
2021-04-25,UG,Uganda,AFRO,321.0,41717,1.0,339
2021-05-02,UG,Uganda,AFRO,264.0,41981,4.0,343
2021-05-09,UG,Uganda,AFRO,405.0,42386,3.0,346
2021-05-16,UG,Uganda,AFRO,475.0,42861,3.0,349
2021-05-23,UG,Uganda,AFRO,1060.0,43921,4.0,353
2021-05-30,UG,Uganda,AFRO,3226.0,47147,9.0,362
2021-06-06,UG,Uganda,AFRO,6814.0,53961,21.0,383
2021-06-13,UG,Uganda,AFRO,9138.0,63099,51.0,434
2021-06-20,UG,Uganda,AFRO,9580.0,72679,246.0,680
2021-06-27,UG,Uganda,AFRO,6410.0,79089,276.0,956
2021-07-04,UG,Uganda,AFRO,5027.0,84116,1010.0,1966
2021-07-11,UG,Uganda,AFRO,3640.0,87756,163.0,2129
2021-07-18,UG,Uganda,AFRO,2900.0,90656,263.0,2392
2021-07-25,UG,Uganda,AFRO,2068.0,92724,187.0,2579
2021-08-01,UG,Uganda,AFRO,1701.0,94425,131.0,2710
2021-08-08,UG,Uganda,AFRO,1450.0,95875,98.0,2808
2021-08-15,UG,Uganda,AFRO,1249.0,97124,85.0,2893
2021-08-22,UG,Uganda,AFRO,21653.0,118777,67.0,2960
2021-08-29,UG,Uganda,AFRO,955.0,119732,33.0,2993
2021-09-05,UG,Uganda,AFRO,930.0,120662,60.0,3053
2021-09-12,UG,Uganda,AFRO,925.0,121587,46.0,3099
2021-09-19,UG,Uganda,AFRO,690.0,122277,30.0,3129
2021-09-26,UG,Uganda,AFRO,968.0,123245,19.0,3148
2021-10-03,UG,Uganda,AFRO,794.0,124039,16.0,3164
2021-10-10,UG,Uganda,AFRO,697.0,124736,13.0,3177
2021-10-17,UG,Uganda,AFRO,525.0,125261,8.0,3185
2021-10-24,UG,Uganda,AFRO,497.0,125758,15.0,3200
2021-10-31,UG,Uganda,AFRO,478.0,126236,15.0,3215
2021-11-07,UG,Uganda,AFRO,389.0,126625,13.0,3228
2021-11-14,UG,Uganda,AFRO,340.0,126965,11.0,3239
2021-11-21,UG,Uganda,AFRO,272.0,127237,10.0,3249
2021-11-28,UG,Uganda,AFRO,286.0,127523,3.0,3252
2021-12-05,UG,Uganda,AFRO,233.0,127756,4.0,3256
2021-12-12,UG,Uganda,AFRO,344.0,128100,13.0,3269
2021-12-19,UG,Uganda,AFRO,1219.0,129319,5.0,3274
2021-12-26,UG,Uganda,AFRO,5772.0,135091,6.0,3280
2022-01-02,UG,Uganda,AFRO,10939.0,146030,26.0,3306
2022-01-09,UG,Uganda,AFRO,8548.0,154578,51.0,3357
2022-01-16,UG,Uganda,AFRO,4165.0,158743,67.0,3424
2022-01-23,UG,Uganda,AFRO,1896.0,160639,64.0,3488
2022-01-30,UG,Uganda,AFRO,1200.0,161839,45.0,3533
2022-02-06,UG,Uganda,AFRO,536.0,162375,33.0,3566
2022-02-13,UG,Uganda,AFRO,447.0,162822,13.0,3579
2022-02-20,UG,Uganda,AFRO,294.0,163116,6.0,3585
2022-02-27,UG,Uganda,AFRO,217.0,163333,3.0,3588
2022-03-06,UG,Uganda,AFRO,107.0,163440,2.0,3590
2022-03-13,UG,Uganda,AFRO,144.0,163584,2.0,3592
2022-03-20,UG,Uganda,AFRO,105.0,163689,3.0,3595
2022-03-27,UG,Uganda,AFRO,116.0,163805,1.0,3596
2022-04-03,UG,Uganda,AFRO,80.0,163885,0.0,3596
2022-04-10,UG,Uganda,AFRO,47.0,163932,0.0,3596
2022-04-17,UG,Uganda,AFRO,62.0,163994,1.0,3597
2022-04-24,UG,Uganda,AFRO,60.0,164054,0.0,3597
2022-05-01,UG,Uganda,AFRO,50.0,164104,0.0,3597
2022-05-08,UG,Uganda,AFRO,45.0,164149,1.0,3598
2022-05-15,UG,Uganda,AFRO,66.0,164215,0.0,3598
2022-05-22,UG,Uganda,AFRO,116.0,164331,2.0,3600
2022-05-29,UG,Uganda,AFRO,81.0,164412,2.0,3602
2022-06-05,UG,Uganda,AFRO,267.0,164679,0.0,3602
2022-06-12,UG,Uganda,AFRO,572.0,165251,3.0,3605
2022-06-19,UG,Uganda,AFRO,683.0,165934,10.0,3615
2022-06-26,UG,Uganda,AFRO,532.0,166466,5.0,3620
2022-07-03,UG,Uganda,AFRO,527.0,166993,0.0,3620
2022-07-10,UG,Uganda,AFRO,415.0,167408,6.0,3626
2022-07-17,UG,Uganda,AFRO,382.0,167790,0.0,3626
2022-07-24,UG,Uganda,AFRO,244.0,168034,1.0,3627
2022-07-31,UG,Uganda,AFRO,304.0,168338,0.0,3627
2022-08-07,UG,Uganda,AFRO,163.0,168501,0.0,3627
2022-08-14,UG,Uganda,AFRO,154.0,168655,0.0,3627
2022-08-21,UG,Uganda,AFRO,111.0,168766,0.0,3627
2022-08-28,UG,Uganda,AFRO,125.0,168891,1.0,3628
2022-09-04,UG,Uganda,AFRO,46.0,168937,0.0,3628
2022-09-11,UG,Uganda,AFRO,56.0,168993,0.0,3628
2022-09-18,UG,Uganda,AFRO,58.0,169051,2.0,3630
2022-09-25,UG,Uganda,AFRO,55.0,169106,0.0,3630
2022-10-02,UG,Uganda,AFRO,93.0,169199,0.0,3630
2022-10-09,UG,Uganda,AFRO,82.0,169281,0.0,3630
2022-10-16,UG,Uganda,AFRO,0.0,169281,0.0,3630
2022-10-23,UG,Uganda,AFRO,94.0,169375,0.0,3630
2022-10-30,UG,Uganda,AFRO,3.0,169378,0.0,3630
2022-11-06,UG,Uganda,AFRO,108.0,169486,0.0,3630
2022-11-13,UG,Uganda,AFRO,82.0,169568,0.0,3630
2022-11-20,UG,Uganda,AFRO,70.0,169638,0.0,3630
2022-11-27,UG,Uganda,AFRO,77.0,169715,0.0,3630
2022-12-04,UG,Uganda,AFRO,89.0,169804,0.0,3630
2022-12-11,UG,Uganda,AFRO,86.0,169890,0.0,3630
2022-12-18,UG,Uganda,AFRO,0.0,169890,0.0,3630
2022-12-25,UG,Uganda,AFRO,0.0,169890,0.0,3630
2023-01-01,UG,Uganda,AFRO,224.0,170114,0.0,3630
2023-01-08,UG,Uganda,AFRO,70.0,170184,0.0,3630
2023-01-15,UG,Uganda,AFRO,49.0,170233,0.0,3630
2023-01-22,UG,Uganda,AFRO,72.0,170305,0.0,3630
2023-01-29,UG,Uganda,AFRO,0.0,170305,0.0,3630
2023-02-05,UG,Uganda,AFRO,64.0,170369,0.0,3630
2023-02-12,UG,Uganda,AFRO,14.0,170383,0.0,3630
2023-02-19,UG,Uganda,AFRO,26.0,170409,0.0,3630
2023-02-26,UG,Uganda,AFRO,40.0,170449,0.0,3630
2023-03-05,UG,Uganda,AFRO,14.0,170463,0.0,3630
2023-03-12,UG,Uganda,AFRO,12.0,170475,0.0,3630
2023-03-19,UG,Uganda,AFRO,16.0,170491,2.0,3632
2023-03-26,UG,Uganda,AFRO,19.0,170510,0.0,3632
2023-04-02,UG,Uganda,AFRO,5.0,170515,0.0,3632
2023-04-09,UG,Uganda,AFRO,24.0,170539,0.0,3632
2023-04-16,UG,Uganda,AFRO,13.0,170552,0.0,3632
2023-04-23,UG,Uganda,AFRO,50.0,170602,0.0,3632
2023-04-30,UG,Uganda,AFRO,69.0,170671,0.0,3632
2023-05-07,UG,Uganda,AFRO,104.0,170775,0.0,3632
2023-05-14,UG,Uganda,AFRO,0.0,170775,0.0,3632
2023-05-21,UG,Uganda,AFRO,0.0,170775,0.0,3632
2023-05-28,UG,Uganda,AFRO,0.0,170775,0.0,3632
2023-06-04,UG,Uganda,AFRO,549.0,171324,0.0,3632
2023-06-11,UG,Uganda,AFRO,0.0,171324,0.0,3632
2023-06-18,UG,Uganda,AFRO,0.0,171324,0.0,3632
2023-06-25,UG,Uganda,AFRO,0.0,171324,0.0,3632
2023-07-02,UG,Uganda,AFRO,405.0,171729,0.0,3632
2023-07-09,UG,Uganda,AFRO,0.0,171729,0.0,3632
2023-07-16,UG,Uganda,AFRO,0.0,171729,0.0,3632
2023-07-23,UG,Uganda,AFRO,0.0,171729,0.0,3632
2023-07-30,UG,Uganda,AFRO,0.0,171729,0.0,3632
2023-08-06,UG,Uganda,AFRO,100.0,171829,0.0,3632
2023-08-13,UG,Uganda,AFRO,6.0,171835,0.0,3632
2023-08-20,UG,Uganda,AFRO,6.0,171841,0.0,3632
2023-08-27,UG,Uganda,AFRO,2.0,171843,0.0,3632
2023-09-03,UG,Uganda,AFRO,2.0,171845,0.0,3632
2023-09-10,UG,Uganda,AFRO,7.0,171852,0.0,3632
2023-09-17,UG,Uganda,AFRO,5.0,171857,0.0,3632
2023-09-24,UG,Uganda,AFRO,6.0,171863,0.0,3632
2023-10-01,UG,Uganda,AFRO,6.0,171869,0.0,3632
2023-10-08,UG,Uganda,AFRO,2.0,171871,0.0,3632
2023-10-15,UG,Uganda,AFRO,12.0,171883,0.0,3632
2023-10-22,UG,Uganda,AFRO,5.0,171888,0.0,3632
2023-10-29,UG,Uganda,AFRO,0.0,171888,0.0,3632
2023-11-05,UG,Uganda,AFRO,0.0,171888,0.0,3632
2023-11-12,UG,Uganda,AFRO,0.0,171888,0.0,3632
2023-11-19,UG,Uganda,AFRO,0.0,171888,0.0,3632
2023-11-26,UG,Uganda,AFRO,0.0,171888,0.0,3632
2023-12-03,UG,Uganda,AFRO,0.0,171888,0.0,3632
2023-12-10,UG,Uganda,AFRO,0.0,171888,0.0,3632
2023-12-17,UG,Uganda,AFRO,0.0,171888,0.0,3632
2023-12-24,UG,Uganda,AFRO,0.0,171888,0.0,3632
2023-12-31,UG,Uganda,AFRO,0.0,171888,0.0,3632
2024-01-07,UG,Uganda,AFRO,63.0,171951,0.0,3632
2024-01-14,UG,Uganda,AFRO,56.0,172007,0.0,3632
2024-01-21,UG,Uganda,AFRO,41.0,172048,0.0,3632
2024-01-28,UG,Uganda,AFRO,59.0,172107,0.0,3632
2024-02-04,UG,Uganda,AFRO,42.0,172149,0.0,3632
2024-02-11,UG,Uganda,AFRO,0.0,172149,0.0,3632
2024-02-18,UG,Uganda,AFRO,0.0,172149,0.0,3632
2024-02-25,UG,Uganda,AFRO,0.0,172149,0.0,3632
2024-03-03,UG,Uganda,AFRO,0.0,172149,0.0,3632
2024-03-10,UG,Uganda,AFRO,0.0,172149,0.0,3632
2024-03-17,UG,Uganda,AFRO,0.0,172149,0.0,3632
2024-03-24,UG,Uganda,AFRO,0.0,172149,0.0,3632
2024-03-31,UG,Uganda,AFRO,0.0,172149,0.0,3632
2024-04-07,UG,Uganda,AFRO,0.0,172149,0.0,3632
2024-04-14,UG,Uganda,AFRO,0.0,172149,0.0,3632
2024-04-21,UG,Uganda,AFRO,0.0,172149,0.0,3632
2024-04-28,UG,Uganda,AFRO,0.0,172149,0.0,3632
