Date_reported,Country_code,Country,WHO_region,New_cases,Cumulative_cases,New_deaths,Cumulative_deaths
2020-03-15,VC,Saint Vincent and the Grenadines,AMRO,1.0,1,0.0,0
2020-03-22,VC,Saint Vincent and the Grenadines,AMRO,0.0,1,0.0,0
2020-03-29,VC,Saint Vincent and the Grenadines,AMRO,0.0,1,0.0,0
2020-04-05,VC,Saint Vincent and the Grenadines,AMRO,2.0,3,0.0,0
2020-04-12,VC,Saint Vincent and the Grenadines,AMRO,9.0,12,0.0,0
2020-04-19,VC,Saint Vincent and the Grenadines,AMRO,0.0,12,0.0,0
2020-04-26,VC,Saint Vincent and the Grenadines,AMRO,2.0,14,0.0,0
2020-05-03,VC,Saint Vincent and the Grenadines,AMRO,2.0,16,0.0,0
2020-05-10,VC,Saint Vincent and the Grenadines,AMRO,1.0,17,0.0,0
2020-05-17,VC,Saint Vincent and the Grenadines,AMRO,0.0,17,0.0,0
2020-05-24,VC,Saint Vincent and the Grenadines,AMRO,1.0,18,0.0,0
2020-05-31,VC,Saint Vincent and the Grenadines,AMRO,7.0,25,0.0,0
2020-06-07,VC,Saint Vincent and the Grenadines,AMRO,1.0,26,0.0,0
2020-06-14,VC,Saint Vincent and the Grenadines,AMRO,1.0,27,0.0,0
2020-06-21,VC,Saint Vincent and the Grenadines,AMRO,2.0,29,0.0,0
2020-06-28,VC,Saint Vincent and the Grenadines,AMRO,0.0,29,0.0,0
2020-07-05,VC,Saint Vincent and the Grenadines,AMRO,0.0,29,0.0,0
2020-07-12,VC,Saint Vincent and the Grenadines,AMRO,0.0,29,0.0,0
2020-07-19,VC,Saint Vincent and the Grenadines,AMRO,6.0,35,0.0,0
2020-07-26,VC,Saint Vincent and the Grenadines,AMRO,17.0,52,0.0,0
2020-08-02,VC,Saint Vincent and the Grenadines,AMRO,2.0,54,0.0,0
2020-08-09,VC,Saint Vincent and the Grenadines,AMRO,2.0,56,0.0,0
2020-08-16,VC,Saint Vincent and the Grenadines,AMRO,1.0,57,0.0,0
2020-08-23,VC,Saint Vincent and the Grenadines,AMRO,1.0,58,0.0,0
2020-08-30,VC,Saint Vincent and the Grenadines,AMRO,2.0,60,0.0,0
2020-09-06,VC,Saint Vincent and the Grenadines,AMRO,1.0,61,0.0,0
2020-09-13,VC,Saint Vincent and the Grenadines,AMRO,3.0,64,0.0,0
2020-09-20,VC,Saint Vincent and the Grenadines,AMRO,0.0,64,0.0,0
2020-09-27,VC,Saint Vincent and the Grenadines,AMRO,0.0,64,0.0,0
2020-10-04,VC,Saint Vincent and the Grenadines,AMRO,0.0,64,0.0,0
2020-10-11,VC,Saint Vincent and the Grenadines,AMRO,0.0,64,0.0,0
2020-10-18,VC,Saint Vincent and the Grenadines,AMRO,3.0,67,0.0,0
2020-10-25,VC,Saint Vincent and the Grenadines,AMRO,6.0,73,0.0,0
2020-11-01,VC,Saint Vincent and the Grenadines,AMRO,1.0,74,0.0,0
2020-11-08,VC,Saint Vincent and the Grenadines,AMRO,2.0,76,0.0,0
2020-11-15,VC,Saint Vincent and the Grenadines,AMRO,2.0,78,0.0,0
2020-11-22,VC,Saint Vincent and the Grenadines,AMRO,6.0,84,0.0,0
2020-11-29,VC,Saint Vincent and the Grenadines,AMRO,1.0,85,0.0,0
2020-12-06,VC,Saint Vincent and the Grenadines,AMRO,2.0,87,0.0,0
2020-12-13,VC,Saint Vincent and the Grenadines,AMRO,7.0,94,0.0,0
2020-12-20,VC,Saint Vincent and the Grenadines,AMRO,6.0,100,0.0,0
2020-12-27,VC,Saint Vincent and the Grenadines,AMRO,8.0,108,0.0,0
2021-01-03,VC,Saint Vincent and the Grenadines,AMRO,14.0,122,0.0,0
2021-01-10,VC,Saint Vincent and the Grenadines,AMRO,82.0,204,0.0,0
2021-01-17,VC,Saint Vincent and the Grenadines,AMRO,246.0,450,1.0,1
2021-01-24,VC,Saint Vincent and the Grenadines,AMRO,270.0,720,1.0,2
2021-01-31,VC,Saint Vincent and the Grenadines,AMRO,176.0,896,0.0,2
2021-02-07,VC,Saint Vincent and the Grenadines,AMRO,274.0,1170,1.0,3
2021-02-14,VC,Saint Vincent and the Grenadines,AMRO,248.0,1418,3.0,6
2021-02-21,VC,Saint Vincent and the Grenadines,AMRO,80.0,1498,0.0,6
2021-02-28,VC,Saint Vincent and the Grenadines,AMRO,58.0,1556,2.0,8
2021-03-07,VC,Saint Vincent and the Grenadines,AMRO,102.0,1658,0.0,8
2021-03-14,VC,Saint Vincent and the Grenadines,AMRO,22.0,1680,0.0,8
2021-03-21,VC,Saint Vincent and the Grenadines,AMRO,14.0,1694,1.0,9
2021-03-28,VC,Saint Vincent and the Grenadines,AMRO,27.0,1721,1.0,10
2021-04-04,VC,Saint Vincent and the Grenadines,AMRO,34.0,1755,0.0,10
2021-04-11,VC,Saint Vincent and the Grenadines,AMRO,35.0,1790,0.0,10
2021-04-18,VC,Saint Vincent and the Grenadines,AMRO,29.0,1819,0.0,10
2021-04-25,VC,Saint Vincent and the Grenadines,AMRO,11.0,1830,0.0,10
2021-05-02,VC,Saint Vincent and the Grenadines,AMRO,34.0,1864,1.0,11
2021-05-09,VC,Saint Vincent and the Grenadines,AMRO,48.0,1912,1.0,12
2021-05-16,VC,Saint Vincent and the Grenadines,AMRO,20.0,1932,0.0,12
2021-05-23,VC,Saint Vincent and the Grenadines,AMRO,41.0,1973,0.0,12
2021-05-30,VC,Saint Vincent and the Grenadines,AMRO,54.0,2027,0.0,12
2021-06-06,VC,Saint Vincent and the Grenadines,AMRO,41.0,2068,0.0,12
2021-06-13,VC,Saint Vincent and the Grenadines,AMRO,33.0,2101,0.0,12
2021-06-20,VC,Saint Vincent and the Grenadines,AMRO,91.0,2192,0.0,12
2021-06-27,VC,Saint Vincent and the Grenadines,AMRO,26.0,2218,0.0,12
2021-07-04,VC,Saint Vincent and the Grenadines,AMRO,11.0,2229,0.0,12
2021-07-11,VC,Saint Vincent and the Grenadines,AMRO,12.0,2241,0.0,12
2021-07-18,VC,Saint Vincent and the Grenadines,AMRO,19.0,2260,0.0,12
2021-07-25,VC,Saint Vincent and the Grenadines,AMRO,11.0,2271,0.0,12
2021-08-01,VC,Saint Vincent and the Grenadines,AMRO,25.0,2296,0.0,12
2021-08-08,VC,Saint Vincent and the Grenadines,AMRO,2.0,2298,0.0,12
2021-08-15,VC,Saint Vincent and the Grenadines,AMRO,10.0,2308,0.0,12
2021-08-22,VC,Saint Vincent and the Grenadines,AMRO,12.0,2320,0.0,12
2021-08-29,VC,Saint Vincent and the Grenadines,AMRO,17.0,2337,0.0,12
2021-09-05,VC,Saint Vincent and the Grenadines,AMRO,42.0,2379,0.0,12
2021-09-12,VC,Saint Vincent and the Grenadines,AMRO,134.0,2513,0.0,12
2021-09-19,VC,Saint Vincent and the Grenadines,AMRO,317.0,2830,2.0,14
2021-09-26,VC,Saint Vincent and the Grenadines,AMRO,529.0,3359,3.0,17
2021-10-03,VC,Saint Vincent and the Grenadines,AMRO,479.0,3838,11.0,28
2021-10-10,VC,Saint Vincent and the Grenadines,AMRO,612.0,4450,5.0,33
2021-10-17,VC,Saint Vincent and the Grenadines,AMRO,177.0,4627,14.0,47
2021-10-24,VC,Saint Vincent and the Grenadines,AMRO,228.0,4855,13.0,60
2021-10-31,VC,Saint Vincent and the Grenadines,AMRO,153.0,5008,6.0,66
2021-11-07,VC,Saint Vincent and the Grenadines,AMRO,110.0,5118,3.0,69
2021-11-14,VC,Saint Vincent and the Grenadines,AMRO,207.0,5325,2.0,71
2021-11-21,VC,Saint Vincent and the Grenadines,AMRO,88.0,5413,2.0,73
2021-11-28,VC,Saint Vincent and the Grenadines,AMRO,109.0,5522,1.0,74
2021-12-05,VC,Saint Vincent and the Grenadines,AMRO,120.0,5642,0.0,74
2021-12-12,VC,Saint Vincent and the Grenadines,AMRO,80.0,5722,3.0,77
2021-12-19,VC,Saint Vincent and the Grenadines,AMRO,36.0,5758,0.0,77
2021-12-26,VC,Saint Vincent and the Grenadines,AMRO,85.0,5843,4.0,81
2022-01-02,VC,Saint Vincent and the Grenadines,AMRO,148.0,5991,2.0,83
2022-01-09,VC,Saint Vincent and the Grenadines,AMRO,760.0,6751,1.0,84
2022-01-16,VC,Saint Vincent and the Grenadines,AMRO,547.0,7298,3.0,87
2022-01-23,VC,Saint Vincent and the Grenadines,AMRO,431.0,7729,4.0,91
2022-01-30,VC,Saint Vincent and the Grenadines,AMRO,174.0,7903,2.0,93
2022-02-06,VC,Saint Vincent and the Grenadines,AMRO,211.0,8114,2.0,95
2022-02-13,VC,Saint Vincent and the Grenadines,AMRO,116.0,8230,7.0,102
2022-02-20,VC,Saint Vincent and the Grenadines,AMRO,49.0,8279,2.0,104
2022-02-27,VC,Saint Vincent and the Grenadines,AMRO,30.0,8309,2.0,106
2022-03-06,VC,Saint Vincent and the Grenadines,AMRO,11.0,8320,0.0,106
2022-03-13,VC,Saint Vincent and the Grenadines,AMRO,3.0,8323,0.0,106
2022-03-20,VC,Saint Vincent and the Grenadines,AMRO,7.0,8330,0.0,106
2022-03-27,VC,Saint Vincent and the Grenadines,AMRO,3.0,8333,0.0,106
2022-04-03,VC,Saint Vincent and the Grenadines,AMRO,4.0,8337,0.0,106
2022-04-10,VC,Saint Vincent and the Grenadines,AMRO,6.0,8343,0.0,106
2022-04-17,VC,Saint Vincent and the Grenadines,AMRO,9.0,8352,0.0,106
2022-04-24,VC,Saint Vincent and the Grenadines,AMRO,45.0,8397,0.0,106
2022-05-01,VC,Saint Vincent and the Grenadines,AMRO,27.0,8424,0.0,106
2022-05-08,VC,Saint Vincent and the Grenadines,AMRO,32.0,8456,0.0,106
2022-05-15,VC,Saint Vincent and the Grenadines,AMRO,60.0,8516,0.0,106
2022-05-22,VC,Saint Vincent and the Grenadines,AMRO,102.0,8618,0.0,106
2022-05-29,VC,Saint Vincent and the Grenadines,AMRO,69.0,8687,0.0,106
2022-06-05,VC,Saint Vincent and the Grenadines,AMRO,120.0,8807,2.0,108
2022-06-12,VC,Saint Vincent and the Grenadines,AMRO,104.0,8911,0.0,108
2022-06-19,VC,Saint Vincent and the Grenadines,AMRO,74.0,8985,2.0,110
2022-06-26,VC,Saint Vincent and the Grenadines,AMRO,47.0,9032,1.0,111
2022-07-03,VC,Saint Vincent and the Grenadines,AMRO,30.0,9062,1.0,112
2022-07-10,VC,Saint Vincent and the Grenadines,AMRO,56.0,9118,2.0,114
2022-07-17,VC,Saint Vincent and the Grenadines,AMRO,114.0,9232,1.0,115
2022-07-24,VC,Saint Vincent and the Grenadines,AMRO,77.0,9309,0.0,115
2022-07-31,VC,Saint Vincent and the Grenadines,AMRO,54.0,9363,0.0,115
2022-08-07,VC,Saint Vincent and the Grenadines,AMRO,32.0,9395,0.0,115
2022-08-14,VC,Saint Vincent and the Grenadines,AMRO,10.0,9405,0.0,115
2022-08-21,VC,Saint Vincent and the Grenadines,AMRO,9.0,9414,0.0,115
2022-08-28,VC,Saint Vincent and the Grenadines,AMRO,8.0,9422,0.0,115
2022-09-04,VC,Saint Vincent and the Grenadines,AMRO,8.0,9430,0.0,115
2022-09-11,VC,Saint Vincent and the Grenadines,AMRO,16.0,9446,1.0,116
2022-09-18,VC,Saint Vincent and the Grenadines,AMRO,0.0,9446,0.0,116
2022-09-25,VC,Saint Vincent and the Grenadines,AMRO,2.0,9448,0.0,116
2022-10-02,VC,Saint Vincent and the Grenadines,AMRO,0.0,9448,0.0,116
2022-10-09,VC,Saint Vincent and the Grenadines,AMRO,0.0,9448,0.0,116
2022-10-16,VC,Saint Vincent and the Grenadines,AMRO,2.0,9450,0.0,116
2022-10-23,VC,Saint Vincent and the Grenadines,AMRO,2.0,9452,0.0,116
2022-10-30,VC,Saint Vincent and the Grenadines,AMRO,5.0,9457,0.0,116
2022-11-06,VC,Saint Vincent and the Grenadines,AMRO,2.0,9459,0.0,116
2022-11-13,VC,Saint Vincent and the Grenadines,AMRO,3.0,9462,0.0,116
2022-11-20,VC,Saint Vincent and the Grenadines,AMRO,0.0,9462,0.0,116
2022-11-27,VC,Saint Vincent and the Grenadines,AMRO,6.0,9468,0.0,116
2022-12-04,VC,Saint Vincent and the Grenadines,AMRO,6.0,9474,0.0,116
2022-12-11,VC,Saint Vincent and the Grenadines,AMRO,8.0,9482,0.0,116
2022-12-18,VC,Saint Vincent and the Grenadines,AMRO,18.0,9500,0.0,116
2022-12-25,VC,Saint Vincent and the Grenadines,AMRO,21.0,9521,2.0,118
2023-01-01,VC,Saint Vincent and the Grenadines,AMRO,17.0,9538,1.0,119
2023-01-08,VC,Saint Vincent and the Grenadines,AMRO,0.0,9538,0.0,119
2023-01-15,VC,Saint Vincent and the Grenadines,AMRO,25.0,9563,2.0,121
2023-01-22,VC,Saint Vincent and the Grenadines,AMRO,14.0,9577,2.0,123
2023-01-29,VC,Saint Vincent and the Grenadines,AMRO,4.0,9581,0.0,123
2023-02-05,VC,Saint Vincent and the Grenadines,AMRO,4.0,9585,0.0,123
2023-02-12,VC,Saint Vincent and the Grenadines,AMRO,2.0,9587,0.0,123
2023-02-19,VC,Saint Vincent and the Grenadines,AMRO,2.0,9589,0.0,123
2023-02-26,VC,Saint Vincent and the Grenadines,AMRO,0.0,9589,0.0,123
2023-03-05,VC,Saint Vincent and the Grenadines,AMRO,1.0,9590,1.0,124
2023-03-12,VC,Saint Vincent and the Grenadines,AMRO,3.0,9593,0.0,124
2023-03-19,VC,Saint Vincent and the Grenadines,AMRO,2.0,9595,0.0,124
2023-03-26,VC,Saint Vincent and the Grenadines,AMRO,1.0,9596,0.0,124
2023-04-02,VC,Saint Vincent and the Grenadines,AMRO,5.0,9601,0.0,124
2023-04-09,VC,Saint Vincent and the Grenadines,AMRO,0.0,9601,0.0,124
2023-04-16,VC,Saint Vincent and the Grenadines,AMRO,1.0,9602,0.0,124
2023-04-23,VC,Saint Vincent and the Grenadines,AMRO,9.0,9611,0.0,124
2023-04-30,VC,Saint Vincent and the Grenadines,AMRO,0.0,9611,0.0,124
2023-05-07,VC,Saint Vincent and the Grenadines,AMRO,8.0,9619,0.0,124
2023-05-14,VC,Saint Vincent and the Grenadines,AMRO,12.0,9631,0.0,124
2023-05-21,VC,Saint Vincent and the Grenadines,AMRO,0.0,9631,0.0,124
2023-05-28,VC,Saint Vincent and the Grenadines,AMRO,2.0,9633,0.0,124
2023-06-04,VC,Saint Vincent and the Grenadines,AMRO,1.0,9634,0.0,124
2023-06-11,VC,Saint Vincent and the Grenadines,AMRO,2.0,9636,0.0,124
2023-06-18,VC,Saint Vincent and the Grenadines,AMRO,1.0,9637,0.0,124
2023-06-25,VC,Saint Vincent and the Grenadines,AMRO,1.0,9638,0.0,124
2023-07-02,VC,Saint Vincent and the Grenadines,AMRO,2.0,9640,0.0,124
2023-07-09,VC,Saint Vincent and the Grenadines,AMRO,6.0,9646,0.0,124
2023-07-16,VC,Saint Vincent and the Grenadines,AMRO,4.0,9650,0.0,124
2023-07-23,VC,Saint Vincent and the Grenadines,AMRO,4.0,9654,0.0,124
2023-07-30,VC,Saint Vincent and the Grenadines,AMRO,2.0,9656,0.0,124
2023-08-06,VC,Saint Vincent and the Grenadines,AMRO,5.0,9661,0.0,124
2023-08-13,VC,Saint Vincent and the Grenadines,AMRO,2.0,9663,0.0,124
2023-08-20,VC,Saint Vincent and the Grenadines,AMRO,6.0,9669,0.0,124
2023-08-27,VC,Saint Vincent and the Grenadines,AMRO,1.0,9670,0.0,124
2023-09-03,VC,Saint Vincent and the Grenadines,AMRO,1.0,9671,0.0,124
2023-09-10,VC,Saint Vincent and the Grenadines,AMRO,2.0,9673,0.0,124
2023-09-17,VC,Saint Vincent and the Grenadines,AMRO,0.0,9673,0.0,124
2023-09-24,VC,Saint Vincent and the Grenadines,AMRO,1.0,9674,0.0,124
2023-10-01,VC,Saint Vincent and the Grenadines,AMRO,0.0,9674,0.0,124
2023-10-08,VC,Saint Vincent and the Grenadines,AMRO,0.0,9674,0.0,124
2023-10-15,VC,Saint Vincent and the Grenadines,AMRO,0.0,9674,0.0,124
2023-10-22,VC,Saint Vincent and the Grenadines,AMRO,0.0,9674,0.0,124
2023-10-29,VC,Saint Vincent and the Grenadines,AMRO,0.0,9674,0.0,124
2023-11-05,VC,Saint Vincent and the Grenadines,AMRO,0.0,9674,0.0,124
2023-11-12,VC,Saint Vincent and the Grenadines,AMRO,0.0,9674,0.0,124
2023-11-19,VC,Saint Vincent and the Grenadines,AMRO,0.0,9674,0.0,124
2023-11-26,VC,Saint Vincent and the Grenadines,AMRO,0.0,9674,0.0,124
2023-12-03,VC,Saint Vincent and the Grenadines,AMRO,0.0,9674,0.0,124
2023-12-10,VC,Saint Vincent and the Grenadines,AMRO,0.0,9674,0.0,124
2023-12-17,VC,Saint Vincent and the Grenadines,AMRO,0.0,9674,0.0,124
2023-12-24,VC,Saint Vincent and the Grenadines,AMRO,0.0,9674,0.0,124
2023-12-31,VC,Saint Vincent and the Grenadines,AMRO,0.0,9674,0.0,124
2024-01-07,VC,Saint Vincent and the Grenadines,AMRO,0.0,9674,0.0,124
2024-01-14,VC,Saint Vincent and the Grenadines,AMRO,0.0,9674,0.0,124
2024-01-21,VC,Saint Vincent and the Grenadines,AMRO,0.0,9674,0.0,124
2024-01-28,VC,Saint Vincent and the Grenadines,AMRO,0.0,9674,0.0,124
2024-02-04,VC,Saint Vincent and the Grenadines,AMRO,0.0,9674,0.0,124
2024-02-11,VC,Saint Vincent and the Grenadines,AMRO,0.0,9674,0.0,124
2024-02-18,VC,Saint Vincent and the Grenadines,AMRO,0.0,9674,0.0,124
2024-02-25,VC,Saint Vincent and the Grenadines,AMRO,0.0,9674,0.0,124
2024-03-03,VC,Saint Vincent and the Grenadines,AMRO,0.0,9674,0.0,124
2024-03-10,VC,Saint Vincent and the Grenadines,AMRO,0.0,9674,0.0,124
2024-03-17,VC,Saint Vincent and the Grenadines,AMRO,0.0,9674,0.0,124
2024-03-24,VC,Saint Vincent and the Grenadines,AMRO,0.0,9674,0.0,124
2024-03-31,VC,Saint Vincent and the Grenadines,AMRO,0.0,9674,0.0,124
2024-04-07,VC,Saint Vincent and the Grenadines,AMRO,0.0,9674,0.0,124
2024-04-14,VC,Saint Vincent and the Grenadines,AMRO,0.0,9674,0.0,124
2024-04-21,VC,Saint Vincent and the Grenadines,AMRO,0.0,9674,0.0,124
2024-04-28,VC,Saint Vincent and the Grenadines,AMRO,0.0,9674,0.0,124
