Date_reported,Country_code,Country,WHO_region,New_cases,Cumulative_cases,New_deaths,Cumulative_deaths
2020-03-15,VE,Venezuela (Bolivarian Republic of),AMRO,21.0,21,0.0,0
2020-03-22,VE,Venezuela (Bolivarian Republic of),AMRO,19.0,40,0.0,0
2020-03-29,VE,Venezuela (Bolivarian Republic of),AMRO,73.0,113,2.0,2
2020-04-05,VE,Venezuela (Bolivarian Republic of),AMRO,31.0,144,1.0,3
2020-04-12,VE,Venezuela (Bolivarian Republic of),AMRO,27.0,171,6.0,9
2020-04-19,VE,Venezuela (Bolivarian Republic of),AMRO,33.0,204,0.0,9
2020-04-26,VE,Venezuela (Bolivarian Republic of),AMRO,114.0,318,1.0,10
2020-05-03,VE,Venezuela (Bolivarian Republic of),AMRO,27.0,345,0.0,10
2020-05-10,VE,Venezuela (Bolivarian Republic of),AMRO,43.0,388,0.0,10
2020-05-17,VE,Venezuela (Bolivarian Republic of),AMRO,116.0,504,0.0,10
2020-05-24,VE,Venezuela (Bolivarian Republic of),AMRO,440.0,944,0.0,10
2020-05-31,VE,Venezuela (Bolivarian Republic of),AMRO,426.0,1370,4.0,14
2020-06-07,VE,Venezuela (Bolivarian Republic of),AMRO,775.0,2145,6.0,20
2020-06-14,VE,Venezuela (Bolivarian Republic of),AMRO,734.0,2879,3.0,23
2020-06-21,VE,Venezuela (Bolivarian Republic of),AMRO,712.0,3591,7.0,30
2020-06-28,VE,Venezuela (Bolivarian Republic of),AMRO,1188.0,4779,11.0,41
2020-07-05,VE,Venezuela (Bolivarian Republic of),AMRO,1758.0,6537,18.0,59
2020-07-12,VE,Venezuela (Bolivarian Republic of),AMRO,2266.0,8803,24.0,83
2020-07-19,VE,Venezuela (Bolivarian Republic of),AMRO,2388.0,11191,24.0,107
2020-07-26,VE,Venezuela (Bolivarian Republic of),AMRO,3072.0,14263,27.0,134
2020-08-02,VE,Venezuela (Bolivarian Republic of),AMRO,4311.0,18574,30.0,164
2020-08-09,VE,Venezuela (Bolivarian Republic of),AMRO,5592.0,24166,44.0,208
2020-08-16,VE,Venezuela (Bolivarian Republic of),AMRO,7215.0,31381,58.0,266
2020-08-23,VE,Venezuela (Bolivarian Republic of),AMRO,6807.0,38188,51.0,317
2020-08-30,VE,Venezuela (Bolivarian Republic of),AMRO,5691.0,43879,41.0,358
2020-09-06,VE,Venezuela (Bolivarian Republic of),AMRO,7094.0,50973,54.0,412
2020-09-13,VE,Venezuela (Bolivarian Republic of),AMRO,7690.0,58663,56.0,468
2020-09-20,VE,Venezuela (Bolivarian Republic of),AMRO,6511.0,65174,62.0,530
2020-09-27,VE,Venezuela (Bolivarian Republic of),AMRO,6099.0,71273,61.0,591
2020-10-04,VE,Venezuela (Bolivarian Republic of),AMRO,5547.0,76820,52.0,643
2020-10-11,VE,Venezuela (Bolivarian Republic of),AMRO,4876.0,81696,41.0,684
2020-10-18,VE,Venezuela (Bolivarian Republic of),AMRO,4062.0,85758,41.0,725
2020-10-25,VE,Venezuela (Bolivarian Republic of),AMRO,2658.0,88416,34.0,759
2020-11-01,VE,Venezuela (Bolivarian Republic of),AMRO,3173.0,91589,34.0,793
2020-11-08,VE,Venezuela (Bolivarian Republic of),AMRO,2716.0,94305,28.0,821
2020-11-15,VE,Venezuela (Bolivarian Republic of),AMRO,2136.0,96441,23.0,844
2020-11-22,VE,Venezuela (Bolivarian Republic of),AMRO,2576.0,99017,22.0,866
2020-11-29,VE,Venezuela (Bolivarian Republic of),AMRO,2507.0,101524,22.0,888
2020-12-06,VE,Venezuela (Bolivarian Republic of),AMRO,2353.0,103877,25.0,913
2020-12-13,VE,Venezuela (Bolivarian Republic of),AMRO,2838.0,106715,31.0,944
2020-12-20,VE,Venezuela (Bolivarian Republic of),AMRO,2680.0,109395,35.0,979
2020-12-27,VE,Venezuela (Bolivarian Republic of),AMRO,2208.0,111603,31.0,1010
2021-01-03,VE,Venezuela (Bolivarian Republic of),AMRO,1959.0,113562,18.0,1028
2021-01-10,VE,Venezuela (Bolivarian Republic of),AMRO,2105.0,115667,28.0,1056
2021-01-17,VE,Venezuela (Bolivarian Republic of),AMRO,3189.0,118856,39.0,1095
2021-01-24,VE,Venezuela (Bolivarian Republic of),AMRO,3939.0,122795,41.0,1136
2021-01-31,VE,Venezuela (Bolivarian Republic of),AMRO,2981.0,125776,41.0,1177
2021-02-07,VE,Venezuela (Bolivarian Republic of),AMRO,3455.0,129231,46.0,1223
2021-02-14,VE,Venezuela (Bolivarian Republic of),AMRO,3028.0,132259,44.0,1267
2021-02-21,VE,Venezuela (Bolivarian Republic of),AMRO,2855.0,135114,41.0,1308
2021-02-28,VE,Venezuela (Bolivarian Republic of),AMRO,3181.0,138295,30.0,1338
2021-03-07,VE,Venezuela (Bolivarian Republic of),AMRO,3061.0,141356,33.0,1371
2021-03-14,VE,Venezuela (Bolivarian Republic of),AMRO,3430.0,144786,51.0,1422
2021-03-21,VE,Venezuela (Bolivarian Republic of),AMRO,4359.0,149145,53.0,1475
2021-03-28,VE,Venezuela (Bolivarian Republic of),AMRO,5760.0,154905,68.0,1543
2021-04-04,VE,Venezuela (Bolivarian Republic of),AMRO,7825.0,162730,86.0,1629
2021-04-11,VE,Venezuela (Bolivarian Republic of),AMRO,9731.0,172461,110.0,1739
2021-04-18,VE,Venezuela (Bolivarian Republic of),AMRO,8148.0,180609,131.0,1870
2021-04-25,VE,Venezuela (Bolivarian Republic of),AMRO,8772.0,189381,139.0,2009
2021-05-02,VE,Venezuela (Bolivarian Republic of),AMRO,8302.0,197683,127.0,2136
2021-05-09,VE,Venezuela (Bolivarian Republic of),AMRO,7498.0,205181,127.0,2263
2021-05-16,VE,Venezuela (Bolivarian Republic of),AMRO,7817.0,212998,103.0,2366
2021-05-23,VE,Venezuela (Bolivarian Republic of),AMRO,8044.0,221042,117.0,2483
2021-05-30,VE,Venezuela (Bolivarian Republic of),AMRO,9105.0,230147,112.0,2595
2021-06-06,VE,Venezuela (Bolivarian Republic of),AMRO,9105.0,239252,103.0,2698
2021-06-13,VE,Venezuela (Bolivarian Republic of),AMRO,9568.0,248820,99.0,2797
2021-06-20,VE,Venezuela (Bolivarian Republic of),AMRO,9320.0,258140,128.0,2925
2021-06-27,VE,Venezuela (Bolivarian Republic of),AMRO,8812.0,266952,113.0,3038
2021-07-04,VE,Venezuela (Bolivarian Republic of),AMRO,8253.0,275205,116.0,3154
2021-07-11,VE,Venezuela (Bolivarian Republic of),AMRO,7735.0,282940,110.0,3264
2021-07-18,VE,Venezuela (Bolivarian Republic of),AMRO,7584.0,290524,86.0,3350
2021-07-25,VE,Venezuela (Bolivarian Republic of),AMRO,7258.0,297782,108.0,3458
2021-08-01,VE,Venezuela (Bolivarian Republic of),AMRO,6944.0,304726,118.0,3576
2021-08-08,VE,Venezuela (Bolivarian Republic of),AMRO,6234.0,310960,106.0,3682
2021-08-15,VE,Venezuela (Bolivarian Republic of),AMRO,6374.0,317334,99.0,3781
2021-08-22,VE,Venezuela (Bolivarian Republic of),AMRO,6192.0,323526,90.0,3871
2021-08-29,VE,Venezuela (Bolivarian Republic of),AMRO,7586.0,331112,99.0,3970
2021-09-05,VE,Venezuela (Bolivarian Republic of),AMRO,7188.0,338300,102.0,4072
2021-09-12,VE,Venezuela (Bolivarian Republic of),AMRO,7260.0,345560,107.0,4179
2021-09-19,VE,Venezuela (Bolivarian Republic of),AMRO,7841.0,353401,96.0,4275
2021-09-26,VE,Venezuela (Bolivarian Republic of),AMRO,7448.0,360849,104.0,4379
2021-10-03,VE,Venezuela (Bolivarian Republic of),AMRO,9519.0,370368,104.0,4483
2021-10-10,VE,Venezuela (Bolivarian Republic of),AMRO,10488.0,380856,109.0,4592
2021-10-17,VE,Venezuela (Bolivarian Republic of),AMRO,9189.0,390045,101.0,4693
2021-10-24,VE,Venezuela (Bolivarian Republic of),AMRO,8566.0,398611,97.0,4790
2021-10-31,VE,Venezuela (Bolivarian Republic of),AMRO,6834.0,405445,84.0,4874
2021-11-07,VE,Venezuela (Bolivarian Republic of),AMRO,6129.0,411574,72.0,4946
2021-11-14,VE,Venezuela (Bolivarian Republic of),AMRO,6424.0,417998,64.0,5010
2021-11-21,VE,Venezuela (Bolivarian Republic of),AMRO,5635.0,423633,56.0,5066
2021-11-28,VE,Venezuela (Bolivarian Republic of),AMRO,5727.0,429360,58.0,5124
2021-12-05,VE,Venezuela (Bolivarian Republic of),AMRO,4300.0,433660,53.0,5177
2021-12-12,VE,Venezuela (Bolivarian Republic of),AMRO,3453.0,437113,52.0,5229
2021-12-19,VE,Venezuela (Bolivarian Republic of),AMRO,3671.0,440784,43.0,5272
2021-12-26,VE,Venezuela (Bolivarian Republic of),AMRO,2215.0,442999,40.0,5312
2022-01-02,VE,Venezuela (Bolivarian Republic of),AMRO,1636.0,444635,16.0,5328
2022-01-09,VE,Venezuela (Bolivarian Republic of),AMRO,1792.0,446427,20.0,5348
2022-01-16,VE,Venezuela (Bolivarian Republic of),AMRO,6003.0,452430,28.0,5376
2022-01-23,VE,Venezuela (Bolivarian Republic of),AMRO,13033.0,465463,23.0,5399
2022-01-30,VE,Venezuela (Bolivarian Republic of),AMRO,13548.0,479011,31.0,5430
2022-02-06,VE,Venezuela (Bolivarian Republic of),AMRO,13667.0,492678,44.0,5474
2022-02-13,VE,Venezuela (Bolivarian Republic of),AMRO,10484.0,503162,55.0,5529
2022-02-20,VE,Venezuela (Bolivarian Republic of),AMRO,6785.0,509947,62.0,5591
2022-02-27,VE,Venezuela (Bolivarian Republic of),AMRO,3480.0,513427,37.0,5628
2022-03-06,VE,Venezuela (Bolivarian Republic of),AMRO,2809.0,516236,17.0,5645
2022-03-13,VE,Venezuela (Bolivarian Republic of),AMRO,1763.0,517999,11.0,5656
2022-03-20,VE,Venezuela (Bolivarian Republic of),AMRO,1421.0,519420,10.0,5666
2022-03-27,VE,Venezuela (Bolivarian Republic of),AMRO,618.0,520038,8.0,5674
2022-04-03,VE,Venezuela (Bolivarian Republic of),AMRO,589.0,520627,10.0,5684
2022-04-10,VE,Venezuela (Bolivarian Republic of),AMRO,698.0,521325,8.0,5692
2022-04-17,VE,Venezuela (Bolivarian Republic of),AMRO,621.0,521946,8.0,5700
2022-04-24,VE,Venezuela (Bolivarian Republic of),AMRO,142.0,522088,5.0,5705
2022-05-01,VE,Venezuela (Bolivarian Republic of),AMRO,217.0,522305,3.0,5708
2022-05-08,VE,Venezuela (Bolivarian Republic of),AMRO,320.0,522625,1.0,5709
2022-05-15,VE,Venezuela (Bolivarian Republic of),AMRO,296.0,522921,2.0,5711
2022-05-22,VE,Venezuela (Bolivarian Republic of),AMRO,317.0,523238,5.0,5716
2022-05-29,VE,Venezuela (Bolivarian Republic of),AMRO,302.0,523540,4.0,5720
2022-06-05,VE,Venezuela (Bolivarian Republic of),AMRO,257.0,523797,2.0,5722
2022-06-12,VE,Venezuela (Bolivarian Republic of),AMRO,355.0,524152,1.0,5723
2022-06-19,VE,Venezuela (Bolivarian Republic of),AMRO,566.0,524718,1.0,5724
2022-06-26,VE,Venezuela (Bolivarian Republic of),AMRO,821.0,525539,2.0,5726
2022-07-03,VE,Venezuela (Bolivarian Republic of),AMRO,915.0,526454,8.0,5734
2022-07-10,VE,Venezuela (Bolivarian Republic of),AMRO,1335.0,527789,5.0,5739
2022-07-17,VE,Venezuela (Bolivarian Republic of),AMRO,1595.0,529384,6.0,5745
2022-07-24,VE,Venezuela (Bolivarian Republic of),AMRO,2579.0,531963,10.0,5755
2022-07-31,VE,Venezuela (Bolivarian Republic of),AMRO,2943.0,534906,6.0,5761
2022-08-07,VE,Venezuela (Bolivarian Republic of),AMRO,2936.0,537842,6.0,5767
2022-08-14,VE,Venezuela (Bolivarian Republic of),AMRO,1887.0,539729,6.0,5773
2022-08-21,VE,Venezuela (Bolivarian Republic of),AMRO,1458.0,541187,13.0,5786
2022-08-28,VE,Venezuela (Bolivarian Republic of),AMRO,852.0,542039,8.0,5794
2022-09-04,VE,Venezuela (Bolivarian Republic of),AMRO,665.0,542704,3.0,5797
2022-09-11,VE,Venezuela (Bolivarian Republic of),AMRO,890.0,543594,8.0,5805
2022-09-18,VE,Venezuela (Bolivarian Republic of),AMRO,496.0,544090,4.0,5809
2022-09-25,VE,Venezuela (Bolivarian Republic of),AMRO,315.0,544405,5.0,5814
2022-10-02,VE,Venezuela (Bolivarian Republic of),AMRO,398.0,544803,0.0,5814
2022-10-09,VE,Venezuela (Bolivarian Republic of),AMRO,129.0,544932,4.0,5818
2022-10-16,VE,Venezuela (Bolivarian Republic of),AMRO,261.0,545193,1.0,5819
2022-10-23,VE,Venezuela (Bolivarian Republic of),AMRO,330.0,545523,1.0,5820
2022-10-30,VE,Venezuela (Bolivarian Republic of),AMRO,280.0,545803,0.0,5820
2022-11-06,VE,Venezuela (Bolivarian Republic of),AMRO,244.0,546047,1.0,5821
2022-11-13,VE,Venezuela (Bolivarian Republic of),AMRO,215.0,546262,3.0,5824
2022-11-20,VE,Venezuela (Bolivarian Republic of),AMRO,471.0,546733,1.0,5825
2022-11-27,VE,Venezuela (Bolivarian Republic of),AMRO,471.0,547204,2.0,5827
2022-12-04,VE,Venezuela (Bolivarian Republic of),AMRO,493.0,547697,2.0,5829
2022-12-11,VE,Venezuela (Bolivarian Republic of),AMRO,536.0,548233,0.0,5829
2022-12-18,VE,Venezuela (Bolivarian Republic of),AMRO,732.0,548965,1.0,5830
2022-12-25,VE,Venezuela (Bolivarian Republic of),AMRO,879.0,549844,0.0,5830
2023-01-01,VE,Venezuela (Bolivarian Republic of),AMRO,678.0,550522,2.0,5832
2023-01-08,VE,Venezuela (Bolivarian Republic of),AMRO,194.0,550716,0.0,5832
2023-01-15,VE,Venezuela (Bolivarian Republic of),AMRO,165.0,550881,2.0,5834
2023-01-22,VE,Venezuela (Bolivarian Republic of),AMRO,323.0,551204,6.0,5840
2023-01-29,VE,Venezuela (Bolivarian Republic of),AMRO,195.0,551399,5.0,5845
2023-02-05,VE,Venezuela (Bolivarian Republic of),AMRO,188.0,551587,0.0,5845
2023-02-12,VE,Venezuela (Bolivarian Republic of),AMRO,106.0,551693,6.0,5851
2023-02-19,VE,Venezuela (Bolivarian Republic of),AMRO,215.0,551908,1.0,5852
2023-02-26,VE,Venezuela (Bolivarian Republic of),AMRO,49.0,551957,0.0,5852
2023-03-05,VE,Venezuela (Bolivarian Republic of),AMRO,77.0,552034,2.0,5854
2023-03-12,VE,Venezuela (Bolivarian Republic of),AMRO,128.0,552162,0.0,5854
2023-03-19,VE,Venezuela (Bolivarian Republic of),AMRO,88.0,552250,0.0,5854
2023-03-26,VE,Venezuela (Bolivarian Republic of),AMRO,47.0,552297,0.0,5854
2023-04-02,VE,Venezuela (Bolivarian Republic of),AMRO,101.0,552398,0.0,5854
2023-04-09,VE,Venezuela (Bolivarian Republic of),AMRO,0.0,552398,0.0,5854
2023-04-16,VE,Venezuela (Bolivarian Republic of),AMRO,31.0,552429,2.0,5856
2023-04-23,VE,Venezuela (Bolivarian Republic of),AMRO,126.0,552555,0.0,5856
2023-04-30,VE,Venezuela (Bolivarian Republic of),AMRO,23.0,552578,0.0,5856
2023-05-07,VE,Venezuela (Bolivarian Republic of),AMRO,117.0,552695,0.0,5856
2023-05-14,VE,Venezuela (Bolivarian Republic of),AMRO,0.0,552695,0.0,5856
2023-05-21,VE,Venezuela (Bolivarian Republic of),AMRO,0.0,552695,0.0,5856
2023-05-28,VE,Venezuela (Bolivarian Republic of),AMRO,0.0,552695,0.0,5856
2023-06-04,VE,Venezuela (Bolivarian Republic of),AMRO,0.0,552695,0.0,5856
2023-06-11,VE,Venezuela (Bolivarian Republic of),AMRO,0.0,552695,0.0,5856
2023-06-18,VE,Venezuela (Bolivarian Republic of),AMRO,0.0,552695,0.0,5856
2023-06-25,VE,Venezuela (Bolivarian Republic of),AMRO,0.0,552695,0.0,5856
2023-07-02,VE,Venezuela (Bolivarian Republic of),AMRO,0.0,552695,0.0,5856
2023-07-09,VE,Venezuela (Bolivarian Republic of),AMRO,0.0,552695,0.0,5856
2023-07-16,VE,Venezuela (Bolivarian Republic of),AMRO,0.0,552695,0.0,5856
2023-07-23,VE,Venezuela (Bolivarian Republic of),AMRO,0.0,552695,0.0,5856
2023-07-30,VE,Venezuela (Bolivarian Republic of),AMRO,0.0,552695,0.0,5856
2023-08-06,VE,Venezuela (Bolivarian Republic of),AMRO,0.0,552695,0.0,5856
2023-08-13,VE,Venezuela (Bolivarian Republic of),AMRO,0.0,552695,0.0,5856
2023-08-20,VE,Venezuela (Bolivarian Republic of),AMRO,0.0,552695,0.0,5856
2023-08-27,VE,Venezuela (Bolivarian Republic of),AMRO,0.0,552695,0.0,5856
2023-09-03,VE,Venezuela (Bolivarian Republic of),AMRO,0.0,552695,0.0,5856
2023-09-10,VE,Venezuela (Bolivarian Republic of),AMRO,0.0,552695,0.0,5856
2023-09-17,VE,Venezuela (Bolivarian Republic of),AMRO,0.0,552695,0.0,5856
2023-09-24,VE,Venezuela (Bolivarian Republic of),AMRO,0.0,552695,0.0,5856
2023-10-01,VE,Venezuela (Bolivarian Republic of),AMRO,0.0,552695,0.0,5856
2023-10-08,VE,Venezuela (Bolivarian Republic of),AMRO,0.0,552695,0.0,5856
2023-10-15,VE,Venezuela (Bolivarian Republic of),AMRO,0.0,552695,0.0,5856
2023-10-22,VE,Venezuela (Bolivarian Republic of),AMRO,0.0,552695,0.0,5856
2023-10-29,VE,Venezuela (Bolivarian Republic of),AMRO,0.0,552695,0.0,5856
2023-11-05,VE,Venezuela (Bolivarian Republic of),AMRO,0.0,552695,0.0,5856
2023-11-12,VE,Venezuela (Bolivarian Republic of),AMRO,0.0,552695,0.0,5856
2023-11-19,VE,Venezuela (Bolivarian Republic of),AMRO,0.0,552695,0.0,5856
2023-11-26,VE,Venezuela (Bolivarian Republic of),AMRO,0.0,552695,0.0,5856
2023-12-03,VE,Venezuela (Bolivarian Republic of),AMRO,0.0,552695,0.0,5856
2023-12-10,VE,Venezuela (Bolivarian Republic of),AMRO,0.0,552695,0.0,5856
2023-12-17,VE,Venezuela (Bolivarian Republic of),AMRO,0.0,552695,0.0,5856
2023-12-24,VE,Venezuela (Bolivarian Republic of),AMRO,0.0,552695,0.0,5856
2023-12-31,VE,Venezuela (Bolivarian Republic of),AMRO,0.0,552695,0.0,5856
2024-01-07,VE,Venezuela (Bolivarian Republic of),AMRO,0.0,552695,0.0,5856
2024-01-14,VE,Venezuela (Bolivarian Republic of),AMRO,0.0,552695,0.0,5856
2024-01-21,VE,Venezuela (Bolivarian Republic of),AMRO,0.0,552695,0.0,5856
2024-01-28,VE,Venezuela (Bolivarian Republic of),AMRO,0.0,552695,0.0,5856
2024-02-04,VE,Venezuela (Bolivarian Republic of),AMRO,0.0,552695,0.0,5856
2024-02-11,VE,Venezuela (Bolivarian Republic of),AMRO,0.0,552695,0.0,5856
2024-02-18,VE,Venezuela (Bolivarian Republic of),AMRO,0.0,552695,0.0,5856
2024-02-25,VE,Venezuela (Bolivarian Republic of),AMRO,0.0,552695,0.0,5856
2024-03-03,VE,Venezuela (Bolivarian Republic of),AMRO,0.0,552695,0.0,5856
2024-03-10,VE,Venezuela (Bolivarian Republic of),AMRO,0.0,552695,0.0,5856
2024-03-17,VE,Venezuela (Bolivarian Republic of),AMRO,0.0,552695,0.0,5856
2024-03-24,VE,Venezuela (Bolivarian Republic of),AMRO,0.0,552695,0.0,5856
2024-03-31,VE,Venezuela (Bolivarian Republic of),AMRO,0.0,552695,0.0,5856
2024-04-07,VE,Venezuela (Bolivarian Republic of),AMRO,0.0,552695,0.0,5856
2024-04-14,VE,Venezuela (Bolivarian Republic of),AMRO,0.0,552695,0.0,5856
2024-04-21,VE,Venezuela (Bolivarian Republic of),AMRO,0.0,552695,0.0,5856
2024-04-28,VE,Venezuela (Bolivarian Republic of),AMRO,0.0,552695,0.0,5856
