Date_reported,Country_code,Country,WHO_region,New_cases,Cumulative_cases,New_deaths,Cumulative_deaths
2020-03-29,VG,British Virgin Islands,AMRO,2.0,2,0.0,0
2020-04-05,VG,British Virgin Islands,AMRO,1.0,3,0.0,0
2020-04-12,VG,British Virgin Islands,AMRO,0.0,3,0.0,0
2020-04-19,VG,British Virgin Islands,AMRO,0.0,3,0.0,0
2020-04-26,VG,British Virgin Islands,AMRO,3.0,6,1.0,1
2020-05-03,VG,British Virgin Islands,AMRO,0.0,6,0.0,1
2020-05-10,VG,British Virgin Islands,AMRO,1.0,7,0.0,1
2020-05-17,VG,British Virgin Islands,AMRO,1.0,8,0.0,1
2020-05-24,VG,British Virgin Islands,AMRO,0.0,8,0.0,1
2020-05-31,VG,British Virgin Islands,AMRO,0.0,8,0.0,1
2020-06-07,VG,British Virgin Islands,AMRO,0.0,8,0.0,1
2020-06-14,VG,British Virgin Islands,AMRO,0.0,8,0.0,1
2020-06-21,VG,British Virgin Islands,AMRO,0.0,8,0.0,1
2020-06-28,VG,British Virgin Islands,AMRO,0.0,8,0.0,1
2020-07-05,VG,British Virgin Islands,AMRO,0.0,8,0.0,1
2020-07-12,VG,British Virgin Islands,AMRO,0.0,8,0.0,1
2020-07-19,VG,British Virgin Islands,AMRO,0.0,8,0.0,1
2020-07-26,VG,British Virgin Islands,AMRO,0.0,8,0.0,1
2020-08-02,VG,British Virgin Islands,AMRO,0.0,8,0.0,1
2020-08-09,VG,British Virgin Islands,AMRO,1.0,9,0.0,1
2020-08-16,VG,British Virgin Islands,AMRO,0.0,9,0.0,1
2020-08-23,VG,British Virgin Islands,AMRO,12.0,21,0.0,1
2020-08-30,VG,British Virgin Islands,AMRO,14.0,35,0.0,1
2020-09-06,VG,British Virgin Islands,AMRO,28.0,63,0.0,1
2020-09-13,VG,British Virgin Islands,AMRO,3.0,66,0.0,1
2020-09-20,VG,British Virgin Islands,AMRO,5.0,71,0.0,1
2020-09-27,VG,British Virgin Islands,AMRO,0.0,71,0.0,1
2020-10-04,VG,British Virgin Islands,AMRO,0.0,71,0.0,1
2020-10-11,VG,British Virgin Islands,AMRO,0.0,71,0.0,1
2020-10-18,VG,British Virgin Islands,AMRO,1.0,72,0.0,1
2020-10-25,VG,British Virgin Islands,AMRO,0.0,72,0.0,1
2020-11-01,VG,British Virgin Islands,AMRO,0.0,72,0.0,1
2020-11-08,VG,British Virgin Islands,AMRO,0.0,72,0.0,1
2020-11-15,VG,British Virgin Islands,AMRO,0.0,72,0.0,1
2020-11-22,VG,British Virgin Islands,AMRO,0.0,72,0.0,1
2020-11-29,VG,British Virgin Islands,AMRO,0.0,72,0.0,1
2020-12-06,VG,British Virgin Islands,AMRO,1.0,73,0.0,1
2020-12-13,VG,British Virgin Islands,AMRO,3.0,76,0.0,1
2020-12-20,VG,British Virgin Islands,AMRO,10.0,86,0.0,1
2020-12-27,VG,British Virgin Islands,AMRO,7.0,93,0.0,1
2021-01-03,VG,British Virgin Islands,AMRO,0.0,93,0.0,1
2021-01-10,VG,British Virgin Islands,AMRO,21.0,114,0.0,1
2021-01-17,VG,British Virgin Islands,AMRO,7.0,121,0.0,1
2021-01-24,VG,British Virgin Islands,AMRO,16.0,137,0.0,1
2021-01-31,VG,British Virgin Islands,AMRO,4.0,141,0.0,1
2021-02-07,VG,British Virgin Islands,AMRO,0.0,141,0.0,1
2021-02-14,VG,British Virgin Islands,AMRO,10.0,151,0.0,1
2021-02-21,VG,British Virgin Islands,AMRO,2.0,153,0.0,1
2021-02-28,VG,British Virgin Islands,AMRO,0.0,153,0.0,1
2021-03-07,VG,British Virgin Islands,AMRO,1.0,154,0.0,1
2021-03-14,VG,British Virgin Islands,AMRO,0.0,154,0.0,1
2021-03-21,VG,British Virgin Islands,AMRO,0.0,154,0.0,1
2021-03-28,VG,British Virgin Islands,AMRO,0.0,154,0.0,1
2021-04-04,VG,British Virgin Islands,AMRO,0.0,154,0.0,1
2021-04-11,VG,British Virgin Islands,AMRO,24.0,178,0.0,1
2021-04-18,VG,British Virgin Islands,AMRO,9.0,187,0.0,1
2021-04-25,VG,British Virgin Islands,AMRO,7.0,194,0.0,1
2021-05-02,VG,British Virgin Islands,AMRO,0.0,194,0.0,1
2021-05-09,VG,British Virgin Islands,AMRO,25.0,219,0.0,1
2021-05-16,VG,British Virgin Islands,AMRO,29.0,248,0.0,1
2021-05-23,VG,British Virgin Islands,AMRO,0.0,248,0.0,1
2021-05-30,VG,British Virgin Islands,AMRO,41.0,289,0.0,1
2021-06-06,VG,British Virgin Islands,AMRO,0.0,289,0.0,1
2021-06-13,VG,British Virgin Islands,AMRO,6.0,295,0.0,1
2021-06-20,VG,British Virgin Islands,AMRO,0.0,295,0.0,1
2021-06-27,VG,British Virgin Islands,AMRO,3.0,298,0.0,1
2021-07-04,VG,British Virgin Islands,AMRO,158.0,456,0.0,1
2021-07-11,VG,British Virgin Islands,AMRO,691.0,1147,2.0,3
2021-07-18,VG,British Virgin Islands,AMRO,877.0,2024,9.0,12
2021-07-25,VG,British Virgin Islands,AMRO,365.0,2389,13.0,25
2021-08-01,VG,British Virgin Islands,AMRO,111.0,2500,6.0,31
2021-08-08,VG,British Virgin Islands,AMRO,32.0,2532,6.0,37
2021-08-15,VG,British Virgin Islands,AMRO,20.0,2552,0.0,37
2021-08-22,VG,British Virgin Islands,AMRO,16.0,2568,0.0,37
2021-08-29,VG,British Virgin Islands,AMRO,0.0,2568,0.0,37
2021-09-05,VG,British Virgin Islands,AMRO,72.0,2640,0.0,37
2021-09-12,VG,British Virgin Islands,AMRO,2.0,2642,0.0,37
2021-09-19,VG,British Virgin Islands,AMRO,0.0,2642,0.0,37
2021-09-26,VG,British Virgin Islands,AMRO,34.0,2676,0.0,37
2021-10-03,VG,British Virgin Islands,AMRO,42.0,2718,0.0,37
2021-10-10,VG,British Virgin Islands,AMRO,7.0,2725,0.0,37
2021-10-17,VG,British Virgin Islands,AMRO,0.0,2725,0.0,37
2021-10-24,VG,British Virgin Islands,AMRO,0.0,2725,0.0,37
2021-10-31,VG,British Virgin Islands,AMRO,0.0,2725,0.0,37
2021-11-07,VG,British Virgin Islands,AMRO,0.0,2725,0.0,37
2021-11-14,VG,British Virgin Islands,AMRO,20.0,2745,1.0,38
2021-11-21,VG,British Virgin Islands,AMRO,20.0,2765,0.0,38
2021-11-28,VG,British Virgin Islands,AMRO,8.0,2773,0.0,38
2021-12-05,VG,British Virgin Islands,AMRO,43.0,2816,0.0,38
2021-12-12,VG,British Virgin Islands,AMRO,26.0,2842,1.0,39
2021-12-19,VG,British Virgin Islands,AMRO,44.0,2886,0.0,39
2021-12-26,VG,British Virgin Islands,AMRO,185.0,3071,0.0,39
2022-01-02,VG,British Virgin Islands,AMRO,421.0,3492,0.0,39
2022-01-09,VG,British Virgin Islands,AMRO,715.0,4207,1.0,40
2022-01-16,VG,British Virgin Islands,AMRO,1048.0,5255,2.0,42
2022-01-23,VG,British Virgin Islands,AMRO,394.0,5649,5.0,47
2022-01-30,VG,British Virgin Islands,AMRO,226.0,5875,2.0,49
2022-02-06,VG,British Virgin Islands,AMRO,53.0,5928,2.0,51
2022-02-13,VG,British Virgin Islands,AMRO,69.0,5997,10.0,61
2022-02-20,VG,British Virgin Islands,AMRO,53.0,6050,1.0,62
2022-02-27,VG,British Virgin Islands,AMRO,35.0,6085,0.0,62
2022-03-06,VG,British Virgin Islands,AMRO,6.0,6091,0.0,62
2022-03-13,VG,British Virgin Islands,AMRO,0.0,6091,0.0,62
2022-03-20,VG,British Virgin Islands,AMRO,13.0,6104,0.0,62
2022-03-27,VG,British Virgin Islands,AMRO,0.0,6104,0.0,62
2022-04-03,VG,British Virgin Islands,AMRO,37.0,6141,0.0,62
2022-04-10,VG,British Virgin Islands,AMRO,21.0,6162,0.0,62
2022-04-17,VG,British Virgin Islands,AMRO,0.0,6162,0.0,62
2022-04-24,VG,British Virgin Islands,AMRO,134.0,6296,0.0,62
2022-05-01,VG,British Virgin Islands,AMRO,59.0,6355,0.0,62
2022-05-08,VG,British Virgin Islands,AMRO,0.0,6355,0.0,62
2022-05-15,VG,British Virgin Islands,AMRO,218.0,6573,0.0,62
2022-05-22,VG,British Virgin Islands,AMRO,117.0,6690,0.0,62
2022-05-29,VG,British Virgin Islands,AMRO,0.0,6690,0.0,62
2022-06-05,VG,British Virgin Islands,AMRO,75.0,6765,0.0,62
2022-06-12,VG,British Virgin Islands,AMRO,137.0,6902,1.0,63
2022-06-19,VG,British Virgin Islands,AMRO,0.0,6902,0.0,63
2022-06-26,VG,British Virgin Islands,AMRO,39.0,6941,0.0,63
2022-07-03,VG,British Virgin Islands,AMRO,0.0,6941,0.0,63
2022-07-10,VG,British Virgin Islands,AMRO,0.0,6941,0.0,63
2022-07-17,VG,British Virgin Islands,AMRO,190.0,7131,0.0,63
2022-07-24,VG,British Virgin Islands,AMRO,0.0,7131,0.0,63
2022-07-31,VG,British Virgin Islands,AMRO,0.0,7131,0.0,63
2022-08-07,VG,British Virgin Islands,AMRO,0.0,7131,0.0,63
2022-08-14,VG,British Virgin Islands,AMRO,0.0,7131,0.0,63
2022-08-21,VG,British Virgin Islands,AMRO,0.0,7131,0.0,63
2022-08-28,VG,British Virgin Islands,AMRO,0.0,7131,0.0,63
2022-09-04,VG,British Virgin Islands,AMRO,160.0,7291,1.0,64
2022-09-11,VG,British Virgin Islands,AMRO,14.0,7305,0.0,64
2022-09-18,VG,British Virgin Islands,AMRO,0.0,7305,0.0,64
2022-09-25,VG,British Virgin Islands,AMRO,0.0,7305,0.0,64
2022-10-02,VG,British Virgin Islands,AMRO,0.0,7305,0.0,64
2022-10-09,VG,British Virgin Islands,AMRO,0.0,7305,0.0,64
2022-10-16,VG,British Virgin Islands,AMRO,0.0,7305,0.0,64
2022-10-23,VG,British Virgin Islands,AMRO,0.0,7305,0.0,64
2022-10-30,VG,British Virgin Islands,AMRO,0.0,7305,0.0,64
2022-11-06,VG,British Virgin Islands,AMRO,0.0,7305,0.0,64
2022-11-13,VG,British Virgin Islands,AMRO,0.0,7305,0.0,64
2022-11-20,VG,British Virgin Islands,AMRO,0.0,7305,0.0,64
2022-11-27,VG,British Virgin Islands,AMRO,0.0,7305,0.0,64
2022-12-04,VG,British Virgin Islands,AMRO,0.0,7305,0.0,64
2022-12-11,VG,British Virgin Islands,AMRO,0.0,7305,0.0,64
2022-12-18,VG,British Virgin Islands,AMRO,0.0,7305,0.0,64
2022-12-25,VG,British Virgin Islands,AMRO,0.0,7305,0.0,64
2023-01-01,VG,British Virgin Islands,AMRO,0.0,7305,0.0,64
2023-01-08,VG,British Virgin Islands,AMRO,0.0,7305,0.0,64
2023-01-15,VG,British Virgin Islands,AMRO,0.0,7305,0.0,64
2023-01-22,VG,British Virgin Islands,AMRO,0.0,7305,0.0,64
2023-01-29,VG,British Virgin Islands,AMRO,0.0,7305,0.0,64
2023-02-05,VG,British Virgin Islands,AMRO,0.0,7305,0.0,64
2023-02-12,VG,British Virgin Islands,AMRO,0.0,7305,0.0,64
2023-02-19,VG,British Virgin Islands,AMRO,0.0,7305,0.0,64
2023-02-26,VG,British Virgin Islands,AMRO,0.0,7305,0.0,64
2023-03-05,VG,British Virgin Islands,AMRO,0.0,7305,0.0,64
2023-03-12,VG,British Virgin Islands,AMRO,0.0,7305,0.0,64
2023-03-19,VG,British Virgin Islands,AMRO,0.0,7305,0.0,64
2023-03-26,VG,British Virgin Islands,AMRO,0.0,7305,0.0,64
2023-04-02,VG,British Virgin Islands,AMRO,0.0,7305,0.0,64
2023-04-09,VG,British Virgin Islands,AMRO,0.0,7305,0.0,64
2023-04-16,VG,British Virgin Islands,AMRO,0.0,7305,0.0,64
2023-04-23,VG,British Virgin Islands,AMRO,0.0,7305,0.0,64
2023-04-30,VG,British Virgin Islands,AMRO,0.0,7305,0.0,64
2023-05-07,VG,British Virgin Islands,AMRO,0.0,7305,0.0,64
2023-05-14,VG,British Virgin Islands,AMRO,0.0,7305,0.0,64
2023-05-21,VG,British Virgin Islands,AMRO,1.0,7306,0.0,64
2023-05-28,VG,British Virgin Islands,AMRO,0.0,7306,0.0,64
2023-06-04,VG,British Virgin Islands,AMRO,0.0,7306,0.0,64
2023-06-11,VG,British Virgin Islands,AMRO,13.0,7319,0.0,64
2023-06-18,VG,British Virgin Islands,AMRO,4.0,7323,0.0,64
2023-06-25,VG,British Virgin Islands,AMRO,7.0,7330,0.0,64
2023-07-02,VG,British Virgin Islands,AMRO,2.0,7332,0.0,64
2023-07-09,VG,British Virgin Islands,AMRO,0.0,7332,0.0,64
2023-07-16,VG,British Virgin Islands,AMRO,8.0,7340,0.0,64
2023-07-23,VG,British Virgin Islands,AMRO,5.0,7345,0.0,64
2023-07-30,VG,British Virgin Islands,AMRO,2.0,7347,0.0,64
2023-08-06,VG,British Virgin Islands,AMRO,3.0,7350,0.0,64
2023-08-13,VG,British Virgin Islands,AMRO,0.0,7350,0.0,64
2023-08-20,VG,British Virgin Islands,AMRO,12.0,7362,0.0,64
2023-08-27,VG,British Virgin Islands,AMRO,1.0,7363,0.0,64
2023-09-03,VG,British Virgin Islands,AMRO,9.0,7372,0.0,64
2023-09-10,VG,British Virgin Islands,AMRO,1.0,7373,0.0,64
2023-09-17,VG,British Virgin Islands,AMRO,8.0,7381,0.0,64
2023-09-24,VG,British Virgin Islands,AMRO,6.0,7387,0.0,64
2023-10-01,VG,British Virgin Islands,AMRO,3.0,7390,0.0,64
2023-10-08,VG,British Virgin Islands,AMRO,2.0,7392,0.0,64
2023-10-15,VG,British Virgin Islands,AMRO,1.0,7393,0.0,64
2023-10-22,VG,British Virgin Islands,AMRO,5.0,7398,0.0,64
2023-10-29,VG,British Virgin Islands,AMRO,2.0,7400,0.0,64
2023-11-05,VG,British Virgin Islands,AMRO,2.0,7402,0.0,64
2023-11-12,VG,British Virgin Islands,AMRO,2.0,7404,0.0,64
2023-11-19,VG,British Virgin Islands,AMRO,2.0,7406,0.0,64
2023-11-26,VG,British Virgin Islands,AMRO,4.0,7410,0.0,64
2023-12-03,VG,British Virgin Islands,AMRO,5.0,7415,0.0,64
2023-12-10,VG,British Virgin Islands,AMRO,1.0,7416,0.0,64
2023-12-17,VG,British Virgin Islands,AMRO,2.0,7418,0.0,64
2023-12-24,VG,British Virgin Islands,AMRO,1.0,7419,0.0,64
2023-12-31,VG,British Virgin Islands,AMRO,1.0,7420,0.0,64
2024-01-07,VG,British Virgin Islands,AMRO,0.0,7420,0.0,64
2024-01-14,VG,British Virgin Islands,AMRO,0.0,7420,0.0,64
2024-01-21,VG,British Virgin Islands,AMRO,0.0,7420,0.0,64
2024-01-28,VG,British Virgin Islands,AMRO,0.0,7420,0.0,64
2024-02-04,VG,British Virgin Islands,AMRO,0.0,7420,0.0,64
2024-02-11,VG,British Virgin Islands,AMRO,0.0,7420,0.0,64
2024-02-18,VG,British Virgin Islands,AMRO,0.0,7420,0.0,64
2024-02-25,VG,British Virgin Islands,AMRO,0.0,7420,0.0,64
2024-03-03,VG,British Virgin Islands,AMRO,0.0,7420,0.0,64
2024-03-10,VG,British Virgin Islands,AMRO,0.0,7420,0.0,64
2024-03-17,VG,British Virgin Islands,AMRO,0.0,7420,0.0,64
2024-03-24,VG,British Virgin Islands,AMRO,0.0,7420,0.0,64
2024-03-31,VG,British Virgin Islands,AMRO,0.0,7420,0.0,64
2024-04-07,VG,British Virgin Islands,AMRO,0.0,7420,0.0,64
2024-04-14,VG,British Virgin Islands,AMRO,0.0,7420,0.0,64
2024-04-21,VG,British Virgin Islands,AMRO,0.0,7420,0.0,64
2024-04-28,VG,British Virgin Islands,AMRO,0.0,7420,0.0,64
