Date_reported,Country_code,Country,WHO_region,New_cases,Cumulative_cases,New_deaths,Cumulative_deaths
2020-12-06,WS,Samoa,WPRO,1.0,1,0.0,0
2020-12-13,WS,Samoa,WPRO,0.0,1,0.0,0
2020-12-20,WS,Samoa,WPRO,0.0,1,0.0,0
2020-12-27,WS,Samoa,WPRO,0.0,1,0.0,0
2021-01-03,WS,Samoa,WPRO,0.0,1,0.0,0
2021-01-10,WS,Samoa,WPRO,0.0,1,0.0,0
2021-01-17,WS,Samoa,WPRO,0.0,1,0.0,0
2021-01-24,WS,Samoa,WPRO,0.0,1,0.0,0
2021-01-31,WS,Samoa,WPRO,0.0,1,0.0,0
2021-02-07,WS,Samoa,WPRO,0.0,1,0.0,0
2021-02-14,WS,Samoa,WPRO,0.0,1,0.0,0
2021-02-21,WS,Samoa,WPRO,0.0,1,0.0,0
2021-02-28,WS,Samoa,WPRO,0.0,1,0.0,0
2021-03-07,WS,Samoa,WPRO,0.0,1,0.0,0
2021-03-14,WS,Samoa,WPRO,0.0,1,0.0,0
2021-03-21,WS,Samoa,WPRO,0.0,1,0.0,0
2021-03-28,WS,Samoa,WPRO,0.0,1,0.0,0
2021-04-04,WS,Samoa,WPRO,0.0,1,0.0,0
2021-04-11,WS,Samoa,WPRO,0.0,1,0.0,0
2021-04-18,WS,Samoa,WPRO,0.0,1,0.0,0
2021-04-25,WS,Samoa,WPRO,0.0,1,0.0,0
2021-05-02,WS,Samoa,WPRO,0.0,1,0.0,0
2021-05-09,WS,Samoa,WPRO,0.0,1,0.0,0
2021-05-16,WS,Samoa,WPRO,0.0,1,0.0,0
2021-05-23,WS,Samoa,WPRO,0.0,1,0.0,0
2021-05-30,WS,Samoa,WPRO,0.0,1,0.0,0
2021-06-06,WS,Samoa,WPRO,0.0,1,0.0,0
2021-06-13,WS,Samoa,WPRO,0.0,1,0.0,0
2021-06-20,WS,Samoa,WPRO,0.0,1,0.0,0
2021-06-27,WS,Samoa,WPRO,0.0,1,0.0,0
2021-07-04,WS,Samoa,WPRO,0.0,1,0.0,0
2021-07-11,WS,Samoa,WPRO,0.0,1,0.0,0
2021-07-18,WS,Samoa,WPRO,0.0,1,0.0,0
2021-07-25,WS,Samoa,WPRO,0.0,1,0.0,0
2021-08-01,WS,Samoa,WPRO,0.0,1,0.0,0
2021-08-08,WS,Samoa,WPRO,0.0,1,0.0,0
2021-08-15,WS,Samoa,WPRO,0.0,1,0.0,0
2021-08-22,WS,Samoa,WPRO,0.0,1,0.0,0
2021-08-29,WS,Samoa,WPRO,0.0,1,0.0,0
2021-09-05,WS,Samoa,WPRO,0.0,1,0.0,0
2021-09-12,WS,Samoa,WPRO,0.0,1,0.0,0
2021-09-19,WS,Samoa,WPRO,0.0,1,0.0,0
2021-09-26,WS,Samoa,WPRO,0.0,1,0.0,0
2021-10-03,WS,Samoa,WPRO,0.0,1,0.0,0
2021-10-10,WS,Samoa,WPRO,0.0,1,0.0,0
2021-10-17,WS,Samoa,WPRO,0.0,1,0.0,0
2021-10-24,WS,Samoa,WPRO,0.0,1,0.0,0
2021-10-31,WS,Samoa,WPRO,0.0,1,0.0,0
2021-11-07,WS,Samoa,WPRO,0.0,1,0.0,0
2021-11-14,WS,Samoa,WPRO,0.0,1,0.0,0
2021-11-21,WS,Samoa,WPRO,0.0,1,0.0,0
2021-11-28,WS,Samoa,WPRO,0.0,1,0.0,0
2021-12-05,WS,Samoa,WPRO,0.0,1,0.0,0
2021-12-12,WS,Samoa,WPRO,0.0,1,0.0,0
2021-12-19,WS,Samoa,WPRO,1.0,2,0.0,0
2021-12-26,WS,Samoa,WPRO,0.0,2,0.0,0
2022-01-02,WS,Samoa,WPRO,0.0,2,0.0,0
2022-01-09,WS,Samoa,WPRO,0.0,2,0.0,0
2022-01-16,WS,Samoa,WPRO,0.0,2,0.0,0
2022-01-23,WS,Samoa,WPRO,15.0,17,0.0,0
2022-01-30,WS,Samoa,WPRO,15.0,32,0.0,0
2022-02-06,WS,Samoa,WPRO,1.0,33,0.0,0
2022-02-13,WS,Samoa,WPRO,0.0,33,0.0,0
2022-02-20,WS,Samoa,WPRO,0.0,33,0.0,0
2022-02-27,WS,Samoa,WPRO,0.0,33,0.0,0
2022-03-06,WS,Samoa,WPRO,0.0,33,0.0,0
2022-03-13,WS,Samoa,WPRO,15.0,48,0.0,0
2022-03-20,WS,Samoa,WPRO,181.0,229,0.0,0
2022-03-27,WS,Samoa,WPRO,1058.0,1287,0.0,0
2022-04-03,WS,Samoa,WPRO,1500.0,2787,2.0,2
2022-04-10,WS,Samoa,WPRO,1166.0,3953,5.0,7
2022-04-17,WS,Samoa,WPRO,427.0,4380,2.0,9
2022-04-24,WS,Samoa,WPRO,3092.0,7472,4.0,13
2022-05-01,WS,Samoa,WPRO,2408.0,9880,6.0,19
2022-05-08,WS,Samoa,WPRO,1067.0,10947,1.0,20
2022-05-15,WS,Samoa,WPRO,1012.0,11959,4.0,24
2022-05-22,WS,Samoa,WPRO,711.0,12670,1.0,25
2022-05-29,WS,Samoa,WPRO,998.0,13668,0.0,25
2022-06-05,WS,Samoa,WPRO,544.0,14212,2.0,27
2022-06-12,WS,Samoa,WPRO,498.0,14710,1.0,28
2022-06-19,WS,Samoa,WPRO,350.0,15060,0.0,28
2022-06-26,WS,Samoa,WPRO,71.0,15131,1.0,29
2022-07-03,WS,Samoa,WPRO,121.0,15252,0.0,29
2022-07-10,WS,Samoa,WPRO,88.0,15340,0.0,29
2022-07-17,WS,Samoa,WPRO,131.0,15471,0.0,29
2022-07-24,WS,Samoa,WPRO,135.0,15606,0.0,29
2022-07-31,WS,Samoa,WPRO,87.0,15693,0.0,29
2022-08-07,WS,Samoa,WPRO,0.0,15693,0.0,29
2022-08-14,WS,Samoa,WPRO,0.0,15693,0.0,29
2022-08-21,WS,Samoa,WPRO,298.0,15991,0.0,29
2022-08-28,WS,Samoa,WPRO,64.0,16055,0.0,29
2022-09-04,WS,Samoa,WPRO,122.0,16177,0.0,29
2022-09-11,WS,Samoa,WPRO,36.0,16213,0.0,29
2022-09-18,WS,Samoa,WPRO,9.0,16222,0.0,29
2022-09-25,WS,Samoa,WPRO,0.0,16222,0.0,29
2022-10-02,WS,Samoa,WPRO,8.0,16230,0.0,29
2022-10-09,WS,Samoa,WPRO,0.0,16230,0.0,29
2022-10-16,WS,Samoa,WPRO,0.0,16230,0.0,29
2022-10-23,WS,Samoa,WPRO,4.0,16234,0.0,29
2022-10-30,WS,Samoa,WPRO,0.0,16234,0.0,29
2022-11-06,WS,Samoa,WPRO,3.0,16237,0.0,29
2022-11-13,WS,Samoa,WPRO,0.0,16237,0.0,29
2022-11-20,WS,Samoa,WPRO,15.0,16252,0.0,29
2022-11-27,WS,Samoa,WPRO,3.0,16255,0.0,29
2022-12-04,WS,Samoa,WPRO,3.0,16258,0.0,29
2022-12-11,WS,Samoa,WPRO,5.0,16263,0.0,29
2022-12-18,WS,Samoa,WPRO,7.0,16270,0.0,29
2022-12-25,WS,Samoa,WPRO,0.0,16270,0.0,29
2023-01-01,WS,Samoa,WPRO,9.0,16279,0.0,29
2023-01-08,WS,Samoa,WPRO,0.0,16279,0.0,29
2023-01-15,WS,Samoa,WPRO,17.0,16296,0.0,29
2023-01-22,WS,Samoa,WPRO,14.0,16310,0.0,29
2023-01-29,WS,Samoa,WPRO,83.0,16393,0.0,29
2023-02-05,WS,Samoa,WPRO,4.0,16397,0.0,29
2023-02-12,WS,Samoa,WPRO,5.0,16402,0.0,29
2023-02-19,WS,Samoa,WPRO,13.0,16415,0.0,29
2023-02-26,WS,Samoa,WPRO,3.0,16418,0.0,29
2023-03-05,WS,Samoa,WPRO,9.0,16427,0.0,29
2023-03-12,WS,Samoa,WPRO,0.0,16427,2.0,31
2023-03-19,WS,Samoa,WPRO,246.0,16673,0.0,31
2023-03-26,WS,Samoa,WPRO,2.0,16675,0.0,31
2023-04-02,WS,Samoa,WPRO,0.0,16675,0.0,31
2023-04-09,WS,Samoa,WPRO,62.0,16737,0.0,31
2023-04-16,WS,Samoa,WPRO,0.0,16737,0.0,31
2023-04-23,WS,Samoa,WPRO,0.0,16737,0.0,31
2023-04-30,WS,Samoa,WPRO,20.0,16757,0.0,31
2023-05-07,WS,Samoa,WPRO,6.0,16763,0.0,31
2023-05-14,WS,Samoa,WPRO,0.0,16763,0.0,31
2023-05-21,WS,Samoa,WPRO,0.0,16763,0.0,31
2023-05-28,WS,Samoa,WPRO,0.0,16763,0.0,31
2023-06-04,WS,Samoa,WPRO,-20.0,16743,0.0,31
2023-06-11,WS,Samoa,WPRO,0.0,16743,0.0,31
2023-06-18,WS,Samoa,WPRO,21.0,16764,0.0,31
2023-06-25,WS,Samoa,WPRO,7.0,16771,0.0,31
2023-07-02,WS,Samoa,WPRO,0.0,16771,0.0,31
2023-07-09,WS,Samoa,WPRO,4.0,16775,0.0,31
2023-07-16,WS,Samoa,WPRO,0.0,16775,0.0,31
2023-07-23,WS,Samoa,WPRO,0.0,16775,0.0,31
2023-07-30,WS,Samoa,WPRO,0.0,16775,0.0,31
2023-08-06,WS,Samoa,WPRO,0.0,16775,0.0,31
2023-08-13,WS,Samoa,WPRO,3.0,16778,0.0,31
2023-08-20,WS,Samoa,WPRO,0.0,16778,0.0,31
2023-08-27,WS,Samoa,WPRO,0.0,16778,0.0,31
2023-09-03,WS,Samoa,WPRO,0.0,16778,0.0,31
2023-09-10,WS,Samoa,WPRO,0.0,16778,0.0,31
2023-09-17,WS,Samoa,WPRO,0.0,16778,0.0,31
2023-09-24,WS,Samoa,WPRO,0.0,16778,0.0,31
2023-10-01,WS,Samoa,WPRO,0.0,16778,0.0,31
2023-10-08,WS,Samoa,WPRO,0.0,16778,0.0,31
2023-10-15,WS,Samoa,WPRO,0.0,16778,0.0,31
2023-10-22,WS,Samoa,WPRO,0.0,16778,0.0,31
2023-10-29,WS,Samoa,WPRO,0.0,16778,0.0,31
2023-11-05,WS,Samoa,WPRO,0.0,16778,0.0,31
2023-11-12,WS,Samoa,WPRO,0.0,16778,0.0,31
2023-11-19,WS,Samoa,WPRO,2.0,16780,0.0,31
2023-11-26,WS,Samoa,WPRO,182.0,16962,0.0,31
2023-12-03,WS,Samoa,WPRO,0.0,16962,0.0,31
2023-12-10,WS,Samoa,WPRO,0.0,16962,0.0,31
2023-12-17,WS,Samoa,WPRO,0.0,16962,0.0,31
2023-12-24,WS,Samoa,WPRO,0.0,16962,0.0,31
2023-12-31,WS,Samoa,WPRO,0.0,16962,0.0,31
2024-01-07,WS,Samoa,WPRO,0.0,16962,0.0,31
2024-01-14,WS,Samoa,WPRO,0.0,16962,0.0,31
2024-01-21,WS,Samoa,WPRO,0.0,16962,0.0,31
2024-01-28,WS,Samoa,WPRO,0.0,16962,0.0,31
2024-02-04,WS,Samoa,WPRO,74.0,17036,0.0,31
2024-02-11,WS,Samoa,WPRO,13.0,17049,0.0,31
2024-02-18,WS,Samoa,WPRO,4.0,17053,0.0,31
2024-02-25,WS,Samoa,WPRO,0.0,17053,0.0,31
2024-03-03,WS,Samoa,WPRO,4.0,17057,0.0,31
2024-03-10,WS,Samoa,WPRO,0.0,17057,0.0,31
2024-03-17,WS,Samoa,WPRO,0.0,17057,0.0,31
2024-03-24,WS,Samoa,WPRO,0.0,17057,0.0,31
2024-03-31,WS,Samoa,WPRO,0.0,17057,0.0,31
2024-04-07,WS,Samoa,WPRO,0.0,17057,0.0,31
2024-04-14,WS,Samoa,WPRO,0.0,17057,0.0,31
2024-04-21,WS,Samoa,WPRO,0.0,17057,0.0,31
2024-04-28,WS,Samoa,WPRO,0.0,17057,0.0,31
