Date_reported,Country_code,Country,WHO_region,New_cases,Cumulative_cases,New_deaths,Cumulative_deaths
2020-03-15,XK,Kosovo (in accordance with UN Security Council resolution 1244 (1999)),EURO,2.0,2,0.0,0
2020-03-22,XK,Kosovo (in accordance with UN Security Council resolution 1244 (1999)),EURO,29.0,31,1.0,1
2020-03-29,XK,Kosovo (in accordance with UN Security Council resolution 1244 (1999)),EURO,60.0,91,0.0,1
2020-04-05,XK,Kosovo (in accordance with UN Security Council resolution 1244 (1999)),EURO,49.0,140,0.0,1
2020-04-12,XK,Kosovo (in accordance with UN Security Council resolution 1244 (1999)),EURO,143.0,283,6.0,7
2020-04-19,XK,Kosovo (in accordance with UN Security Council resolution 1244 (1999)),EURO,227.0,510,6.0,13
2020-04-26,XK,Kosovo (in accordance with UN Security Council resolution 1244 (1999)),EURO,221.0,731,3.0,16
2020-05-03,XK,Kosovo (in accordance with UN Security Council resolution 1244 (1999)),EURO,92.0,823,1.0,17
2020-05-10,XK,Kosovo (in accordance with UN Security Council resolution 1244 (1999)),EURO,47.0,870,2.0,19
2020-05-17,XK,Kosovo (in accordance with UN Security Council resolution 1244 (1999)),EURO,74.0,944,1.0,20
2020-05-24,XK,Kosovo (in accordance with UN Security Council resolution 1244 (1999)),EURO,81.0,1025,0.0,20
2020-05-31,XK,Kosovo (in accordance with UN Security Council resolution 1244 (1999)),EURO,39.0,1064,1.0,21
2020-06-07,XK,Kosovo (in accordance with UN Security Council resolution 1244 (1999)),EURO,87.0,1151,0.0,21
2020-06-14,XK,Kosovo (in accordance with UN Security Council resolution 1244 (1999)),EURO,286.0,1437,2.0,23
2020-06-21,XK,Kosovo (in accordance with UN Security Council resolution 1244 (1999)),EURO,593.0,2030,2.0,25
2020-06-28,XK,Kosovo (in accordance with UN Security Council resolution 1244 (1999)),EURO,517.0,2547,12.0,37
2020-07-05,XK,Kosovo (in accordance with UN Security Council resolution 1244 (1999)),EURO,766.0,3313,17.0,54
2020-07-12,XK,Kosovo (in accordance with UN Security Council resolution 1244 (1999)),EURO,1359.0,4672,37.0,91
2020-07-19,XK,Kosovo (in accordance with UN Security Council resolution 1244 (1999)),EURO,902.0,5574,29.0,120
2020-07-26,XK,Kosovo (in accordance with UN Security Council resolution 1244 (1999)),EURO,1300.0,6874,39.0,159
2020-08-02,XK,Kosovo (in accordance with UN Security Council resolution 1244 (1999)),EURO,1637.0,8511,68.0,227
2020-08-09,XK,Kosovo (in accordance with UN Security Council resolution 1244 (1999)),EURO,1505.0,10016,78.0,305
2020-08-16,XK,Kosovo (in accordance with UN Security Council resolution 1244 (1999)),EURO,1216.0,11232,75.0,380
2020-08-23,XK,Kosovo (in accordance with UN Security Council resolution 1244 (1999)),EURO,1062.0,12294,67.0,447
2020-08-30,XK,Kosovo (in accordance with UN Security Council resolution 1244 (1999)),EURO,878.0,13172,51.0,498
2020-09-06,XK,Kosovo (in accordance with UN Security Council resolution 1244 (1999)),EURO,812.0,13984,48.0,546
2020-09-13,XK,Kosovo (in accordance with UN Security Council resolution 1244 (1999)),EURO,539.0,14523,33.0,579
2020-09-20,XK,Kosovo (in accordance with UN Security Council resolution 1244 (1999)),EURO,436.0,14959,22.0,601
2020-09-27,XK,Kosovo (in accordance with UN Security Council resolution 1244 (1999)),EURO,423.0,15382,8.0,609
2020-10-04,XK,Kosovo (in accordance with UN Security Council resolution 1244 (1999)),EURO,333.0,15715,11.0,620
2020-10-11,XK,Kosovo (in accordance with UN Security Council resolution 1244 (1999)),EURO,372.0,16087,15.0,635
2020-10-18,XK,Kosovo (in accordance with UN Security Council resolution 1244 (1999)),EURO,624.0,16711,7.0,642
2020-10-25,XK,Kosovo (in accordance with UN Security Council resolution 1244 (1999)),EURO,1003.0,17714,9.0,651
2020-11-01,XK,Kosovo (in accordance with UN Security Council resolution 1244 (1999)),EURO,2085.0,19799,20.0,671
2020-11-08,XK,Kosovo (in accordance with UN Security Council resolution 1244 (1999)),EURO,3583.0,23382,63.0,734
2020-11-15,XK,Kosovo (in accordance with UN Security Council resolution 1244 (1999)),EURO,5191.0,28573,65.0,799
2020-11-22,XK,Kosovo (in accordance with UN Security Council resolution 1244 (1999)),EURO,4972.0,33545,95.0,894
2020-11-29,XK,Kosovo (in accordance with UN Security Council resolution 1244 (1999)),EURO,4843.0,38388,85.0,979
2020-12-06,XK,Kosovo (in accordance with UN Security Council resolution 1244 (1999)),EURO,3906.0,42294,98.0,1077
2020-12-13,XK,Kosovo (in accordance with UN Security Council resolution 1244 (1999)),EURO,3781.0,46075,99.0,1176
2020-12-20,XK,Kosovo (in accordance with UN Security Council resolution 1244 (1999)),EURO,2564.0,48639,62.0,1238
2020-12-27,XK,Kosovo (in accordance with UN Security Council resolution 1244 (1999)),EURO,1723.0,50362,57.0,1295
2021-01-03,XK,Kosovo (in accordance with UN Security Council resolution 1244 (1999)),EURO,1326.0,51688,35.0,1330
2021-01-10,XK,Kosovo (in accordance with UN Security Council resolution 1244 (1999)),EURO,1792.0,53480,35.0,1365
2021-01-17,XK,Kosovo (in accordance with UN Security Council resolution 1244 (1999)),EURO,1975.0,55455,30.0,1395
2021-01-24,XK,Kosovo (in accordance with UN Security Council resolution 1244 (1999)),EURO,2201.0,57656,45.0,1440
2021-01-31,XK,Kosovo (in accordance with UN Security Council resolution 1244 (1999)),EURO,2235.0,59891,42.0,1482
2021-02-07,XK,Kosovo (in accordance with UN Security Council resolution 1244 (1999)),EURO,2075.0,61966,28.0,1510
2021-02-14,XK,Kosovo (in accordance with UN Security Council resolution 1244 (1999)),EURO,2086.0,64052,24.0,1534
2021-02-21,XK,Kosovo (in accordance with UN Security Council resolution 1244 (1999)),EURO,1887.0,65939,27.0,1561
2021-02-28,XK,Kosovo (in accordance with UN Security Council resolution 1244 (1999)),EURO,2821.0,68760,24.0,1585
2021-03-07,XK,Kosovo (in accordance with UN Security Council resolution 1244 (1999)),EURO,3697.0,72457,45.0,1630
2021-03-14,XK,Kosovo (in accordance with UN Security Council resolution 1244 (1999)),EURO,4188.0,76645,56.0,1686
2021-03-21,XK,Kosovo (in accordance with UN Security Council resolution 1244 (1999)),EURO,4704.0,81349,56.0,1742
2021-03-28,XK,Kosovo (in accordance with UN Security Council resolution 1244 (1999)),EURO,5675.0,87024,78.0,1820
2021-04-04,XK,Kosovo (in accordance with UN Security Council resolution 1244 (1999)),EURO,5908.0,92932,76.0,1896
2021-04-11,XK,Kosovo (in accordance with UN Security Council resolution 1244 (1999)),EURO,4492.0,97424,70.0,1966
2021-04-18,XK,Kosovo (in accordance with UN Security Council resolution 1244 (1999)),EURO,3686.0,101110,85.0,2051
2021-04-25,XK,Kosovo (in accordance with UN Security Council resolution 1244 (1999)),EURO,2662.0,103772,57.0,2108
2021-05-02,XK,Kosovo (in accordance with UN Security Council resolution 1244 (1999)),EURO,1560.0,105332,60.0,2168
2021-05-09,XK,Kosovo (in accordance with UN Security Council resolution 1244 (1999)),EURO,970.0,106302,25.0,2193
2021-05-16,XK,Kosovo (in accordance with UN Security Council resolution 1244 (1999)),EURO,498.0,106800,20.0,2213
2021-05-23,XK,Kosovo (in accordance with UN Security Council resolution 1244 (1999)),EURO,370.0,107170,16.0,2229
2021-05-30,XK,Kosovo (in accordance with UN Security Council resolution 1244 (1999)),EURO,169.0,107339,4.0,2233
2021-06-06,XK,Kosovo (in accordance with UN Security Council resolution 1244 (1999)),EURO,104.0,107443,1.0,2234
2021-06-13,XK,Kosovo (in accordance with UN Security Council resolution 1244 (1999)),EURO,85.0,107528,5.0,2239
2021-06-20,XK,Kosovo (in accordance with UN Security Council resolution 1244 (1999)),EURO,74.0,107602,2.0,2241
2021-06-27,XK,Kosovo (in accordance with UN Security Council resolution 1244 (1999)),EURO,80.0,107682,6.0,2247
2021-07-04,XK,Kosovo (in accordance with UN Security Council resolution 1244 (1999)),EURO,63.0,107745,3.0,2250
2021-07-11,XK,Kosovo (in accordance with UN Security Council resolution 1244 (1999)),EURO,54.0,107799,4.0,2254
2021-07-18,XK,Kosovo (in accordance with UN Security Council resolution 1244 (1999)),EURO,54.0,107853,0.0,2254
2021-07-25,XK,Kosovo (in accordance with UN Security Council resolution 1244 (1999)),EURO,96.0,107949,1.0,2255
2021-08-01,XK,Kosovo (in accordance with UN Security Council resolution 1244 (1999)),EURO,373.0,108322,1.0,2256
2021-08-08,XK,Kosovo (in accordance with UN Security Council resolution 1244 (1999)),EURO,1297.0,109619,5.0,2261
2021-08-15,XK,Kosovo (in accordance with UN Security Council resolution 1244 (1999)),EURO,5489.0,115108,9.0,2270
2021-08-22,XK,Kosovo (in accordance with UN Security Council resolution 1244 (1999)),EURO,12476.0,127584,35.0,2305
2021-08-29,XK,Kosovo (in accordance with UN Security Council resolution 1244 (1999)),EURO,13475.0,141059,107.0,2412
2021-09-05,XK,Kosovo (in accordance with UN Security Council resolution 1244 (1999)),EURO,10177.0,151236,183.0,2595
2021-09-12,XK,Kosovo (in accordance with UN Security Council resolution 1244 (1999)),EURO,5299.0,156535,167.0,2762
2021-09-19,XK,Kosovo (in accordance with UN Security Council resolution 1244 (1999)),EURO,2356.0,158891,117.0,2879
2021-09-26,XK,Kosovo (in accordance with UN Security Council resolution 1244 (1999)),EURO,859.0,159750,42.0,2921
2021-10-03,XK,Kosovo (in accordance with UN Security Council resolution 1244 (1999)),EURO,377.0,160127,28.0,2949
2021-10-10,XK,Kosovo (in accordance with UN Security Council resolution 1244 (1999)),EURO,184.0,160311,7.0,2956
2021-10-17,XK,Kosovo (in accordance with UN Security Council resolution 1244 (1999)),EURO,176.0,160487,7.0,2963
2021-10-24,XK,Kosovo (in accordance with UN Security Council resolution 1244 (1999)),EURO,92.0,160579,1.0,2964
2021-10-31,XK,Kosovo (in accordance with UN Security Council resolution 1244 (1999)),EURO,127.0,160706,2.0,2966
2021-11-07,XK,Kosovo (in accordance with UN Security Council resolution 1244 (1999)),EURO,104.0,160810,2.0,2968
2021-11-14,XK,Kosovo (in accordance with UN Security Council resolution 1244 (1999)),EURO,81.0,160891,2.0,2970
2021-11-21,XK,Kosovo (in accordance with UN Security Council resolution 1244 (1999)),EURO,65.0,160956,2.0,2972
2021-11-28,XK,Kosovo (in accordance with UN Security Council resolution 1244 (1999)),EURO,76.0,161032,1.0,2973
2021-12-05,XK,Kosovo (in accordance with UN Security Council resolution 1244 (1999)),EURO,57.0,161089,1.0,2974
2021-12-12,XK,Kosovo (in accordance with UN Security Council resolution 1244 (1999)),EURO,61.0,161150,3.0,2977
2021-12-19,XK,Kosovo (in accordance with UN Security Council resolution 1244 (1999)),EURO,65.0,161215,2.0,2979
2021-12-26,XK,Kosovo (in accordance with UN Security Council resolution 1244 (1999)),EURO,69.0,161284,0.0,2979
2022-01-02,XK,Kosovo (in accordance with UN Security Council resolution 1244 (1999)),EURO,204.0,161488,2.0,2981
2022-01-09,XK,Kosovo (in accordance with UN Security Council resolution 1244 (1999)),EURO,842.0,162330,0.0,2981
2022-01-16,XK,Kosovo (in accordance with UN Security Council resolution 1244 (1999)),EURO,2990.0,165320,3.0,2984
2022-01-23,XK,Kosovo (in accordance with UN Security Council resolution 1244 (1999)),EURO,13126.0,178446,3.0,2987
2022-01-30,XK,Kosovo (in accordance with UN Security Council resolution 1244 (1999)),EURO,23466.0,201912,15.0,3002
2022-02-06,XK,Kosovo (in accordance with UN Security Council resolution 1244 (1999)),EURO,14290.0,216202,25.0,3027
2022-02-13,XK,Kosovo (in accordance with UN Security Council resolution 1244 (1999)),EURO,6094.0,222296,31.0,3058
2022-02-20,XK,Kosovo (in accordance with UN Security Council resolution 1244 (1999)),EURO,2626.0,224922,30.0,3088
2022-02-27,XK,Kosovo (in accordance with UN Security Council resolution 1244 (1999)),EURO,1147.0,226069,14.0,3102
2022-03-06,XK,Kosovo (in accordance with UN Security Council resolution 1244 (1999)),EURO,467.0,226536,5.0,3107
2022-03-13,XK,Kosovo (in accordance with UN Security Council resolution 1244 (1999)),EURO,266.0,226802,7.0,3114
2022-03-20,XK,Kosovo (in accordance with UN Security Council resolution 1244 (1999)),EURO,248.0,227050,3.0,3117
2022-03-27,XK,Kosovo (in accordance with UN Security Council resolution 1244 (1999)),EURO,231.0,227281,3.0,3120
2022-04-03,XK,Kosovo (in accordance with UN Security Council resolution 1244 (1999)),EURO,209.0,227490,6.0,3126
2022-04-10,XK,Kosovo (in accordance with UN Security Council resolution 1244 (1999)),EURO,176.0,227666,2.0,3128
2022-04-17,XK,Kosovo (in accordance with UN Security Council resolution 1244 (1999)),EURO,129.0,227795,0.0,3128
2022-04-24,XK,Kosovo (in accordance with UN Security Council resolution 1244 (1999)),EURO,115.0,227910,0.0,3128
2022-05-01,XK,Kosovo (in accordance with UN Security Council resolution 1244 (1999)),EURO,120.0,228030,0.0,3128
2022-05-08,XK,Kosovo (in accordance with UN Security Council resolution 1244 (1999)),EURO,65.0,228095,0.0,3128
2022-05-15,XK,Kosovo (in accordance with UN Security Council resolution 1244 (1999)),EURO,80.0,228175,1.0,3129
2022-05-22,XK,Kosovo (in accordance with UN Security Council resolution 1244 (1999)),EURO,81.0,228256,0.0,3129
2022-05-29,XK,Kosovo (in accordance with UN Security Council resolution 1244 (1999)),EURO,49.0,228305,0.0,3129
2022-06-05,XK,Kosovo (in accordance with UN Security Council resolution 1244 (1999)),EURO,45.0,228350,0.0,3129
2022-06-12,XK,Kosovo (in accordance with UN Security Council resolution 1244 (1999)),EURO,37.0,228387,0.0,3129
2022-06-19,XK,Kosovo (in accordance with UN Security Council resolution 1244 (1999)),EURO,93.0,228480,0.0,3129
2022-06-26,XK,Kosovo (in accordance with UN Security Council resolution 1244 (1999)),EURO,199.0,228679,1.0,3130
2022-07-03,XK,Kosovo (in accordance with UN Security Council resolution 1244 (1999)),EURO,849.0,229528,0.0,3130
2022-07-10,XK,Kosovo (in accordance with UN Security Council resolution 1244 (1999)),EURO,1886.0,231414,3.0,3133
2022-07-17,XK,Kosovo (in accordance with UN Security Council resolution 1244 (1999)),EURO,4507.0,235921,4.0,3137
2022-07-24,XK,Kosovo (in accordance with UN Security Council resolution 1244 (1999)),EURO,8333.0,244254,13.0,3150
2022-07-31,XK,Kosovo (in accordance with UN Security Council resolution 1244 (1999)),EURO,9015.0,253269,10.0,3160
2022-08-07,XK,Kosovo (in accordance with UN Security Council resolution 1244 (1999)),EURO,7374.0,260643,5.0,3165
2022-08-14,XK,Kosovo (in accordance with UN Security Council resolution 1244 (1999)),EURO,5607.0,266250,9.0,3174
2022-08-21,XK,Kosovo (in accordance with UN Security Council resolution 1244 (1999)),EURO,3168.0,269418,5.0,3179
2022-08-28,XK,Kosovo (in accordance with UN Security Council resolution 1244 (1999)),EURO,1602.0,271020,3.0,3182
2022-09-04,XK,Kosovo (in accordance with UN Security Council resolution 1244 (1999)),EURO,617.0,271637,6.0,3188
2022-09-11,XK,Kosovo (in accordance with UN Security Council resolution 1244 (1999)),EURO,242.0,271879,1.0,3189
2022-09-18,XK,Kosovo (in accordance with UN Security Council resolution 1244 (1999)),EURO,69.0,271948,0.0,3189
2022-09-25,XK,Kosovo (in accordance with UN Security Council resolution 1244 (1999)),EURO,52.0,272000,0.0,3189
2022-10-02,XK,Kosovo (in accordance with UN Security Council resolution 1244 (1999)),EURO,32.0,272032,0.0,3189
2022-10-09,XK,Kosovo (in accordance with UN Security Council resolution 1244 (1999)),EURO,14.0,272046,1.0,3190
2022-10-16,XK,Kosovo (in accordance with UN Security Council resolution 1244 (1999)),EURO,30.0,272076,0.0,3190
2022-10-23,XK,Kosovo (in accordance with UN Security Council resolution 1244 (1999)),EURO,19.0,272095,1.0,3191
2022-10-30,XK,Kosovo (in accordance with UN Security Council resolution 1244 (1999)),EURO,22.0,272117,1.0,3192
2022-11-06,XK,Kosovo (in accordance with UN Security Council resolution 1244 (1999)),EURO,19.0,272136,0.0,3192
2022-11-13,XK,Kosovo (in accordance with UN Security Council resolution 1244 (1999)),EURO,17.0,272153,0.0,3192
2022-11-20,XK,Kosovo (in accordance with UN Security Council resolution 1244 (1999)),EURO,1.0,272154,0.0,3192
2022-11-27,XK,Kosovo (in accordance with UN Security Council resolution 1244 (1999)),EURO,11.0,272165,0.0,3192
2022-12-04,XK,Kosovo (in accordance with UN Security Council resolution 1244 (1999)),EURO,5.0,272170,0.0,3192
2022-12-11,XK,Kosovo (in accordance with UN Security Council resolution 1244 (1999)),EURO,4.0,272174,0.0,3192
2022-12-18,XK,Kosovo (in accordance with UN Security Council resolution 1244 (1999)),EURO,13.0,272187,0.0,3192
2022-12-25,XK,Kosovo (in accordance with UN Security Council resolution 1244 (1999)),EURO,18.0,272205,0.0,3192
2023-01-01,XK,Kosovo (in accordance with UN Security Council resolution 1244 (1999)),EURO,35.0,272240,0.0,3192
2023-01-08,XK,Kosovo (in accordance with UN Security Council resolution 1244 (1999)),EURO,52.0,272292,0.0,3192
2023-01-15,XK,Kosovo (in accordance with UN Security Council resolution 1244 (1999)),EURO,65.0,272357,0.0,3192
2023-01-22,XK,Kosovo (in accordance with UN Security Council resolution 1244 (1999)),EURO,75.0,272432,0.0,3192
2023-01-29,XK,Kosovo (in accordance with UN Security Council resolution 1244 (1999)),EURO,59.0,272491,0.0,3192
2023-02-05,XK,Kosovo (in accordance with UN Security Council resolution 1244 (1999)),EURO,74.0,272565,2.0,3194
2023-02-12,XK,Kosovo (in accordance with UN Security Council resolution 1244 (1999)),EURO,94.0,272659,0.0,3194
2023-02-19,XK,Kosovo (in accordance with UN Security Council resolution 1244 (1999)),EURO,127.0,272786,2.0,3196
2023-02-26,XK,Kosovo (in accordance with UN Security Council resolution 1244 (1999)),EURO,173.0,272959,1.0,3197
2023-03-05,XK,Kosovo (in accordance with UN Security Council resolution 1244 (1999)),EURO,200.0,273159,4.0,3201
2023-03-12,XK,Kosovo (in accordance with UN Security Council resolution 1244 (1999)),EURO,174.0,273333,0.0,3201
2023-03-19,XK,Kosovo (in accordance with UN Security Council resolution 1244 (1999)),EURO,173.0,273506,1.0,3202
2023-03-26,XK,Kosovo (in accordance with UN Security Council resolution 1244 (1999)),EURO,98.0,273604,0.0,3202
2023-04-02,XK,Kosovo (in accordance with UN Security Council resolution 1244 (1999)),EURO,85.0,273689,2.0,3204
2023-04-09,XK,Kosovo (in accordance with UN Security Council resolution 1244 (1999)),EURO,69.0,273758,1.0,3205
2023-04-16,XK,Kosovo (in accordance with UN Security Council resolution 1244 (1999)),EURO,34.0,273792,0.0,3205
2023-04-23,XK,Kosovo (in accordance with UN Security Council resolution 1244 (1999)),EURO,28.0,273820,1.0,3206
2023-04-30,XK,Kosovo (in accordance with UN Security Council resolution 1244 (1999)),EURO,26.0,273846,0.0,3206
2023-05-07,XK,Kosovo (in accordance with UN Security Council resolution 1244 (1999)),EURO,21.0,273867,0.0,3206
2023-05-14,XK,Kosovo (in accordance with UN Security Council resolution 1244 (1999)),EURO,11.0,273878,0.0,3206
2023-05-21,XK,Kosovo (in accordance with UN Security Council resolution 1244 (1999)),EURO,10.0,273888,0.0,3206
2023-05-28,XK,Kosovo (in accordance with UN Security Council resolution 1244 (1999)),EURO,11.0,273899,2.0,3208
2023-06-04,XK,Kosovo (in accordance with UN Security Council resolution 1244 (1999)),EURO,3.0,273902,0.0,3208
2023-06-11,XK,Kosovo (in accordance with UN Security Council resolution 1244 (1999)),EURO,4.0,273906,0.0,3208
2023-06-18,XK,Kosovo (in accordance with UN Security Council resolution 1244 (1999)),EURO,2.0,273908,1.0,3209
2023-06-25,XK,Kosovo (in accordance with UN Security Council resolution 1244 (1999)),EURO,0.0,273908,0.0,3209
2023-07-02,XK,Kosovo (in accordance with UN Security Council resolution 1244 (1999)),EURO,1.0,273909,0.0,3209
2023-07-09,XK,Kosovo (in accordance with UN Security Council resolution 1244 (1999)),EURO,3.0,273912,0.0,3209
2023-07-16,XK,Kosovo (in accordance with UN Security Council resolution 1244 (1999)),EURO,2.0,273914,0.0,3209
2023-07-23,XK,Kosovo (in accordance with UN Security Council resolution 1244 (1999)),EURO,0.0,273914,0.0,3209
2023-07-30,XK,Kosovo (in accordance with UN Security Council resolution 1244 (1999)),EURO,4.0,273918,0.0,3209
2023-08-06,XK,Kosovo (in accordance with UN Security Council resolution 1244 (1999)),EURO,0.0,273918,0.0,3209
